-0.300000,10.750354
-0.299450,10.755739
-0.298900,10.761152
-0.298350,10.766595
-0.297800,10.772063
-0.297250,10.777561
-0.296699,10.783086
-0.296149,10.788639
-0.295599,10.794220
-0.295049,10.799830
-0.294499,10.805467
-0.293949,10.811131
-0.293399,10.816825
-0.292849,10.822548
-0.292299,10.828300
-0.291749,10.834075
-0.291199,10.839880
-0.290648,10.845714
-0.290098,10.851576
-0.289548,10.857465
-0.288998,10.863382
-0.288448,10.869327
-0.287898,10.875299
-0.287348,10.881303
-0.286798,10.887330
-0.286248,10.893386
-0.285698,10.899470
-0.285148,10.905583
-0.284597,10.911722
-0.284047,10.917890
-0.283497,10.924084
-0.282947,10.930305
-0.282397,10.936556
-0.281847,10.942835
-0.281297,10.949138
-0.280747,10.955468
-0.280197,10.961825
-0.279647,10.968212
-0.279097,10.974624
-0.278546,10.981065
-0.277996,10.987531
-0.277446,10.994023
-0.276896,11.000542
-0.276346,11.007091
-0.275796,11.013662
-0.275246,11.020260
-0.274696,11.026886
-0.274146,11.033539
-0.273596,11.040216
-0.273046,11.046921
-0.272495,11.053649
-0.271945,11.060405
-0.271395,11.067186
-0.270845,11.073992
-0.270295,11.080822
-0.269745,11.087679
-0.269195,11.094563
-0.268645,11.101468
-0.268095,11.108399
-0.267545,11.115358
-0.266994,11.122337
-0.266444,11.129344
-0.265894,11.136373
-0.265344,11.143426
-0.264794,11.150502
-0.264244,11.157604
-0.263694,11.164729
-0.263144,11.171877
-0.262594,11.179048
-0.262044,11.186242
-0.261494,11.193460
-0.260943,11.200700
-0.260393,11.207962
-0.259843,11.215248
-0.259293,11.222555
-0.258743,11.229883
-0.258193,11.237235
-0.257643,11.244606
-0.257093,11.251999
-0.256543,11.259414
-0.255993,11.266850
-0.255443,11.274304
-0.254892,11.281784
-0.254342,11.289279
-0.253792,11.296797
-0.253242,11.304333
-0.252692,11.311890
-0.252142,11.319465
-0.251592,11.327059
-0.251042,11.334673
-0.250492,11.342305
-0.249942,11.349955
-0.249392,11.357625
-0.248841,11.365311
-0.248291,11.373016
-0.247741,11.380739
-0.247191,11.388478
-0.246641,11.396233
-0.246091,11.404005
-0.245541,11.411794
-0.244991,11.419599
-0.244441,11.427422
-0.243891,11.435256
-0.243341,11.443109
-0.242790,11.450975
-0.242240,11.458858
-0.241690,11.466754
-0.241140,11.474663
-0.240590,11.482589
-0.240040,11.490525
-0.239490,11.498476
-0.238940,11.506441
-0.238390,11.514419
-0.237840,11.522408
-0.237290,11.530408
-0.236739,11.538423
-0.236189,11.546448
-0.235639,11.554483
-0.235089,11.562532
-0.234539,11.570589
-0.233989,11.578657
-0.233439,11.586738
-0.232889,11.594826
-0.232339,11.602924
-0.231789,11.611032
-0.231239,11.619148
-0.230688,11.627273
-0.230138,11.635407
-0.229588,11.643547
-0.229038,11.651696
-0.228488,11.659851
-0.227938,11.668015
-0.227388,11.676186
-0.226838,11.684361
-0.226288,11.692543
-0.225738,11.700733
-0.225188,11.708927
-0.224637,11.717126
-0.224087,11.725329
-0.223537,11.733539
-0.222987,11.741752
-0.222437,11.749970
-0.221887,11.758191
-0.221337,11.766415
-0.220787,11.774642
-0.220237,11.782871
-0.219687,11.791102
-0.219137,11.799336
-0.218586,11.807572
-0.218036,11.815810
-0.217486,11.824050
-0.216936,11.832292
-0.216386,11.840531
-0.215836,11.848773
-0.215286,11.857015
-0.214736,11.865254
-0.214186,11.873496
-0.213636,11.881735
-0.213086,11.889974
-0.212535,11.898211
-0.211985,11.906447
-0.211435,11.914680
-0.210885,11.922914
-0.210335,11.931143
-0.209785,11.939367
-0.209235,11.947591
-0.208685,11.955811
-0.208135,11.964028
-0.207585,11.972239
-0.207035,11.980450
-0.206484,11.988654
-0.205934,11.996854
-0.205384,12.005047
-0.204834,12.013237
-0.204284,12.021422
-0.203734,12.029601
-0.203184,12.037775
-0.202634,12.045941
-0.202084,12.054102
-0.201534,12.062257
-0.200983,12.070403
-0.200433,12.078546
-0.199883,12.086678
-0.199333,12.094803
-0.198783,12.102921
-0.198233,12.111032
-0.197683,12.119136
-0.197133,12.127229
-0.196583,12.135316
-0.196033,12.143394
-0.195483,12.151462
-0.194932,12.159522
-0.194382,12.167572
-0.193832,12.175615
-0.193282,12.183647
-0.192732,12.191671
-0.192182,12.199683
-0.191632,12.207685
-0.191082,12.215680
-0.190532,12.223663
-0.189982,12.231635
-0.189432,12.239597
-0.188881,12.247550
-0.188331,12.255491
-0.187781,12.263422
-0.187231,12.271340
-0.186681,12.279251
-0.186131,12.287148
-0.185581,12.295034
-0.185031,12.302910
-0.184481,12.310776
-0.183931,12.318627
-0.183381,12.326470
-0.182830,12.334299
-0.182280,12.342118
-0.181730,12.349924
-0.181180,12.357720
-0.180630,12.365503
-0.180080,12.373277
-0.179530,12.381038
-0.178980,12.388785
-0.178430,12.396523
-0.177880,12.404249
-0.177330,12.411962
-0.176779,12.419666
-0.176229,12.427357
-0.175679,12.435035
-0.175129,12.442701
-0.174579,12.450356
-0.174029,12.458003
-0.173479,12.465635
-0.172929,12.473257
-0.172379,12.480868
-0.171829,12.488468
-0.171279,12.496056
-0.170728,12.503633
-0.170178,12.511198
-0.169628,12.518754
-0.169078,12.526298
-0.168528,12.533834
-0.167978,12.541354
-0.167428,12.548869
-0.166878,12.556371
-0.166328,12.563864
-0.165778,12.571347
-0.165228,12.578820
-0.164677,12.586285
-0.164127,12.593740
-0.163577,12.601184
-0.163027,12.608619
-0.162477,12.616046
-0.161927,12.623466
-0.161377,12.630875
-0.160827,12.638278
-0.160277,12.645673
-0.159727,12.653059
-0.159177,12.660438
-0.158626,12.667809
-0.158076,12.675175
-0.157526,12.682535
-0.156976,12.689885
-0.156426,12.697230
-0.155876,12.704570
-0.155326,12.711905
-0.154776,12.719235
-0.154226,12.726559
-0.153676,12.733879
-0.153126,12.741196
-0.152575,12.748508
-0.152025,12.755816
-0.151475,12.763121
-0.150925,12.770425
-0.150375,12.777724
-0.149825,12.785022
-0.149275,12.792317
-0.148725,12.799613
-0.148175,12.806911
-0.147625,12.814202
-0.147075,12.821497
-0.146524,12.828791
-0.145974,12.836087
-0.145424,12.843384
-0.144874,12.850682
-0.144324,12.857984
-0.143774,12.865286
-0.143224,12.872593
-0.142674,12.879903
-0.142124,12.887217
-0.141574,12.894536
-0.141024,12.901860
-0.140473,12.909191
-0.139923,12.916526
-0.139373,12.923871
-0.138823,12.931221
-0.138273,12.938580
-0.137723,12.945947
-0.137173,12.953321
-0.136623,12.960708
-0.136073,12.968103
-0.135523,12.975510
-0.134972,12.982928
-0.134422,12.990358
-0.133872,12.997799
-0.133322,13.005257
-0.132772,13.012723
-0.132222,13.020207
-0.131672,13.027706
-0.131122,13.035222
-0.130572,13.042753
-0.130022,13.050303
-0.129472,13.057869
-0.128921,13.065453
-0.128371,13.073057
-0.127821,13.080680
-0.127271,13.088326
-0.126721,13.095992
-0.126171,13.103680
-0.125621,13.111391
-0.125071,13.119124
-0.124521,13.126884
-0.123971,13.134668
-0.123421,13.142477
-0.122870,13.150313
-0.122320,13.158176
-0.121770,13.166069
-0.121220,13.173989
-0.120670,13.181940
-0.120120,13.189922
-0.119570,13.197935
-0.119020,13.205979
-0.118470,13.214056
-0.117920,13.222171
-0.117370,13.230316
-0.116819,13.238497
-0.116269,13.246715
-0.115719,13.254972
-0.115169,13.263267
-0.114619,13.271599
-0.114069,13.279973
-0.113519,13.288386
-0.112969,13.296843
-0.112419,13.305342
-0.111869,13.313882
-0.111319,13.322468
-0.110768,13.331100
-0.110218,13.339779
-0.109668,13.348503
-0.109118,13.357277
-0.108568,13.366098
-0.108018,13.374972
-0.107468,13.383895
-0.106918,13.392871
-0.106368,13.401899
-0.105818,13.410980
-0.105268,13.420116
-0.104717,13.429310
-0.104167,13.438559
-0.103617,13.447864
-0.103067,13.457232
-0.102517,13.466656
-0.101967,13.476143
-0.101417,13.485687
-0.100867,13.495300
-0.100317,13.504973
-0.099767,13.514710
-0.099217,13.524516
-0.098666,13.534384
-0.098116,13.544322
-0.097566,13.554328
-0.097016,13.564404
-0.096466,13.574551
-0.095916,13.584767
-0.095366,13.595057
-0.094816,13.605423
-0.094266,13.615861
-0.093716,13.626373
-0.093166,13.636963
-0.092615,13.647631
-0.092065,13.658377
-0.091515,13.669202
-0.090965,13.680107
-0.090415,13.691094
-0.089865,13.702161
-0.089315,13.713312
-0.088765,13.724548
-0.088215,13.735871
-0.087665,13.747277
-0.087115,13.758772
-0.086564,13.770353
-0.086014,13.782025
-0.085464,13.793783
-0.084914,13.805633
-0.084364,13.817577
-0.083814,13.829613
-0.083264,13.841740
-0.082714,13.853962
-0.082164,13.866281
-0.081614,13.878693
-0.081064,13.891203
-0.080513,13.903809
-0.079963,13.916513
-0.079413,13.929317
-0.078863,13.942223
-0.078313,13.955225
-0.077763,13.968332
-0.077213,13.981540
-0.076663,13.994850
-0.076113,14.008265
-0.075563,14.021783
-0.075013,14.035405
-0.074462,14.049133
-0.073912,14.062969
-0.073362,14.076909
-0.072812,14.090958
-0.072262,14.105114
-0.071712,14.119377
-0.071162,14.133751
-0.070612,14.148232
-0.070062,14.162827
-0.069512,14.177530
-0.068961,14.192343
-0.068411,14.207265
-0.067861,14.222301
-0.067311,14.237449
-0.066761,14.252708
-0.066211,14.268081
-0.065661,14.283566
-0.065111,14.299163
-0.064561,14.314874
-0.064011,14.330698
-0.063461,14.346635
-0.062910,14.362686
-0.062360,14.378850
-0.061810,14.395128
-0.061260,14.411519
-0.060710,14.428024
-0.060160,14.444644
-0.059610,14.461377
-0.059060,14.478222
-0.058510,14.495180
-0.057960,14.512253
-0.057410,14.529438
-0.056859,14.546733
-0.056309,14.564143
-0.055759,14.581664
-0.055209,14.599297
-0.054659,14.617040
-0.054109,14.634893
-0.053559,14.652859
-0.053009,14.670931
-0.052459,14.689115
-0.051909,14.707406
-0.051359,14.725802
-0.050808,14.744309
-0.050258,14.762921
-0.049708,14.781637
-0.049158,14.800459
-0.048608,14.819384
-0.048058,14.838411
-0.047508,14.857540
-0.046958,14.876773
-0.046408,14.896102
-0.045858,14.915531
-0.045308,14.935057
-0.044757,14.954679
-0.044207,14.974399
-0.043657,14.994210
-0.043107,15.014116
-0.042557,15.034108
-0.042007,15.054194
-0.041457,15.074368
-0.040907,15.094628
-0.040357,15.114976
-0.039807,15.135406
-0.039257,15.155918
-0.038706,15.176514
-0.038156,15.197185
-0.037606,15.217935
-0.037056,15.238761
-0.036506,15.259659
-0.035956,15.280629
-0.035406,15.301671
-0.034856,15.322778
-0.034306,15.343955
-0.033756,15.365192
-0.033206,15.386495
-0.032655,15.407856
-0.032105,15.429277
-0.031555,15.450753
-0.031005,15.472282
-0.030455,15.493865
-0.029905,15.515495
-0.029355,15.537171
-0.028805,15.558896
-0.028255,15.580661
-0.027705,15.602468
-0.027155,15.624311
-0.026604,15.646190
-0.026054,15.668101
-0.025504,15.678174
-0.024954,15.682545
-0.024404,15.686910
-0.023854,15.691274
-0.023304,15.695631
-0.022754,15.699988
-0.022204,15.704337
-0.021654,15.708679
-0.021104,15.713014
-0.020553,15.717340
-0.020003,15.721656
-0.019453,15.725962
-0.018903,15.730258
-0.018353,15.734540
-0.017803,15.738811
-0.017253,15.743064
-0.016703,15.747306
-0.016153,15.751532
-0.015603,15.755741
-0.015053,15.759931
-0.014502,15.764102
-0.013952,15.768255
-0.013402,15.772386
-0.012852,15.776498
-0.012302,15.780584
-0.011752,15.784651
-0.011202,15.788691
-0.010652,15.792706
-0.010102,15.796694
-0.009552,15.800658
-0.009002,15.804593
-0.008451,15.808500
-0.007901,15.812375
-0.007351,15.816220
-0.006801,15.820034
-0.006251,15.823816
-0.005701,15.827565
-0.005151,15.831281
-0.004601,15.834961
-0.004051,15.838606
-0.003501,15.842216
-0.002950,15.845784
-0.002400,15.849318
-0.001850,15.852812
-0.001300,15.856263
-0.000750,15.859676
-0.000200,15.863047
0.000350,15.866378
0.000900,15.869664
0.001450,15.872908
0.002000,15.876106
0.002550,15.879258
0.003101,15.882366
0.003651,15.885427
0.004201,15.888443
0.004751,15.891408
0.005301,15.894326
0.005851,15.897194
0.006401,15.900012
0.006951,15.902780
0.007501,15.905498
0.008051,15.908163
0.008601,15.910776
0.009152,15.913337
0.009702,15.915844
0.010252,15.918299
0.010802,15.920696
0.011352,15.923038
0.011902,15.925328
0.012452,15.927559
0.013002,15.929737
0.013552,15.931857
0.014102,15.933919
0.014652,15.935923
0.015203,15.937870
0.015753,15.939756
0.016303,15.936593
0.016853,15.912988
0.017403,15.889470
0.017953,15.866034
0.018503,15.842688
0.019053,15.819431
0.019603,15.796265
0.020153,15.773190
0.020703,15.750203
0.021254,15.727309
0.021804,15.704508
0.022354,15.681798
0.022904,15.659183
0.023454,15.636657
0.024004,15.614225
0.024554,15.591890
0.025104,15.569654
0.025654,15.547505
0.026204,15.525452
0.026754,15.503498
0.027305,15.481639
0.027855,15.459876
0.028405,15.438207
0.028955,15.416636
0.029505,15.395160
0.030055,15.373781
0.030605,15.352498
0.031155,15.331309
0.031705,15.310221
0.032255,15.289227
0.032805,15.268327
0.033356,15.247526
0.033906,15.226817
0.034456,15.206207
0.035006,15.185694
0.035556,15.165275
0.036106,15.144955
0.036656,15.124723
0.037206,15.104593
0.037756,15.084552
0.038306,15.064610
0.038856,15.044754
0.039407,15.025000
0.039957,15.005334
0.040507,14.985764
0.041057,14.966285
0.041607,14.946898
0.042157,14.927599
0.042707,14.908397
0.043257,14.889282
0.043807,14.870261
0.044357,14.851325
0.044907,14.832480
0.045458,14.813723
0.046008,14.795054
0.046558,14.776475
0.047108,14.757979
0.047658,14.739573
0.048208,14.721248
0.048758,14.703012
0.049308,14.684856
0.049858,14.666787
0.050408,14.648798
0.050958,14.630895
0.051509,14.613074
0.052059,14.595333
0.052609,14.577674
0.053159,14.560089
0.053709,14.542589
0.054259,14.525167
0.054809,14.507822
0.055359,14.490551
0.055909,14.473358
0.056459,14.456238
0.057010,14.439198
0.057560,14.422227
0.058110,14.405332
0.058660,14.388507
0.059210,14.371757
0.059760,14.355073
0.060310,14.338460
0.060860,14.321920
0.061410,14.305447
0.061960,14.289043
0.062510,14.272701
0.063061,14.256431
0.063611,14.240222
0.064161,14.224082
0.064711,14.208003
0.065261,14.191985
0.065811,14.176035
0.066361,14.160142
0.066911,14.144314
0.067461,14.128539
0.068011,14.112826
0.068561,14.097175
0.069112,14.081579
0.069662,14.066042
0.070212,14.050557
0.070762,14.035129
0.071312,14.019755
0.071862,14.004438
0.072412,13.989171
0.072962,13.973957
0.073512,13.958795
0.074062,13.943684
0.074612,13.928619
0.075163,13.913607
0.075713,13.898643
0.076263,13.883727
0.076813,13.868854
0.077363,13.854031
0.077913,13.839252
0.078463,13.824519
0.079013,13.809829
0.079563,13.795184
0.080113,13.780577
0.080663,13.766019
0.081214,13.751495
0.081764,13.737015
0.082314,13.722573
0.082864,13.708172
0.083414,13.693808
0.083964,13.679483
0.084514,13.665195
0.085064,13.650942
0.085614,13.636720
0.086164,13.622539
0.086714,13.608392
0.087265,13.594279
0.087815,13.580196
0.088365,13.566146
0.088915,13.552133
0.089465,13.538144
0.090015,13.524189
0.090565,13.510262
0.091115,13.496367
0.091665,13.482495
0.092215,13.468654
0.092765,13.454844
0.093316,13.441056
0.093866,13.427299
0.094416,13.413562
0.094966,13.399856
0.095516,13.386168
0.096066,13.372509
0.096616,13.358874
0.097166,13.345258
0.097716,13.331664
0.098266,13.318095
0.098816,13.304545
0.099367,13.291016
0.099917,13.277506
0.100467,13.264017
0.101017,13.250549
0.101567,13.237097
0.102117,13.223665
0.102667,13.210250
0.103217,13.196851
0.103767,13.183470
0.104317,13.170104
0.104867,13.156755
0.105418,13.143421
0.105968,13.130102
0.106518,13.116797
0.107068,13.103504
0.107618,13.090230
0.108168,13.076965
0.108718,13.063715
0.109268,13.050476
0.109818,13.037248
0.110368,13.024030
0.110918,13.010827
0.111469,12.997633
0.112019,12.984447
0.112569,12.971272
0.113119,12.958106
0.113669,12.944950
0.114219,12.931804
0.114769,12.918664
0.115319,12.905534
0.115869,12.892410
0.116419,12.879296
0.116969,12.866185
0.117520,12.853082
0.118070,12.839985
0.118620,12.826899
0.119170,12.813810
0.119720,12.800731
0.120270,12.787660
0.120820,12.774591
0.121370,12.761524
0.121920,12.748464
0.122470,12.735405
0.123021,12.722354
0.123571,12.709297
0.124121,12.696254
0.124671,12.683209
0.125221,12.670169
0.125771,12.657125
0.126321,12.644086
0.126871,12.631050
0.127421,12.618013
0.127971,12.604981
0.128521,12.591948
0.129072,12.578916
0.129622,12.565881
0.130172,12.552850
0.130722,12.539817
0.131272,12.526784
0.131822,12.513752
0.132372,12.500717
0.132922,12.487683
0.133472,12.474650
0.134022,12.461616
0.134572,12.448573
0.135123,12.435536
0.135673,12.422496
0.136223,12.409453
0.136773,12.396406
0.137323,12.383357
0.137873,12.370307
0.138423,12.357253
0.138973,12.344198
0.139523,12.331140
0.140073,12.318077
0.140623,12.305009
0.141174,12.291942
0.141724,12.278872
0.142274,12.265794
0.142824,12.252710
0.143374,12.239630
0.143924,12.226542
0.144474,12.213448
0.145024,12.200351
0.145574,12.187250
0.146124,12.174148
0.146674,12.161034
0.147225,12.147917
0.147775,12.134797
0.148325,12.121672
0.148875,12.108543
0.149425,12.095407
0.149975,12.082265
0.150525,12.069118
0.151075,12.055969
0.151625,12.042811
0.152175,12.029645
0.152725,12.016477
0.153276,12.003303
0.153826,11.990122
0.154376,11.976935
0.154926,11.963742
0.155476,11.950547
0.156026,11.937339
0.156576,11.924130
0.157126,11.910914
0.157676,11.897689
0.158226,11.884458
0.158776,11.871224
0.159327,11.857983
0.159877,11.844732
0.160427,11.831478
0.160977,11.818213
0.161527,11.804944
0.162077,11.791670
0.162627,11.778386
0.163177,11.765099
0.163727,11.751806
0.164277,11.738503
0.164827,11.725194
0.165378,11.711877
0.165928,11.698555
0.166478,11.685224
0.167028,11.671896
0.167578,11.658550
0.168128,11.645199
0.168678,11.631843
0.169228,11.618481
0.169778,11.605113
0.170328,11.591735
0.170878,11.578351
0.171429,11.564959
0.171979,11.551567
0.172529,11.538161
0.173079,11.524749
0.173629,11.511333
0.174179,11.497910
0.174729,11.484480
0.175279,11.471042
0.175829,11.457597
0.176379,11.444144
0.176929,11.430691
0.177480,11.417226
0.178030,11.403757
0.178580,11.390277
0.179130,11.376795
0.179680,11.363304
0.180230,11.349812
0.180780,11.336308
0.181330,11.322799
0.181880,11.309283
0.182430,11.295762
0.182980,11.282230
0.183531,11.268699
0.184081,11.255159
0.184631,11.241613
0.185181,11.228058
0.185731,11.214503
0.186281,11.200934
0.186831,11.187369
0.187381,11.173787
0.187931,11.160212
0.188481,11.146622
0.189032,11.133027
0.189582,11.119430
0.190132,11.105826
0.190682,11.092218
0.191232,11.078605
0.191782,11.064981
0.192332,11.051359
0.192882,11.037726
0.193432,11.024089
0.193982,11.010446
0.194532,10.996800
0.195083,10.983150
0.195633,10.969495
0.196183,10.955833
0.196733,10.942166
0.197283,10.928496
0.197833,10.914823
0.198383,10.901145
0.198933,10.887460
0.199483,10.873773
0.200033,10.860080
0.200583,10.846382
0.201134,10.832685
0.201684,10.818978
0.202234,10.805268
0.202784,10.791556
0.203334,10.777839
0.203884,10.764123
0.204434,10.750398
0.204984,10.736672
0.205534,10.722941
0.206084,10.709211
0.206634,10.695470
0.207185,10.681735
0.207735,10.667990
0.208285,10.654243
0.208835,10.640494
0.209385,10.626744
0.209935,10.612989
0.210485,10.599235
0.211035,10.585477
0.211585,10.571713
0.212135,10.557951
0.212685,10.544187
0.213236,10.530418
0.213786,10.516645
0.214336,10.502876
0.214886,10.489103
0.215436,10.475329
0.215986,10.461554
0.216536,10.447773
0.217086,10.433993
0.217636,10.420215
0.218186,10.406432
0.218736,10.392650
0.219287,10.378861
0.219837,10.365077
0.220387,10.351291
0.220937,10.337505
0.221487,10.323717
0.222037,10.309932
0.222587,10.296146
0.223137,10.282354
0.223687,10.268570
0.224237,10.254781
0.224787,10.240994
0.225338,10.227205
0.225888,10.213420
0.226438,10.199631
0.226988,10.185843
0.227538,10.172061
0.228088,10.158273
0.228638,10.144488
0.229188,10.130706
0.229738,10.116925
0.230288,10.103143
0.230838,10.089362
0.231389,10.075583
0.231939,10.061808
0.232489,10.048030
0.233039,10.034256
0.233589,10.020484
0.234139,10.006715
0.234689,9.992949
0.235239,9.979182
0.235789,9.965417
0.236339,9.951657
0.236889,9.937897
0.237440,9.924142
0.237990,9.910392
0.238540,9.896638
0.239090,9.882893
0.239640,9.869145
0.240190,9.855405
0.240740,9.841668
0.241290,9.827933
0.241840,9.814198
0.242390,9.800473
0.242940,9.786751
0.243491,9.773026
0.244041,9.759312
0.244591,9.745600
0.245141,9.731893
0.245691,9.718188
0.246241,9.704486
0.246791,9.690791
0.247341,9.677099
0.247891,9.663413
0.248441,9.649730
0.248991,9.636056
0.249542,9.622383
0.250092,9.608716
0.250642,9.595055
0.251192,9.581399
0.251742,9.567746
0.252292,9.554102
0.252842,9.540463
0.253392,9.526830
0.253942,9.513204
0.254492,9.499579
0.255043,9.485966
0.255593,9.472355
0.256143,9.458750
0.256693,9.445151
0.257243,9.431560
0.257793,9.417975
0.258343,9.404401
0.258893,9.390827
0.259443,9.377264
0.259993,9.363708
0.260543,9.350158
0.261094,9.336615
0.261644,9.323077
0.262194,9.309548
0.262744,9.296033
0.263294,9.282516
0.263844,9.269011
0.264394,9.255514
0.264944,9.242023
0.265494,9.228541
0.266044,9.215069
0.266594,9.201602
0.267145,9.188145
0.267695,9.174695
0.268245,9.161256
0.268795,9.147823
0.269345,9.134402
0.269895,9.120985
0.270445,9.107583
0.270995,9.094186
0.271545,9.080797
0.272095,9.067418
0.272645,9.054046
0.273196,9.040689
0.273746,9.027337
0.274296,9.013995
0.274846,9.000667
0.275396,8.987343
0.275946,8.974032
0.276496,8.960730
0.277046,8.947439
0.277596,8.934155
0.278146,8.920884
0.278696,8.907620
0.279247,8.894371
0.279797,8.881129
0.280347,8.867898
0.280897,8.854678
0.281447,8.841467
0.281997,8.828268
0.282547,8.815083
0.283097,8.801904
0.283647,8.788740
0.284197,8.775585
0.284747,8.762442
0.285298,8.749309
0.285848,8.736188
0.286398,8.723079
0.286948,8.709981
0.287498,8.696895
0.288048,8.683818
0.288598,8.670756
0.289148,8.657704
0.289698,8.644668
0.290248,8.631638
0.290798,8.618624
0.291349,8.605621
0.291899,8.592627
0.292449,8.579650
0.292999,8.566681
0.293549,8.553726
0.294099,8.540788
0.294649,8.527858
0.295199,8.514945
0.295749,8.502038
0.296299,8.489146
0.296849,8.476270
0.297400,8.463403
0.297950,8.450551
0.298500,8.437713
0.299050,8.424889
0.299600,8.412073
0.300150,8.399275
0.300700,8.386489
0.301250,8.373715
0.301800,8.360957
0.302350,8.348212
0.302900,8.335482
0.303451,8.322762
0.304001,8.310059
0.304551,8.297367
0.305101,8.284691
0.305651,8.272028
0.306201,8.259378
0.306751,8.246743
0.307301,8.234121
0.307851,8.221518
0.308401,8.208921
0.308951,8.196344
0.309502,8.183780
0.310052,8.171233
0.310602,8.158697
0.311152,8.146177
0.311702,8.133671
0.312252,8.121179
0.312802,8.108705
0.313352,8.096242
0.313902,8.083796
0.314452,8.071364
0.315003,8.058946
0.315553,8.046544
0.316103,8.034156
0.316653,8.021787
0.317203,8.009427
0.317753,7.997085
0.318303,7.984758
0.318853,7.972446
0.319403,7.960150
0.319953,7.947870
0.320503,7.935606
0.321054,7.923354
0.321604,7.911121
0.322154,7.898901
0.322704,7.886697
0.323254,7.874510
0.323804,7.862338
0.324354,7.850183
0.324904,7.838041
0.325454,7.825915
0.326004,7.813808
0.326554,7.801716
0.327105,7.789636
0.327655,7.777576
0.328205,7.765532
0.328755,7.753501
0.329305,7.741491
0.329855,7.729492
0.330405,7.717509
0.330955,7.705547
0.331505,7.693599
0.332055,7.681664
0.332605,7.669748
0.333156,7.657852
0.333706,7.645969
0.334256,7.634103
0.334806,7.622251
0.335356,7.610417
0.335906,7.598602
0.336456,7.586802
0.337006,7.575015
0.337556,7.563250
0.338106,7.551497
0.338656,7.539764
0.339207,7.528046
0.339757,7.516345
0.340307,7.504662
0.340857,7.492994
0.341407,7.481342
0.341957,7.469709
0.342507,7.458095
0.343057,7.446496
0.343607,7.434912
0.344157,7.423346
0.344707,7.411798
0.345258,7.400266
0.345808,7.388751
0.346358,7.377254
0.346908,7.365773
0.347458,7.354310
0.348008,7.342863
0.348558,7.331433
0.349108,7.320020
0.349658,7.308625
0.350208,7.297247
0.350758,7.285886
0.351309,7.274543
0.351859,7.263218
0.352409,7.251908
0.352959,7.240617
0.353509,7.229342
0.354059,7.218084
0.354609,7.206846
0.355159,7.195624
0.355709,7.184420
0.356259,7.173230
0.356809,7.162059
0.357360,7.150908
0.357910,7.139772
0.358460,7.128655
0.359010,7.117556
0.359560,7.106472
0.360110,7.095405
0.360660,7.084360
0.361210,7.073328
0.361760,7.062317
0.362310,7.051322
0.362860,7.040343
0.363411,7.029383
0.363961,7.018440
0.364511,7.007515
0.365061,6.996607
0.365611,6.985717
0.366161,6.974844
0.366711,6.963990
0.367261,6.953152
0.367811,6.942334
0.368361,6.931532
0.368911,6.920746
0.369462,6.909982
0.370012,6.899233
0.370562,6.888502
0.371112,6.877787
0.371662,6.867091
0.372212,6.856417
0.372762,6.845753
0.373312,6.835109
0.373862,6.824487
0.374412,6.813880
0.374962,6.803288
0.375513,6.792717
0.376063,6.782162
0.376613,6.771626
0.377163,6.761106
0.377713,6.750605
0.378263,6.740121
0.378813,6.729659
0.379363,6.719209
0.379913,6.708776
0.380463,6.698364
0.381014,6.687972
0.381564,6.677594
0.382114,6.667232
0.382664,6.656891
0.383214,6.646567
0.383764,6.636259
0.384314,6.625970
0.384864,6.615701
0.385414,6.605447
0.385964,6.595211
0.386514,6.584993
0.387065,6.574792
0.387615,6.564610
0.388165,6.554445
0.388715,6.544296
0.389265,6.534166
0.389815,6.524056
0.390365,6.513962
0.390915,6.503885
0.391465,6.493825
0.392015,6.483784
0.392565,6.473758
0.393116,6.463754
0.393666,6.453764
0.394216,6.443796
0.394766,6.433840
0.395316,6.423904
0.395866,6.413986
0.396416,6.404085
0.396966,6.394202
0.397516,6.384337
0.398066,6.374490
0.398616,6.364657
0.399167,6.354846
0.399717,6.345049
0.400267,6.335272
0.400817,6.325512
0.401367,6.315769
0.401917,6.306042
0.402467,6.296336
0.403017,6.286646
0.403567,6.276971
0.404117,6.267313
0.404667,6.257677
0.405218,6.248056
0.405768,6.238452
0.406318,6.228868
0.406868,6.219298
0.407418,6.209746
0.407968,6.200212
0.408518,6.190696
0.409068,6.181194
0.409618,6.171713
0.410168,6.162251
0.410718,6.152802
0.411269,6.143370
0.411819,6.133958
0.412369,6.124562
0.412919,6.115184
0.413469,6.105822
0.414019,6.096478
0.414569,6.087151
0.415119,6.077843
0.415669,6.068548
0.416219,6.059272
0.416769,6.050014
0.417320,6.040774
0.417870,6.031549
0.418420,6.022343
0.418970,6.013152
0.419520,6.003977
0.420070,5.994823
0.420620,5.985685
0.421170,5.976561
0.421720,5.967454
0.422270,5.958369
0.422820,5.949295
0.423371,5.940244
0.423921,5.931205
0.424471,5.922184
0.425021,5.913180
0.425571,5.904192
0.426121,5.895222
0.426671,5.886271
0.427221,5.877335
0.427771,5.868413
0.428321,5.859511
0.428871,5.850624
0.429422,5.841756
0.429972,5.832903
0.430522,5.824064
0.431072,5.815246
0.431622,5.806443
0.432172,5.797655
0.432722,5.788888
0.433272,5.780132
0.433822,5.771398
0.434372,5.762677
0.434922,5.753974
0.435473,5.745287
0.436023,5.736618
0.436573,5.727960
0.437123,5.719324
0.437673,5.710703
0.438223,5.702099
0.438773,5.693511
0.439323,5.684938
0.439873,5.676382
0.440423,5.667841
0.440973,5.659318
0.441524,5.650812
0.442074,5.642319
0.442624,5.633846
0.443174,5.625389
0.443724,5.616948
0.444274,5.608519
0.444824,5.600110
0.445374,5.591716
0.445924,5.583336
0.446474,5.574977
0.447025,5.566630
0.447575,5.558301
0.448125,5.549986
0.448675,5.541688
0.449225,5.533408
0.449775,5.525143
0.450325,5.516891
0.450875,5.508657
0.451425,5.500439
0.451975,5.492237
0.452525,5.484052
0.453076,5.475879
0.453626,5.467727
0.454176,5.459585
0.454726,5.451463
0.455276,5.443354
0.455826,5.435261
0.456376,5.427184
0.456926,5.419123
0.457476,5.411079
0.458026,5.403049
0.458576,5.395035
0.459127,5.387036
0.459677,5.379053
0.460227,5.371087
0.460777,5.363132
0.461327,5.355197
0.461877,5.347276
0.462427,5.339369
0.462977,5.331477
0.463527,5.323602
0.464077,5.315743
0.464627,5.307898
0.465178,5.300067
0.465728,5.292253
0.466278,5.284456
0.466828,5.276671
0.467378,5.268904
0.467928,5.261150
0.468478,5.253409
0.469028,5.245690
0.469578,5.237980
0.470128,5.230287
0.470678,5.222608
0.471229,5.214945
0.471779,5.207296
0.472329,5.199664
0.472879,5.192044
0.473429,5.184442
0.473979,5.176853
0.474529,5.169278
0.475079,5.161719
0.475629,5.154176
0.476179,5.146648
0.476729,5.139132
0.477280,5.131632
0.477830,5.124148
0.478380,5.116677
0.478930,5.109218
0.479480,5.101777
0.480030,5.094352
0.480580,5.086939
0.481130,5.079541
0.481680,5.072157
0.482230,5.064790
0.482780,5.057434
0.483331,5.050094
0.483881,5.042772
0.484431,5.035459
0.484981,5.028163
0.485531,5.020882
0.486081,5.013610
0.486631,5.006359
0.487181,4.999117
0.487731,4.991894
0.488281,4.984684
0.488831,4.977484
0.489382,4.970303
0.489932,4.963136
0.490482,4.955981
0.491032,4.948840
0.491582,4.941713
0.492132,4.934602
0.492682,4.927503
0.493232,4.920420
0.493782,4.913348
0.494332,4.906290
0.494882,4.899251
0.495433,4.892222
0.495983,4.885207
0.496533,4.878204
0.497083,4.871219
0.497633,4.864243
0.498183,4.857285
0.498733,4.850339
0.499283,4.843406
0.499833,4.836489
0.500383,4.829584
0.500933,4.822694
0.501484,4.815816
0.502034,4.808951
0.502584,4.802103
0.503134,4.795264
0.503684,4.788439
0.504234,4.781632
0.504784,4.774832
0.505334,4.768050
0.505884,4.761281
0.506434,4.754524
0.506984,4.747780
0.507535,4.741052
0.508085,4.734333
0.508635,4.727632
0.509185,4.720941
0.509735,4.714265
0.510285,4.707602
0.510835,4.700950
0.511385,4.694313
0.511935,4.687689
0.512485,4.681077
0.513036,4.674480
0.513586,4.667894
0.514136,4.661323
0.514686,4.654765
0.515236,4.648217
0.515786,4.641685
0.516336,4.635164
0.516886,4.628658
0.517436,4.622163
0.517986,4.615681
0.518536,4.609212
0.519087,4.602758
0.519637,4.596314
0.520187,4.589883
0.520737,4.583465
0.521287,4.577060
0.521837,4.570667
0.522387,4.564289
0.522937,4.557920
0.523487,4.551568
0.524037,4.545224
0.524587,4.538894
0.525138,4.532578
0.525688,4.526273
0.526238,4.519983
0.526788,4.513701
0.527338,4.507435
0.527888,4.501180
0.528438,4.494938
0.528988,4.488707
0.529538,4.482491
0.530088,4.476285
0.530638,4.470092
0.531189,4.463909
0.531739,4.457745
0.532289,4.451588
0.532839,4.445442
0.533389,4.439307
0.533939,4.433188
0.534489,4.427082
0.535039,4.420985
0.535589,4.414903
0.536139,4.408832
0.536689,4.402771
0.537240,4.396721
0.537790,4.390684
0.538340,4.384661
0.538890,4.378648
0.539440,4.372651
0.539990,4.366663
0.540540,4.360683
0.541090,4.354721
0.541640,4.348767
0.542190,4.342827
0.542740,4.336897
0.543291,4.330982
0.543841,4.325072
0.544391,4.319178
0.544941,4.313294
0.545491,4.307425
0.546041,4.301563
0.546591,4.295716
0.547141,4.289880
0.547691,4.284056
0.548241,4.278241
0.548791,4.272440
0.549342,4.266650
0.549892,4.260870
0.550442,4.255103
0.550992,4.249347
0.551542,4.243601
0.552092,4.237868
0.552642,4.232146
0.553192,4.226435
0.553742,4.220735
0.554292,4.215047
0.554842,4.209368
0.555393,4.203703
0.555943,4.198048
0.556493,4.192403
0.557043,4.186771
0.557593,4.181150
0.558143,4.175539
0.558693,4.169940
0.559243,4.164350
0.559793,4.158773
0.560343,4.153208
0.560893,4.147652
0.561444,4.142109
0.561994,4.136574
0.562544,4.131052
0.563094,4.125539
0.563644,4.120038
0.564194,4.114549
0.564744,4.109070
0.565294,4.103600
0.565844,4.098144
0.566394,4.092696
0.566944,4.087258
0.567495,4.081834
0.568045,4.076418
0.568595,4.071014
0.569145,4.065620
0.569695,4.060236
0.570245,4.054864
0.570795,4.049502
0.571345,4.044151
0.571895,4.038810
0.572445,4.033480
0.572995,4.028161
0.573546,4.022851
0.574096,4.017550
0.574646,4.012264
0.575196,4.006984
0.575746,4.001715
0.576296,3.996459
0.576846,3.991210
0.577396,3.985977
0.577946,3.980748
0.578496,3.975532
0.579047,3.970323
0.579597,3.965129
0.580147,3.959944
0.580697,3.954769
0.581247,3.949606
0.581797,3.944449
0.582347,3.939302
0.582897,3.934166
0.583447,3.929040
0.583997,3.923925
0.584547,3.918822
0.585098,3.913726
0.585648,3.908640
0.586198,3.903565
0.586748,3.898501
0.587298,3.893445
0.587848,3.888398
0.588398,3.883364
0.588948,3.878338
0.589498,3.873322
0.590048,3.868315
0.590598,3.863321
0.591149,3.858334
0.591699,3.853358
0.592249,3.848390
0.592799,3.843433
0.593349,3.838484
0.593899,3.833545
0.594449,3.828617
0.594999,3.823698
0.595549,3.818789
0.596099,3.813890
0.596649,3.808998
0.597200,3.804120
0.597750,3.799251
0.598300,3.794388
0.598850,3.789535
0.599400,3.784694
0.599950,3.779861
0.600500,3.775034
0.601050,3.770223
0.601600,3.765417
0.602150,3.760623
0.602700,3.755836
0.603251,3.751058
0.603801,3.746292
0.604351,3.741532
0.604901,3.736785
0.605451,3.732045
0.606001,3.727314
0.606551,3.722594
0.607101,3.717882
0.607651,3.713179
0.608201,3.708484
0.608751,3.703801
0.609302,3.699125
0.609852,3.694458
0.610402,3.689800
0.610952,3.685151
0.611502,3.680513
0.612052,3.675884
0.612602,3.671262
0.613152,3.666650
0.613702,3.662047
0.614252,3.657453
0.614802,3.652867
0.615353,3.648289
0.615903,3.643722
0.616453,3.639161
0.617003,3.634612
0.617553,3.630073
0.618103,3.625540
0.618653,3.621017
0.619203,3.616501
0.619753,3.611996
0.620303,3.607497
0.620853,3.603010
0.621404,3.598531
0.621954,3.594058
0.622504,3.589595
0.623054,3.585142
0.623604,3.580697
0.624154,3.576260
0.624704,3.571831
0.625254,3.567413
0.625804,3.563001
0.626354,3.558599
0.626904,3.554204
0.627455,3.549819
0.628005,3.545441
0.628555,3.541074
0.629105,3.536714
0.629655,3.532360
0.630205,3.528018
0.630755,3.523682
0.631305,3.519355
0.631855,3.515039
0.632405,3.510729
0.632955,3.506426
0.633506,3.502134
0.634056,3.497849
0.634606,3.493572
0.635156,3.489303
0.635706,3.485042
0.636256,3.480793
0.636806,3.476547
0.637356,3.472311
0.637906,3.468084
0.638456,3.463865
0.639007,3.459653
0.639557,3.455451
0.640107,3.451256
0.640657,3.447066
0.641207,3.442888
0.641757,3.438719
0.642307,3.434555
0.642857,3.430400
0.643407,3.426252
0.643957,3.422114
0.644507,3.417983
0.645058,3.413860
0.645608,3.409746
0.646158,3.405635
0.646708,3.401538
0.647258,3.397448
0.647808,3.393363
0.648358,3.389288
0.648908,3.385220
0.649458,3.381159
0.650008,3.377109
0.650558,3.373064
0.651109,3.369026
0.651659,3.364998
0.652209,3.360976
0.652759,3.356962
0.653309,3.352956
0.653859,3.348959
0.654409,3.344966
0.654959,3.340984
0.655509,3.337008
0.656059,3.333041
0.656609,3.329081
0.657160,3.325129
0.657710,3.321185
0.658260,3.317246
0.658810,3.313316
0.659360,3.309392
0.659910,3.305480
0.660460,3.301571
0.661010,3.297671
0.661560,3.293777
0.662110,3.289891
0.662660,3.286015
0.663211,3.282145
0.663761,3.278280
0.664311,3.274426
0.664861,3.270577
0.665411,3.266737
0.665961,3.262904
0.666511,3.259075
0.667061,3.255257
0.667611,3.251447
0.668161,3.247642
0.668711,3.243846
0.669262,3.240055
0.669812,3.236272
0.670362,3.232495
0.670912,3.228729
0.671462,3.224966
0.672012,3.221211
0.672562,3.217465
0.673112,3.213727
0.673662,3.209994
0.674212,3.206267
0.674762,3.202549
0.675313,3.198840
0.675863,3.195132
0.676413,3.191435
0.676963,3.187746
0.677513,3.184062
0.678063,3.180386
0.678613,3.176716
0.679163,3.173053
0.679713,3.169399
0.680263,3.165751
0.680813,3.162111
0.681364,3.158474
0.681914,3.154848
0.682464,3.151227
0.683014,3.147613
0.683564,3.144006
0.684114,3.140405
0.684664,3.136810
0.685214,3.133225
0.685764,3.129644
0.686314,3.126072
0.686864,3.122507
0.687415,3.118947
0.687965,3.115394
0.688515,3.111845
0.689065,3.108308
0.689615,3.104775
0.690165,3.101251
0.690715,3.097731
0.691265,3.094215
0.691815,3.090710
0.692365,3.087211
0.692915,3.083719
0.693466,3.080231
0.694016,3.076752
0.694566,3.073280
0.695116,3.069812
0.695666,3.066354
0.696216,3.062900
0.696766,3.059451
0.697316,3.056012
0.697866,3.052580
0.698416,3.049150
0.698966,3.045730
0.699517,3.042316
0.700067,3.038908
0.700617,3.035505
0.701167,3.032109
0.701717,3.028720
0.702267,3.025337
0.702817,3.021963
0.703367,3.018592
0.703917,3.015229
0.704467,3.011872
0.705018,3.008521
0.705568,3.005175
0.706118,3.001837
0.706668,2.998505
0.707218,2.995181
0.707768,2.991860
0.708318,2.988548
0.708868,2.985241
0.709418,2.981940
0.709968,2.978645
0.710518,2.975358
0.711069,2.972074
0.711619,2.968798
0.712169,2.965529
0.712719,2.962265
0.713269,2.959005
0.713819,2.955756
0.714369,2.952510
0.714919,2.949271
0.715469,2.946036
0.716019,2.942810
0.716569,2.939589
0.717120,2.936373
0.717670,2.933165
0.718220,2.929960
0.718770,2.926762
0.719320,2.923573
0.719870,2.920386
0.720420,2.917207
0.720970,2.914037
0.721520,2.910868
0.722070,2.907705
0.722620,2.904551
0.723171,2.901401
0.723721,2.898258
0.724271,2.895118
0.724821,2.891987
0.725371,2.888861
0.725921,2.885741
0.726471,2.882626
0.727021,2.879514
0.727571,2.876415
0.728121,2.873319
0.728671,2.870226
0.729222,2.867139
0.729772,2.864062
0.730322,2.860988
0.730872,2.857920
0.731422,2.854856
0.731972,2.851798
0.732522,2.848749
0.733072,2.845702
0.733622,2.842662
0.734172,2.839630
0.734722,2.836602
0.735273,2.833576
0.735823,2.830560
0.736373,2.827550
0.736923,2.824543
0.737473,2.821544
0.738023,2.818547
0.738573,2.815559
0.739123,2.812575
0.739673,2.809596
0.740223,2.806623
0.740773,2.803657
0.741324,2.800694
0.741874,2.797739
0.742424,2.794786
0.742974,2.791843
0.743524,2.788903
0.744074,2.785969
0.744624,2.783041
0.745174,2.780118
0.745724,2.777200
0.746274,2.774289
0.746824,2.771380
0.747375,2.768479
0.747925,2.765583
0.748475,2.762691
0.749025,2.759806
0.749575,2.756925
0.750125,2.754049
0.750675,2.751181
0.751225,2.748316
0.751775,2.745457
0.752325,2.742603
0.752875,2.739756
0.753426,2.736912
0.753976,2.734075
0.754526,2.731243
0.755076,2.728415
0.755626,2.725591
0.756176,2.722776
0.756726,2.719964
0.757276,2.717158
0.757826,2.714355
0.758376,2.711558
0.758926,2.708770
0.759477,2.705983
0.760027,2.703203
0.760577,2.700427
0.761127,2.697658
0.761677,2.694889
0.762227,2.692131
0.762777,2.689377
0.763327,2.686625
0.763877,2.683882
0.764427,2.681142
0.764977,2.678405
0.765528,2.675677
0.766078,2.672951
0.766628,2.670233
0.767178,2.667519
0.767728,2.664808
0.768278,2.662103
0.768828,2.659403
0.769378,2.656710
0.769928,2.654019
0.770478,2.651335
0.771029,2.648655
0.771579,2.645979
0.772129,2.643311
0.772679,2.640644
0.773229,2.637984
0.773779,2.635329
0.774329,2.632679
0.774879,2.630031
0.775429,2.627393
0.775979,2.624757
0.776529,2.622124
0.777080,2.619501
0.777630,2.616877
0.778180,2.614262
0.778730,2.611650
0.779280,2.609043
0.779830,2.606442
0.780380,2.603843
0.780930,2.601252
0.781480,2.598662
0.782030,2.596080
0.782580,2.593502
0.783131,2.590928
0.783681,2.588359
0.784231,2.585796
0.784781,2.583237
0.785331,2.580682
0.785881,2.578131
0.786431,2.575583
0.786981,2.573044
0.787531,2.570510
0.788081,2.567976
0.788631,2.565452
0.789182,2.562929
0.789732,2.560411
0.790282,2.557899
0.790832,2.555391
0.791382,2.552886
0.791932,2.550385
0.792482,2.547892
0.793032,2.545402
0.793582,2.542917
0.794132,2.540435
0.794682,2.537961
0.795233,2.535486
0.795783,2.533020
0.796333,2.530557
0.796883,2.528100
0.797433,2.525645
0.797983,2.523196
0.798533,2.520752
0.799083,2.518309
0.799633,2.515876
0.800183,2.513443
0.800733,2.511016
0.801284,2.508593
0.801834,2.506175
0.802384,2.503761
0.802934,2.501353
0.803484,2.498948
0.804034,2.496547
0.804584,2.494150
0.805134,2.491757
0.805684,2.489372
0.806234,2.486985
0.806784,2.484609
0.807335,2.482235
0.807885,2.479863
0.808435,2.477498
0.808985,2.475135
0.809535,2.472777
0.810085,2.470427
0.810635,2.468077
0.811185,2.465733
0.811735,2.463393
0.812285,2.461055
0.812835,2.458724
0.813386,2.456398
0.813936,2.454073
0.814486,2.451756
0.815036,2.449441
0.815586,2.447129
0.816136,2.444824
0.816686,2.442521
0.817236,2.440224
0.817786,2.437930
0.818336,2.435639
0.818886,2.433353
0.819437,2.431074
0.819987,2.428797
0.820537,2.426523
0.821087,2.424255
0.821637,2.421989
0.822187,2.419726
0.822737,2.417472
0.823287,2.415218
0.823837,2.412971
0.824387,2.410727
0.824937,2.408487
0.825488,2.406251
0.826038,2.404018
0.826588,2.401788
0.827138,2.399566
0.827688,2.397345
0.828238,2.395130
0.828788,2.392918
0.829338,2.390709
0.829888,2.388505
0.830438,2.386305
0.830988,2.384112
0.831539,2.381920
0.832089,2.379730
0.832639,2.377547
0.833189,2.375365
0.833739,2.373191
0.834289,2.371018
0.834839,2.368851
0.835389,2.366685
0.835939,2.364523
0.836489,2.362367
0.837040,2.360216
0.837590,2.358066
0.838140,2.355920
0.838690,2.353782
0.839240,2.351642
0.839790,2.349510
0.840340,2.347380
0.840890,2.345255
0.841440,2.343132
0.841990,2.341015
0.842540,2.338901
0.843091,2.336791
0.843641,2.334685
0.844191,2.332582
0.844741,2.330482
0.845291,2.328389
0.845841,2.326297
0.846391,2.324208
0.846941,2.322124
0.847491,2.320046
0.848041,2.317970
0.848591,2.315895
0.849142,2.313828
0.849692,2.311764
0.850242,2.309703
0.850792,2.307642
0.851342,2.305591
0.851892,2.303539
0.852442,2.301492
0.852992,2.299448
0.853542,2.297411
0.854092,2.295375
0.854642,2.293343
0.855193,2.291315
0.855743,2.289290
0.856293,2.287271
0.856843,2.285253
0.857393,2.283239
0.857943,2.281230
0.858493,2.279222
0.859043,2.277220
0.859593,2.275219
0.860143,2.273224
0.860693,2.271233
0.861244,2.269246
0.861794,2.267259
0.862344,2.265276
0.862894,2.263301
0.863444,2.261327
0.863994,2.259356
0.864544,2.257389
0.865094,2.255426
0.865644,2.253466
0.866194,2.251510
0.866744,2.249557
0.867295,2.247606
0.867845,2.245658
0.868395,2.243716
0.868945,2.241781
0.869495,2.239843
0.870045,2.237911
0.870595,2.235982
0.871145,2.234058
0.871695,2.232135
0.872245,2.230218
0.872795,2.228302
0.873346,2.226391
0.873896,2.224483
0.874446,2.222581
0.874996,2.220676
0.875546,2.218781
0.876096,2.216886
0.876646,2.214996
0.877196,2.213108
0.877746,2.211223
0.878296,2.209343
0.878846,2.207466
0.879397,2.205592
0.879947,2.203721
0.880497,2.201852
0.881047,2.199988
0.881597,2.198129
0.882147,2.196270
0.882697,2.194417
0.883247,2.192568
0.883797,2.190719
0.884347,2.188874
0.884897,2.187035
0.885448,2.185196
0.885998,2.183362
0.886548,2.181532
0.887098,2.179704
0.887648,2.177878
0.888198,2.176058
0.888748,2.174242
0.889298,2.172424
0.889848,2.170613
0.890398,2.168806
0.890948,2.167000
0.891499,2.165201
0.892049,2.163401
0.892599,2.161606
0.893149,2.159813
0.893699,2.158025
0.894249,2.156238
0.894799,2.154456
0.895349,2.152677
0.895899,2.150900
0.896449,2.149128
0.896999,2.147359
0.897550,2.145590
0.898100,2.143828
0.898650,2.142066
0.899200,2.140310
0.899750,2.138554
0.900300,2.136806
0.900850,2.135057
0.901400,2.133311
0.901950,2.131571
0.902500,2.129832
0.903051,2.128097
0.903601,2.126366
0.904151,2.124634
0.904701,2.122908
0.905251,2.121185
0.905801,2.119466
0.906351,2.117748
0.906901,2.116036
0.907451,2.114324
0.908001,2.112616
0.908551,2.110910
0.909102,2.109210
0.909652,2.107511
0.910202,2.105814
0.910752,2.104124
0.911302,2.102432
0.911852,2.100746
0.912402,2.099062
0.912952,2.097383
0.913502,2.095703
0.914052,2.094029
0.914602,2.092357
0.915153,2.090690
0.915703,2.089025
0.916253,2.087359
0.916803,2.085700
0.917353,2.084043
0.917903,2.082389
0.918453,2.080739
0.919003,2.079090
0.919553,2.077444
0.920103,2.075803
0.920653,2.074164
0.921204,2.072526
0.921754,2.070892
0.922304,2.069262
0.922854,2.067635
0.923404,2.066010
0.923954,2.064387
0.924504,2.062768
0.925054,2.061150
0.925604,2.059537
0.926154,2.057929
0.926704,2.056321
0.927255,2.054716
0.927805,2.053113
0.928355,2.051515
0.928905,2.049919
0.929455,2.048326
0.930005,2.046734
0.930555,2.045146
0.931105,2.043561
0.931655,2.041979
0.932205,2.040398
0.932755,2.038822
0.933306,2.037249
0.933856,2.035676
0.934406,2.034107
0.934956,2.032543
0.935506,2.030982
0.936056,2.029418
0.936606,2.027863
0.937156,2.026307
0.937706,2.024758
0.938256,2.023208
0.938806,2.021663
0.939357,2.020119
0.939907,2.018577
0.940457,2.017039
0.941007,2.015504
0.941557,2.013971
0.942107,2.012442
0.942657,2.010916
0.943207,2.009388
0.943757,2.007868
0.944307,2.006349
0.944857,2.004833
0.945408,2.003319
0.945958,2.001808
0.946508,2.000299
0.947058,1.998792
0.947608,1.997290
0.948158,1.995791
0.948708,1.994291
0.949258,1.992798
0.949808,1.991302
0.950358,1.989814
0.950908,1.988329
0.951459,1.986844
0.952009,1.985360
0.952559,1.983881
0.953109,1.982404
0.953659,1.980931
0.954209,1.979460
0.954759,1.977989
0.955309,1.976523
0.955859,1.975060
0.956409,1.973598
0.956959,1.972138
0.957510,1.970685
0.958060,1.969230
0.958610,1.967780
0.959160,1.966330
0.959710,1.964885
0.960260,1.963440
0.960810,1.962001
0.961360,1.960563
0.961910,1.959126
0.962460,1.957694
0.963011,1.956264
0.963561,1.954834
0.964111,1.953411
0.964661,1.951985
0.965211,1.950565
0.965761,1.949148
0.966311,1.947731
0.966861,1.946319
0.967411,1.944909
0.967961,1.943500
0.968511,1.942094
0.969062,1.940690
0.969612,1.939288
0.970162,1.937891
0.970712,1.936497
0.971262,1.935104
0.971812,1.933712
0.972362,1.932322
0.972912,1.930938
0.973462,1.929555
0.974012,1.928172
0.974562,1.926794
0.975113,1.925417
0.975663,1.924043
0.976213,1.922673
0.976763,1.921305
0.977313,1.919937
0.977863,1.918573
0.978413,1.917211
0.978963,1.915852
0.979513,1.914494
0.980063,1.913139
0.980613,1.911788
0.981164,1.910437
0.981714,1.909089
0.982264,1.907744
0.982814,1.906402
0.983364,1.905061
0.983914,1.903722
0.984464,1.902387
0.985014,1.901055
0.985564,1.899721
0.986114,1.898395
0.986664,1.897066
0.987215,1.895743
0.987765,1.894421
0.988315,1.893101
0.988865,1.891786
0.989415,1.890470
0.989965,1.889156
0.990515,1.887847
0.991065,1.886540
0.991615,1.885234
0.992165,1.883929
0.992715,1.882628
0.993266,1.881330
0.993816,1.880033
0.994366,1.878739
0.994916,1.877448
0.995466,1.876159
0.996016,1.874870
0.996566,1.873585
0.997116,1.872303
0.997666,1.871020
0.998216,1.869742
0.998766,1.868466
0.999317,1.867193
0.999867,1.865921
1.000417,1.864652
1.000967,1.863383
1.001517,1.862119
1.002067,1.860856
1.002617,1.859594
1.003167,1.858338
1.003717,1.857081
1.004267,1.855826
1.004817,1.854574
1.005368,1.853325
1.005918,1.852077
1.006468,1.850832
1.007018,1.849587
1.007568,1.848351
1.008118,1.847107
1.008668,1.845872
1.009218,1.844636
1.009768,1.843403
1.010318,1.842176
1.010868,1.840947
1.011419,1.839721
1.011969,1.838499
1.012519,1.837275
1.013069,1.836055
1.013619,1.834838
1.014169,1.833624
1.014719,1.832409
1.015269,1.831201
1.015819,1.829990
1.016369,1.828784
1.016919,1.827578
1.017470,1.826375
1.018020,1.825175
1.018570,1.823977
1.019120,1.822780
1.019670,1.821588
1.020220,1.820395
1.020770,1.819204
1.021320,1.818016
1.021870,1.816829
1.022420,1.815647
1.022970,1.814466
1.023521,1.813283
1.024071,1.812109
1.024621,1.810933
1.025171,1.809759
1.025721,1.808588
1.026271,1.807418
1.026821,1.806249
1.027371,1.805085
1.027921,1.803922
1.028471,1.802758
1.029022,1.801600
1.029572,1.800444
1.030122,1.799287
1.030672,1.798135
1.031222,1.796983
1.031772,1.795835
1.032322,1.794686
1.032872,1.793541
1.033422,1.792399
1.033972,1.791257
1.034522,1.790118
1.035073,1.788980
1.035623,1.787843
1.036173,1.786713
1.036723,1.785582
1.037273,1.784453
1.037823,1.783324
1.038373,1.782198
1.038923,1.781075
1.039473,1.779953
1.040023,1.778833
1.040573,1.777719
1.041124,1.776599
1.041674,1.775487
1.042224,1.774376
1.042774,1.773264
1.043324,1.772157
1.043874,1.771051
1.044424,1.769948
1.044974,1.768845
1.045524,1.767744
1.046074,1.766645
1.046624,1.765549
1.047175,1.764454
1.047725,1.763363
1.048275,1.762272
1.048825,1.761182
1.049375,1.760095
1.049925,1.759010
1.050475,1.757925
1.051025,1.756846
1.051575,1.755764
1.052125,1.754690
1.052675,1.753613
1.053226,1.752541
1.053776,1.751466
1.054326,1.750398
1.054876,1.749330
1.055426,1.748262
1.055976,1.747199
1.056526,1.746136
1.057076,1.745073
1.057626,1.744014
1.058176,1.742957
1.058726,1.741901
1.059277,1.740849
1.059827,1.739797
1.060377,1.738748
1.060927,1.737699
1.061477,1.736651
1.062027,1.735610
1.062577,1.734567
1.063127,1.733526
1.063677,1.732486
1.064227,1.731448
1.064777,1.730415
1.065328,1.729381
1.065878,1.728348
1.066428,1.727317
1.066978,1.726291
1.067528,1.725266
1.068078,1.724238
1.068628,1.723215
1.069178,1.722196
1.069728,1.721176
1.070278,1.720158
1.070828,1.719141
1.071379,1.718127
1.071929,1.717116
1.072479,1.716105
1.073029,1.715099
1.073579,1.714089
1.074129,1.713084
1.074679,1.712082
1.075229,1.711079
1.075779,1.710077
1.076329,1.709080
1.076879,1.708084
1.077430,1.707088
1.077980,1.706095
1.078530,1.705102
1.079080,1.704113
1.079630,1.703126
1.080180,1.702139
1.080730,1.701155
1.081280,1.700171
1.081830,1.699190
1.082380,1.698211
1.082930,1.697232
1.083481,1.696256
1.084031,1.695283
1.084581,1.694311
1.085131,1.693338
1.085681,1.692369
1.086231,1.691400
1.086781,1.690434
1.087331,1.689471
1.087881,1.688508
1.088431,1.687547
1.088981,1.686586
1.089532,1.685629
1.090082,1.684674
1.090632,1.683718
1.091182,1.682767
1.091732,1.681816
1.092282,1.680865
1.092832,1.679917
1.093382,1.678971
1.093932,1.678026
1.094482,1.677083
1.095033,1.676143
1.095583,1.675203
1.096133,1.674266
1.096683,1.673330
1.097233,1.672392
1.097783,1.671461
1.098333,1.670529
1.098883,1.669597
1.099433,1.668670
1.099983,1.667743
1.100533,1.666817
1.101084,1.665895
1.101634,1.664972
1.102184,1.664051
1.102734,1.663131
1.103284,1.662214
1.103834,1.661298
1.104384,1.660386
1.104934,1.659472
1.105484,1.658561
1.106034,1.657650
1.106584,1.656744
1.107135,1.655838
1.107685,1.654933
1.108235,1.654031
1.108785,1.653129
1.109335,1.652228
1.109885,1.651331
1.110435,1.650434
1.110985,1.649537
1.111535,1.648644
1.112085,1.647751
1.112635,1.646861
1.113186,1.645972
1.113736,1.645085
1.114286,1.644196
1.114836,1.643313
1.115386,1.642431
1.115936,1.641548
1.116486,1.640669
1.117036,1.639788
1.117586,1.638914
1.118136,1.638035
1.118686,1.637162
1.119237,1.636291
1.119787,1.635417
1.120337,1.634549
1.120887,1.633683
1.121437,1.632814
1.121987,1.631948
1.122537,1.631086
1.123087,1.630224
1.123637,1.629363
1.124187,1.628504
1.124737,1.627647
1.125288,1.626790
1.125838,1.625935
1.126388,1.625083
1.126938,1.624229
1.127488,1.623380
1.128038,1.622531
1.128588,1.621684
1.129138,1.620838
1.129688,1.619992
1.130238,1.619149
1.130788,1.618310
1.131339,1.617469
1.131889,1.616630
1.132439,1.615794
1.132989,1.614957
1.133539,1.614123
1.134089,1.613290
1.134639,1.612457
1.135189,1.611626
1.135739,1.610797
1.136289,1.609972
1.136839,1.609143
1.137390,1.608323
1.137940,1.607498
1.138490,1.606676
1.139040,1.605858
1.139590,1.605039
1.140140,1.604221
1.140690,1.603405
1.141240,1.602591
1.141790,1.601778
1.142340,1.600965
1.142890,1.600155
1.143441,1.599345
1.143991,1.598537
1.144541,1.597733
1.145091,1.596926
1.145641,1.596125
1.146191,1.595322
1.146741,1.594521
1.147291,1.593720
1.147841,1.592924
1.148391,1.592126
1.148941,1.591331
1.149492,1.590538
1.150042,1.589746
1.150592,1.588953
1.151142,1.588164
1.151692,1.587376
1.152242,1.586588
1.152792,1.585803
1.153342,1.585019
1.153892,1.584236
1.154442,1.583455
1.154992,1.582675
1.155543,1.581895
1.156093,1.581118
1.156643,1.580343
1.157193,1.579566
1.157743,1.578794
1.158293,1.578020
1.158843,1.577249
1.159393,1.576479
1.159943,1.575710
1.160493,1.574944
1.161044,1.574178
1.161594,1.573412
1.162144,1.572649
1.162694,1.571888
1.163244,1.571127
1.163794,1.570368
1.164344,1.569611
1.164894,1.568855
1.165444,1.568099
1.165994,1.567345
1.166544,1.566593
1.167095,1.565840
1.167645,1.565091
1.168195,1.564340
1.168745,1.563594
1.169295,1.562848
1.169845,1.562101
1.170395,1.561358
1.170945,1.560616
1.171495,1.559876
1.172045,1.559133
1.172595,1.558395
1.173146,1.557660
1.173696,1.556922
1.174246,1.556187
1.174796,1.555451
1.175346,1.554720
1.175896,1.553990
1.176446,1.553261
1.176996,1.552532
1.177546,1.551802
1.178096,1.551076
1.178646,1.550353
1.179197,1.549627
1.179747,1.548907
1.180297,1.548183
1.180847,1.547464
1.181397,1.546745
1.181947,1.546030
1.182497,1.545311
1.183047,1.544597
1.183597,1.543883
1.184147,1.543170
1.184697,1.542459
1.185248,1.541748
1.185798,1.541040
1.186348,1.540331
1.186898,1.539624
1.187448,1.538920
1.187998,1.538215
1.188548,1.537512
1.189098,1.536811
1.189648,1.536110
1.190198,1.535411
1.190748,1.534713
1.191299,1.534015
1.191849,1.533320
1.192399,1.532626
1.192949,1.531931
1.193499,1.531240
1.194049,1.530549
1.194599,1.529857
1.195149,1.529170
1.195699,1.528482
1.196249,1.527795
1.196799,1.527111
1.197350,1.526428
1.197900,1.525742
1.198450,1.525059
1.199000,1.524381
1.199550,1.523702
1.200100,1.523025
1.200650,1.522346
1.201200,1.521670
1.201750,1.520997
1.202300,1.520322
1.202850,1.519649
1.203401,1.518980
1.203951,1.518309
1.204501,1.517639
1.205051,1.516971
1.205601,1.516305
1.206151,1.515638
1.206701,1.514975
1.207251,1.514310
1.207801,1.513649
1.208351,1.512987
1.208901,1.512328
1.209452,1.511669
1.210002,1.511009
1.210552,1.510356
1.211102,1.509698
1.211652,1.509044
1.212202,1.508391
1.212752,1.507740
1.213302,1.507088
1.213852,1.506438
1.214402,1.505790
1.214952,1.505140
1.215503,1.504495
1.216053,1.503850
1.216603,1.503204
1.217153,1.502561
1.217703,1.501918
1.218253,1.501277
1.218803,1.500637
1.219353,1.499999
1.219903,1.499361
1.220453,1.498724
1.221004,1.498089
1.221554,1.497455
1.222104,1.496819
1.222654,1.496187
1.223204,1.495557
1.223754,1.494925
1.224304,1.494298
1.224854,1.493669
1.225404,1.493041
1.225954,1.492413
1.226504,1.491789
1.227055,1.491165
1.227605,1.490543
1.228155,1.489922
1.228705,1.489302
1.229255,1.488681
1.229805,1.488063
1.230355,1.487444
1.230905,1.486829
1.231455,1.486213
1.232005,1.485598
1.232555,1.484983
1.233106,1.484374
1.233656,1.483761
1.234206,1.483149
1.234756,1.482541
1.235306,1.481933
1.235856,1.481326
1.236406,1.480719
1.236956,1.480115
1.237506,1.479511
1.238056,1.478908
1.238606,1.478306
1.239157,1.477705
1.239707,1.477104
1.240257,1.476504
1.240807,1.475908
1.241357,1.475311
1.241907,1.474716
1.242457,1.474120
1.243007,1.473526
1.243557,1.472931
1.244107,1.472340
1.244657,1.471752
1.245208,1.471162
1.245758,1.470571
1.246308,1.469983
1.246858,1.469398
1.247408,1.468811
1.247958,1.468225
1.248508,1.467643
1.249058,1.467058
1.249608,1.466477
1.250158,1.465896
1.250708,1.465314
1.251259,1.464735
1.251809,1.464161
1.252359,1.463581
1.252909,1.463005
1.253459,1.462429
1.254009,1.461856
1.254559,1.461283
1.255109,1.460712
1.255659,1.460141
1.256209,1.459569
1.256759,1.459000
1.257310,1.458432
1.257860,1.457865
1.258410,1.457297
1.258960,1.456733
1.259510,1.456170
1.260060,1.455606
1.260610,1.455044
1.261160,1.454481
1.261710,1.453918
1.262260,1.453361
1.262810,1.452801
1.263361,1.452243
1.263911,1.451686
1.264461,1.451131
1.265011,1.450575
1.265561,1.450021
1.266111,1.449469
1.266661,1.448917
1.267211,1.448366
1.267761,1.447815
1.268311,1.447267
1.268861,1.446717
1.269412,1.446170
1.269962,1.445623
1.270512,1.445078
1.271062,1.444533
1.271612,1.443990
1.272162,1.443447
1.272712,1.442905
1.273262,1.442362
1.273812,1.441823
1.274362,1.441284
1.274912,1.440746
1.275463,1.440207
1.276013,1.439672
1.276563,1.439136
1.277113,1.438602
1.277663,1.438069
1.278213,1.437535
1.278763,1.437003
1.279313,1.436471
1.279863,1.435941
1.280413,1.435412
1.280963,1.434882
1.281514,1.434358
1.282064,1.433830
1.282614,1.433302
1.283164,1.432780
1.283714,1.432255
1.284264,1.431732
1.284814,1.431209
1.285364,1.430689
1.285914,1.430169
1.286464,1.429649
1.287015,1.429129
1.287565,1.428613
1.288115,1.428096
1.288665,1.427580
1.289215,1.427065
1.289765,1.426549
1.290315,1.426036
1.290865,1.425523
1.291415,1.425011
1.291965,1.424501
1.292515,1.423990
1.293066,1.423482
1.293616,1.422974
1.294166,1.422466
1.294716,1.421960
1.295266,1.421453
1.295816,1.420948
1.296366,1.420445
1.296916,1.419943
1.297466,1.419440
1.298016,1.418939
1.298566,1.418438
1.299117,1.417940
1.299667,1.417440
1.300217,1.416942
1.300767,1.416442
1.301317,1.415947
1.301867,1.415452
1.302417,1.414959
1.302967,1.414464
1.303517,1.413971
1.304067,1.413478
1.304617,1.412987
1.305168,1.412498
1.305718,1.412006
1.306268,1.411517
1.306818,1.411028
1.307368,1.410542
1.307918,1.410056
1.308468,1.409570
1.309018,1.409088
1.309568,1.408601
1.310118,1.408118
1.310668,1.407636
1.311219,1.407154
1.311769,1.406675
1.312319,1.406194
1.312869,1.405715
1.313419,1.405237
1.313969,1.404758
1.314519,1.404281
1.315069,1.403807
1.315619,1.403333
1.316169,1.402857
1.316719,1.402384
1.317270,1.401912
1.317820,1.401439
1.318370,1.400969
1.318920,1.400499
1.319470,1.400028
1.320020,1.399559
1.320570,1.399092
1.321120,1.398625
1.321670,1.398157
1.322220,1.397691
1.322770,1.397227
1.323321,1.396763
1.323871,1.396300
1.324421,1.395837
1.324971,1.395376
1.325521,1.394914
1.326071,1.394456
1.326621,1.393995
1.327171,1.393537
1.327721,1.393079
1.328271,1.392622
1.328821,1.392167
1.329372,1.391710
1.329922,1.391255
1.330472,1.390800
1.331022,1.390348
1.331572,1.389896
1.332122,1.389444
1.332672,1.388993
1.333222,1.388544
1.333772,1.388093
1.334322,1.387644
1.334872,1.387197
1.335423,1.386750
1.335973,1.386305
1.336523,1.385857
1.337073,1.385412
1.337623,1.384968
1.338173,1.384524
1.338723,1.384083
1.339273,1.383643
1.339823,1.383201
1.340373,1.382759
1.340923,1.382321
1.341474,1.381881
1.342024,1.381443
1.342574,1.381006
1.343124,1.380569
1.343674,1.380132
1.344224,1.379697
1.344774,1.379261
1.345324,1.378829
1.345874,1.378397
1.346424,1.377963
1.346974,1.377531
1.347525,1.377100
1.348075,1.376670
1.348625,1.376241
1.349175,1.375813
1.349725,1.375385
1.350275,1.374956
1.350825,1.374530
1.351375,1.374103
1.351925,1.373680
1.352475,1.373254
1.353026,1.372833
1.353576,1.372408
1.354126,1.371987
1.354676,1.371566
1.355226,1.371146
1.355776,1.370724
1.356326,1.370306
1.356876,1.369886
1.357426,1.369465
1.357976,1.369051
1.358526,1.368634
1.359077,1.368218
1.359627,1.367803
1.360177,1.367388
1.360727,1.366974
1.361277,1.366559
1.361827,1.366149
1.362377,1.365735
1.362927,1.365324
1.363477,1.364913
1.364027,1.364507
1.364577,1.364097
1.365128,1.363687
1.365678,1.363279
1.366228,1.362870
1.366778,1.362464
1.367328,1.362058
1.367878,1.361656
1.368428,1.361249
1.368978,1.360847
1.369528,1.360445
1.370078,1.360041
1.370628,1.359643
1.371179,1.359239
1.371729,1.358841
1.372279,1.358440
1.372829,1.358041
1.373379,1.357643
1.373929,1.357247
1.374479,1.356849
1.375029,1.356451
1.375579,1.356056
1.376129,1.355661
1.376679,1.355267
1.377230,1.354872
1.377780,1.354482
1.378330,1.354087
1.378880,1.353697
1.379430,1.353304
1.379980,1.352916
1.380530,1.352527
1.381080,1.352139
1.381630,1.351748
1.382180,1.351360
1.382730,1.350973
1.383281,1.350586
1.383831,1.350201
1.384381,1.349818
1.384931,1.349433
1.385481,1.349050
1.386031,1.348666
1.386581,1.348282
1.387131,1.347900
1.387681,1.347521
1.388231,1.347138
1.388781,1.346758
1.389332,1.346379
1.389882,1.346001
1.390432,1.345622
1.390982,1.345245
1.391532,1.344867
1.392082,1.344493
1.392632,1.344116
1.393182,1.343741
1.393732,1.343366
1.394282,1.342992
1.394832,1.342620
1.395383,1.342247
1.395933,1.341874
1.396483,1.341505
1.397033,1.341134
1.397583,1.340765
1.398133,1.340393
1.398683,1.340026
1.399233,1.339658
1.399783,1.339290
1.400333,1.338923
1.400883,1.338560
1.401434,1.338192
1.401984,1.337827
1.402534,1.337464
1.403084,1.337098
1.403634,1.336734
1.404184,1.336372
1.404734,1.336011
1.405284,1.335649
1.405834,1.335289
1.406384,1.334929
1.406934,1.334570
1.407485,1.334210
1.408035,1.333851
1.408585,1.333494
1.409135,1.333136
1.409685,1.332779
1.410235,1.332423
1.410785,1.332070
1.411335,1.331715
1.411885,1.331360
1.412435,1.331004
1.412985,1.330654
1.413536,1.330300
1.414086,1.329949
1.414636,1.329598
1.415186,1.329244
1.415736,1.328896
1.416286,1.328547
1.416836,1.328197
1.417386,1.327848
1.417936,1.327503
1.418486,1.327154
1.419037,1.326808
1.419587,1.326463
1.420137,1.326116
1.420687,1.325770
1.421237,1.325425
1.421787,1.325085
1.422337,1.324740
1.422887,1.324399
1.423437,1.324056
1.423987,1.323715
1.424537,1.323373
1.425088,1.323031
1.425638,1.322692
1.426188,1.322355
1.426738,1.322016
1.427288,1.321678
1.427838,1.321340
1.428388,1.321001
1.428938,1.320666
1.429488,1.320330
1.430038,1.319994
1.430588,1.319660
1.431139,1.319326
1.431689,1.318992
1.432239,1.318658
1.432789,1.318326
1.433339,1.317995
1.433889,1.317664
1.434439,1.317332
1.434989,1.317003
1.435539,1.316674
1.436089,1.316342
1.436639,1.316017
1.437190,1.315686
1.437740,1.315360
1.438290,1.315033
1.438840,1.314708
1.439390,1.314381
1.439940,1.314054
1.440490,1.313729
1.441040,1.313404
1.441590,1.313083
1.442140,1.312758
1.442690,1.312436
1.443241,1.312111
1.443791,1.311793
1.444341,1.311474
1.444891,1.311150
1.445441,1.310832
1.445991,1.310511
1.446541,1.310193
1.447091,1.309873
1.447641,1.309556
1.448191,1.309241
1.448741,1.308922
1.449292,1.308606
1.449842,1.308290
1.450392,1.307976
1.450942,1.307661
1.451492,1.307347
1.452042,1.307034
1.452592,1.306718
1.453142,1.306406
1.453692,1.306094
1.454242,1.305784
1.454792,1.305472
1.455343,1.305161
1.455893,1.304852
1.456443,1.304542
1.456993,1.304232
1.457543,1.303925
1.458093,1.303616
1.458643,1.303308
1.459193,1.303003
1.459743,1.302696
1.460293,1.302390
1.460843,1.302084
1.461394,1.301778
1.461944,1.301475
1.462494,1.301170
1.463044,1.300869
1.463594,1.300564
1.464144,1.300261
1.464694,1.299960
1.465244,1.299659
1.465794,1.299357
1.466344,1.299057
1.466894,1.298757
1.467445,1.298458
1.467995,1.298160
1.468545,1.297862
1.469095,1.297561
1.469645,1.297265
1.470195,1.296970
1.470745,1.296672
1.471295,1.296376
1.471845,1.296080
1.472395,1.295786
1.472945,1.295490
1.473496,1.295197
1.474046,1.294904
1.474596,1.294612
1.475146,1.294320
1.475696,1.294025
1.476246,1.293736
1.476796,1.293441
1.477346,1.293154
1.477896,1.292863
1.478446,1.292573
1.478996,1.292284
1.479547,1.291996
1.480097,1.291708
1.480647,1.291421
1.481197,1.291133
1.481747,1.290846
1.482297,1.290560
1.482847,1.290275
1.483397,1.289988
1.483947,1.289702
1.484497,1.289420
1.485048,1.289136
1.485598,1.288852
1.486148,1.288567
1.486698,1.288286
1.487248,1.288005
1.487798,1.287723
1.488348,1.287443
1.488898,1.287161
1.489448,1.286881
1.489998,1.286602
1.490548,1.286321
1.491099,1.286043
1.491649,1.285765
1.492199,1.285488
1.492749,1.285210
1.493299,1.284932
1.493849,1.284657
1.494399,1.284380
1.494949,1.284104
1.495499,1.283831
1.496049,1.283555
1.496599,1.283280
1.497150,1.283008
1.497700,1.282734
1.498250,1.282460
1.498800,1.282189
1.499350,1.281916
1.499900,1.281646
1.500450,1.281374
1.501000,1.281100
1.501550,1.280834
1.502100,1.280563
1.502650,1.280295
1.503201,1.280024
1.503751,1.279757
1.504301,1.279489
1.504851,1.279220
1.505401,1.278955
1.505951,1.278688
1.506501,1.278423
1.507051,1.278155
1.507601,1.277889
1.508151,1.277626
1.508701,1.277364
1.509252,1.277099
1.509802,1.276833
1.510352,1.276571
1.510902,1.276307
1.511452,1.276048
1.512002,1.275785
1.512552,1.275523
1.513102,1.275263
1.513652,1.275003
1.514202,1.274741
1.514752,1.274482
1.515303,1.274222
1.515853,1.273965
1.516403,1.273705
1.516953,1.273447
1.517503,1.273190
1.518053,1.272934
1.518603,1.272676
1.519153,1.272419
1.519703,1.272165
1.520253,1.271909
1.520803,1.271653
1.521354,1.271401
1.521904,1.271145
1.522454,1.270895
1.523004,1.270638
1.523554,1.270386
1.524104,1.270134
1.524654,1.269882
1.525204,1.269630
1.525754,1.269379
1.526304,1.269126
1.526854,1.268879
1.527405,1.268626
1.527955,1.268378
1.528505,1.268130
1.529055,1.267880
1.529605,1.267633
1.530155,1.267385
1.530705,1.267138
1.531255,1.266889
1.531805,1.266644
1.532355,1.266395
1.532905,1.266150
1.533456,1.265905
1.534006,1.265660
1.534556,1.265415
1.535106,1.265171
1.535656,1.264927
1.536206,1.264685
1.536756,1.264441
1.537306,1.264199
1.537856,1.263956
1.538406,1.263715
1.538956,1.263475
1.539507,1.263233
1.540057,1.262991
1.540607,1.262753
1.541157,1.262513
1.541707,1.262274
1.542257,1.262033
1.542807,1.261796
1.543357,1.261557
1.543907,1.261315
1.544457,1.261081
1.545008,1.260843
1.545558,1.260607
1.546108,1.260370
1.546658,1.260135
1.547208,1.259899
1.547758,1.259663
1.548308,1.259428
1.548858,1.259195
1.549408,1.258962
1.549958,1.258727
1.550508,1.258493
1.551059,1.258260
1.551609,1.258030
1.552159,1.257796
1.552709,1.257565
1.553259,1.257334
1.553809,1.257104
1.554359,1.256872
1.554909,1.256642
1.555459,1.256411
1.556009,1.256182
1.556559,1.255954
1.557110,1.255726
1.557660,1.255499
1.558210,1.255270
1.558760,1.255041
1.559310,1.254814
1.559860,1.254589
1.560410,1.254362
1.560960,1.254137
1.561510,1.253910
1.562060,1.253685
1.562610,1.253461
1.563161,1.253235
1.563711,1.253010
1.564261,1.252786
1.564811,1.252564
1.565361,1.252342
1.565911,1.252120
1.566461,1.251896
1.567011,1.251673
1.567561,1.251451
1.568111,1.251233
1.568661,1.251011
1.569212,1.250789
1.569762,1.250569
1.570312,1.250350
1.570862,1.250131
1.571412,1.249912
1.571962,1.249693
1.572512,1.249475
1.573062,1.249256
1.573612,1.249039
1.574162,1.248821
1.574712,1.248604
1.575263,1.248387
1.575813,1.248172
1.576363,1.247956
1.576913,1.247741
1.577463,1.247525
1.578013,1.247311
1.578563,1.247096
1.579113,1.246882
1.579663,1.246669
1.580213,1.246454
1.580763,1.246243
1.581314,1.246029
1.581864,1.245819
1.582414,1.245606
1.582964,1.245395
1.583514,1.245183
1.584064,1.244972
1.584614,1.244763
1.585164,1.244553
1.585714,1.244342
1.586264,1.244130
1.586814,1.243921
1.587365,1.243713
1.587915,1.243506
1.588465,1.243296
1.589015,1.243090
1.589565,1.242881
1.590115,1.242673
1.590665,1.242466
1.591215,1.242260
1.591765,1.242054
1.592315,1.241851
1.592865,1.241645
1.593416,1.241438
1.593966,1.241236
1.594516,1.241030
1.595066,1.240825
1.595616,1.240623
1.596166,1.240417
1.596716,1.240215
1.597266,1.240013
1.597816,1.239810
1.598366,1.239608
1.598916,1.239405
1.599467,1.239204
1.600017,1.239002
1.600567,1.238801
1.601117,1.238603
1.601667,1.238403
1.602217,1.238204
1.602767,1.238003
1.603317,1.237804
1.603867,1.237605
1.604417,1.237406
1.604967,1.237208
1.605518,1.237011
1.606068,1.236814
1.606618,1.236616
1.607168,1.236420
1.607718,1.236223
1.608268,1.236025
1.608818,1.235831
1.609368,1.235635
1.609918,1.235439
1.610468,1.235245
1.611019,1.235050
1.611569,1.234854
1.612119,1.234662
1.612669,1.234467
1.613219,1.234275
1.613769,1.234082
1.614319,1.233890
1.614869,1.233697
1.615419,1.233503
1.615969,1.233314
1.616519,1.233121
1.617070,1.232932
1.617620,1.232740
1.618170,1.232549
1.618720,1.232361
1.619270,1.232167
1.619820,1.231979
1.620370,1.231791
1.620920,1.231603
1.621470,1.231414
1.622020,1.231223
1.622570,1.231036
1.623121,1.230848
1.623671,1.230660
1.624221,1.230474
1.624771,1.230287
1.625321,1.230102
1.625871,1.229914
1.626421,1.229728
1.626971,1.229544
1.627521,1.229358
1.628071,1.229173
1.628621,1.228988
1.629172,1.228804
1.629722,1.228621
1.630272,1.228437
1.630822,1.228253
1.631372,1.228069
1.631922,1.227886
1.632472,1.227703
1.633022,1.227522
1.633572,1.227340
1.634122,1.227159
1.634672,1.226978
1.635223,1.226796
1.635773,1.226615
1.636323,1.226434
1.636873,1.226253
1.637423,1.226075
1.637973,1.225894
1.638523,1.225714
1.639073,1.225537
1.639623,1.225358
1.640173,1.225179
1.640723,1.225002
1.641274,1.224822
1.641824,1.224645
1.642374,1.224468
1.642924,1.224291
1.643474,1.224115
1.644024,1.223939
1.644574,1.223761
1.645124,1.223587
1.645674,1.223410
1.646224,1.223237
1.646774,1.223061
1.647325,1.222885
1.647875,1.222712
1.648425,1.222537
1.648975,1.222365
1.649525,1.222188
1.650075,1.222016
1.650625,1.221845
1.651175,1.221672
1.651725,1.221498
1.652275,1.221328
1.652825,1.221155
1.653376,1.220984
1.653926,1.220810
1.654476,1.220641
1.655026,1.220469
1.655576,1.220300
1.656126,1.220129
1.656676,1.219959
1.657226,1.219790
1.657776,1.219621
1.658326,1.219452
1.658876,1.219283
1.659427,1.219113
1.659977,1.218948
1.660527,1.218780
1.661077,1.218612
1.661627,1.218443
1.662177,1.218279
1.662727,1.218111
1.663277,1.217943
1.663827,1.217777
1.664377,1.217609
1.664927,1.217443
1.665478,1.217279
1.666028,1.217114
1.666578,1.216949
1.667128,1.216784
1.667678,1.216620
1.668228,1.216453
1.668778,1.216292
1.669328,1.216128
1.669878,1.215964
1.670428,1.215803
1.670978,1.215639
1.671529,1.215478
1.672079,1.215313
1.672629,1.215153
1.673179,1.214991
1.673729,1.214829
1.674279,1.214668
1.674829,1.214508
1.675379,1.214346
1.675929,1.214185
1.676479,1.214026
1.677030,1.213865
1.677580,1.213707
1.678130,1.213548
1.678680,1.213387
1.679230,1.213227
1.679780,1.213068
1.680330,1.212912
1.680880,1.212753
1.681430,1.212594
1.681980,1.212438
1.682530,1.212279
1.683081,1.212124
1.683631,1.211965
1.684181,1.211809
1.684731,1.211652
1.685281,1.211497
1.685831,1.211341
1.686381,1.211187
1.686931,1.211033
1.687481,1.210875
1.688031,1.210721
1.688581,1.210568
1.689132,1.210413
1.689682,1.210256
1.690232,1.210104
1.690782,1.209951
1.691332,1.209799
1.691882,1.209643
1.692432,1.209492
1.692982,1.209340
1.693532,1.209187
1.694082,1.209036
1.694632,1.208884
1.695183,1.208731
1.695733,1.208581
1.696283,1.208430
1.696833,1.208279
1.697383,1.208127
1.697933,1.207976
1.698483,1.207827
1.699033,1.207677
1.699583,1.207526
1.700133,1.207377
1.700683,1.207227
1.701234,1.207079
1.701784,1.206933
1.702334,1.206783
1.702884,1.206635
1.703434,1.206487
1.703984,1.206339
1.704534,1.206193
1.705084,1.206045
1.705634,1.205899
1.706184,1.205751
1.706734,1.205605
1.707285,1.205459
1.707835,1.205314
1.708385,1.205167
1.708935,1.205022
1.709485,1.204877
1.710035,1.204731
1.710585,1.204587
1.711135,1.204442
1.711685,1.204297
1.712235,1.204154
1.712785,1.204010
1.713336,1.203866
1.713886,1.203723
1.714436,1.203580
1.714986,1.203435
1.715536,1.203294
1.716086,1.203152
1.716636,1.203009
1.717186,1.202868
1.717736,1.202725
1.718286,1.202585
1.718836,1.202442
1.719387,1.202302
1.719937,1.202159
1.720487,1.202019
1.721037,1.201878
1.721587,1.201739
1.722137,1.201601
1.722687,1.201460
1.723237,1.201320
1.723787,1.201180
1.724337,1.201041
1.724887,1.200903
1.725438,1.200767
1.725988,1.200627
1.726538,1.200490
1.727088,1.200352
1.727638,1.200212
1.728188,1.200075
1.728738,1.199937
1.729288,1.199800
1.729838,1.199665
1.730388,1.199529
1.730938,1.199391
1.731489,1.199256
1.732039,1.199121
1.732589,1.198984
1.733139,1.198848
1.733689,1.198712
1.734239,1.198577
1.734789,1.198445
1.735339,1.198308
1.735889,1.198174
1.736439,1.198040
1.736989,1.197906
1.737540,1.197773
1.738090,1.197638
1.738640,1.197505
1.739190,1.197371
1.739740,1.197238
1.740290,1.197107
1.740840,1.196975
1.741390,1.196841
1.741940,1.196711
1.742490,1.196579
1.743041,1.196447
1.743591,1.196314
1.744141,1.196184
1.744691,1.196053
1.745241,1.195924
1.745791,1.195794
1.746341,1.195661
1.746891,1.195532
1.747441,1.195402
1.747991,1.195273
1.748541,1.195143
1.749092,1.195012
1.749642,1.194884
1.750192,1.194757
1.750742,1.194628
1.751292,1.194499
1.751842,1.194373
1.752392,1.194242
1.752942,1.194115
1.753492,1.193986
1.754042,1.193860
1.754592,1.193732
1.755143,1.193605
1.755693,1.193479
1.756243,1.193353
1.756793,1.193227
1.757343,1.193101
1.757893,1.192975
1.758443,1.192847
1.758993,1.192723
1.759543,1.192598
1.760093,1.192473
1.760643,1.192349
1.761194,1.192224
1.761744,1.192100
1.762294,1.191974
1.762844,1.191850
1.763394,1.191726
1.763944,1.191603
1.764494,1.191479
1.765044,1.191355
1.765594,1.191232
1.766144,1.191110
1.766694,1.190984
1.767245,1.190864
1.767795,1.190739
1.768345,1.190619
1.768895,1.190498
1.769445,1.190378
1.769995,1.190256
1.770545,1.190134
1.771095,1.190012
1.771645,1.189892
1.772195,1.189772
1.772745,1.189651
1.773296,1.189531
1.773846,1.189410
1.774396,1.189289
1.774946,1.189170
1.775496,1.189048
1.776046,1.188930
1.776596,1.188812
1.777146,1.188693
1.777696,1.188573
1.778246,1.188456
1.778796,1.188337
1.779347,1.188219
1.779897,1.188101
1.780447,1.187982
1.780997,1.187865
1.781547,1.187747
1.782097,1.187630
1.782647,1.187513
1.783197,1.187397
1.783747,1.187279
1.784297,1.187163
1.784847,1.187047
1.785398,1.186931
1.785948,1.186815
1.786498,1.186700
1.787048,1.186584
1.787598,1.186470
1.788148,1.186353
1.788698,1.186238
1.789248,1.186123
1.789798,1.186010
1.790348,1.185894
1.790898,1.185781
1.791449,1.185667
1.791999,1.185552
1.792549,1.185438
1.793099,1.185325
1.793649,1.185211
1.794199,1.185098
1.794749,1.184984
1.795299,1.184873
1.795849,1.184761
1.796399,1.184648
1.796949,1.184535
1.797500,1.184422
1.798050,1.184310
1.798600,1.184199
1.799150,1.184088
1.799700,1.183975
1.800250,1.183863
1.800800,1.183753
1.801350,1.183643
1.801900,1.183534
1.802450,1.183423
1.803001,1.183311
1.803551,1.183201
1.804101,1.183091
1.804651,1.182981
1.805201,1.182872
1.805751,1.182763
1.806301,1.182652
1.806851,1.182544
1.807401,1.182436
1.807951,1.182328
1.808501,1.182219
1.809052,1.182111
1.809602,1.182002
1.810152,1.181895
1.810702,1.181787
1.811252,1.181678
1.811802,1.181572
1.812352,1.181464
1.812902,1.181359
1.813452,1.181250
1.814002,1.181143
1.814552,1.181037
1.815103,1.180931
1.815653,1.180825
1.816203,1.180719
1.816753,1.180613
1.817303,1.180506
1.817853,1.180402
1.818403,1.180295
1.818953,1.180190
1.819503,1.180087
1.820053,1.179980
1.820603,1.179875
1.821154,1.179771
1.821704,1.179667
1.822254,1.179562
1.822804,1.179458
1.823354,1.179353
1.823904,1.179251
1.824454,1.179145
1.825004,1.179043
1.825554,1.178940
1.826104,1.178835
1.826654,1.178734
1.827205,1.178631
1.827755,1.178529
1.828305,1.178428
1.828855,1.178322
1.829405,1.178222
1.829955,1.178120
1.830505,1.178019
1.831055,1.177915
1.831605,1.177815
1.832155,1.177712
1.832705,1.177615
1.833256,1.177512
1.833806,1.177412
1.834356,1.177312
1.834906,1.177210
1.835456,1.177111
1.836006,1.177011
1.836556,1.176910
1.837106,1.176811
1.837656,1.176711
1.838206,1.176612
1.838756,1.176513
1.839307,1.176414
1.839857,1.176313
1.840407,1.176216
1.840957,1.176117
1.841507,1.176017
1.842057,1.175919
1.842607,1.175822
1.843157,1.175725
1.843707,1.175625
1.844257,1.175528
1.844807,1.175429
1.845358,1.175334
1.845908,1.175234
1.846458,1.175139
1.847008,1.175043
1.847558,1.174946
1.848108,1.174849
1.848658,1.174751
1.849208,1.174656
1.849758,1.174560
1.850308,1.174464
1.850858,1.174366
1.851409,1.174271
1.851959,1.174175
1.852509,1.174081
1.853059,1.173985
1.853609,1.173889
1.854159,1.173795
1.854709,1.173700
1.855259,1.173605
1.855809,1.173512
1.856359,1.173417
1.856909,1.173324
1.857460,1.173229
1.858010,1.173134
1.858560,1.173041
1.859110,1.172947
1.859660,1.172854
1.860210,1.172761
1.860760,1.172668
1.861310,1.172575
1.861860,1.172482
1.862410,1.172388
1.862960,1.172297
1.863511,1.172206
1.864061,1.172112
1.864611,1.172019
1.865161,1.171929
1.865711,1.171836
1.866261,1.171746
1.866811,1.171655
1.867361,1.171561
1.867911,1.171470
1.868461,1.171381
1.869012,1.171287
1.869562,1.171198
1.870112,1.171107
1.870662,1.171018
1.871212,1.170928
1.871762,1.170837
1.872312,1.170747
1.872862,1.170658
1.873412,1.170569
1.873962,1.170478
1.874512,1.170389
1.875063,1.170300
1.875613,1.170209
1.876163,1.170121
1.876713,1.170033
1.877263,1.169942
1.877813,1.169856
1.878363,1.169767
1.878913,1.169678
1.879463,1.169590
1.880013,1.169502
1.880563,1.169415
1.881114,1.169326
1.881664,1.169238
1.882214,1.169149
1.882764,1.169062
1.883314,1.168974
1.883864,1.168889
1.884414,1.168803
1.884964,1.168716
1.885514,1.168629
1.886064,1.168543
1.886614,1.168458
1.887165,1.168370
1.887715,1.168284
1.888265,1.168197
1.888815,1.168111
1.889365,1.168026
1.889915,1.167942
1.890465,1.167857
1.891015,1.167769
1.891565,1.167686
1.892115,1.167600
1.892665,1.167515
1.893216,1.167430
1.893766,1.167345
1.894316,1.167262
1.894866,1.167177
1.895416,1.167092
1.895966,1.167009
1.896516,1.166926
1.897066,1.166841
1.897616,1.166757
1.898166,1.166675
1.898716,1.166592
1.899267,1.166510
1.899817,1.166424
1.900367,1.166342
1.900917,1.166258
1.901467,1.166176
1.902017,1.166093
1.902567,1.166010
1.903117,1.165929
1.903667,1.165845
1.904217,1.165765
1.904767,1.165683
1.905318,1.165602
1.905868,1.165520
1.906418,1.165438
1.906968,1.165358
1.907518,1.165276
1.908068,1.165195
1.908618,1.165112
1.909168,1.165031
1.909718,1.164952
1.910268,1.164871
1.910818,1.164793
1.911369,1.164710
1.911919,1.164632
1.912469,1.164550
1.913019,1.164470
1.913569,1.164390
1.914119,1.164310
1.914669,1.164232
1.915219,1.164152
1.915769,1.164072
1.916319,1.163991
1.916869,1.163915
1.917420,1.163834
1.917970,1.163754
1.918520,1.163677
1.919070,1.163597
1.919620,1.163521
1.920170,1.163444
1.920720,1.163364
1.921270,1.163286
1.921820,1.163206
1.922370,1.163129
1.922920,1.163051
1.923471,1.162975
1.924021,1.162897
1.924571,1.162819
1.925121,1.162742
1.925671,1.162666
1.926221,1.162589
1.926771,1.162512
1.927321,1.162436
1.927871,1.162358
1.928421,1.162282
1.928971,1.162204
1.929522,1.162130
1.930072,1.162053
1.930622,1.161977
1.931172,1.161903
1.931722,1.161826
1.932272,1.161752
1.932822,1.161676
1.933372,1.161599
1.933922,1.161524
1.934472,1.161449
1.935023,1.161376
1.935573,1.161300
1.936123,1.161224
1.936673,1.161151
1.937223,1.161075
1.937773,1.161001
1.938323,1.160927
1.938873,1.160851
1.939423,1.160779
1.939973,1.160706
1.940523,1.160632
1.941074,1.160558
1.941624,1.160483
1.942174,1.160412
1.942724,1.160337
1.943274,1.160264
1.943824,1.160191
1.944374,1.160117
1.944924,1.160046
1.945474,1.159973
1.946024,1.159900
1.946574,1.159827
1.947125,1.159757
1.947675,1.159683
1.948225,1.159610
1.948775,1.159538
1.949325,1.159464
1.949875,1.159396
1.950425,1.159324
1.950975,1.159251
1.951525,1.159181
1.952075,1.159109
1.952625,1.159038
1.953176,1.158968
1.953726,1.158895
1.954276,1.158824
1.954826,1.158752
1.955376,1.158683
1.955926,1.158612
1.956476,1.158540
1.957026,1.158470
1.957576,1.158401
1.958126,1.158331
1.958676,1.158261
1.959227,1.158190
1.959777,1.158120
1.960327,1.158051
1.960877,1.157979
1.961427,1.157914
1.961977,1.157841
1.962527,1.157773
1.963077,1.157705
1.963627,1.157637
1.964177,1.157566
1.964727,1.157498
1.965278,1.157428
1.965828,1.157359
1.966378,1.157290
1.966928,1.157223
1.967478,1.157155
1.968028,1.157085
1.968578,1.157019
1.969128,1.156949
1.969678,1.156883
1.970228,1.156814
1.970778,1.156747
1.971329,1.156680
1.971879,1.156614
1.972429,1.156544
1.972979,1.156476
1.973529,1.156412
1.974079,1.156345
1.974629,1.156277
1.975179,1.156212
1.975729,1.156144
1.976279,1.156077
1.976829,1.156013
1.977380,1.155945
1.977930,1.155879
1.978480,1.155812
1.979030,1.155746
1.979580,1.155681
1.980130,1.155616
1.980680,1.155550
1.981230,1.155484
1.981780,1.155419
1.982330,1.155352
1.982880,1.155287
1.983431,1.155223
1.983981,1.155158
1.984531,1.155093
1.985081,1.155028
1.985631,1.154965
1.986181,1.154898
1.986731,1.154834
1.987281,1.154770
1.987831,1.154705
1.988381,1.154642
1.988931,1.154578
1.989482,1.154514
1.990032,1.154449
1.990582,1.154387
1.991132,1.154324
1.991682,1.154258
1.992232,1.154196
1.992782,1.154130
1.993332,1.154068
1.993882,1.154004
1.994432,1.153941
1.994982,1.153879
1.995533,1.153818
1.996083,1.153752
1.996633,1.153691
1.997183,1.153625
1.997733,1.153565
1.998283,1.153502
1.998833,1.153440
1.999383,1.153378
1.999933,1.153316
2.000483,1.153253
2.001034,1.153192
2.001584,1.153128
2.002134,1.153068
2.002684,1.153007
2.003234,1.152942
2.003784,1.152882
2.004334,1.152823
2.004884,1.152759
2.005434,1.152701
2.005984,1.152639
2.006534,1.152576
2.007085,1.152516
2.007635,1.152454
2.008185,1.152395
2.008735,1.152335
2.009285,1.152273
2.009835,1.152214
2.010385,1.152155
2.010935,1.152093
2.011485,1.152032
2.012035,1.151973
2.012585,1.151914
2.013136,1.151855
2.013686,1.151796
2.014236,1.151734
2.014786,1.151676
2.015336,1.151616
2.015886,1.151558
2.016436,1.151498
2.016986,1.151437
2.017536,1.151379
2.018086,1.151320
2.018636,1.151262
2.019187,1.151201
2.019737,1.151142
2.020287,1.151085
2.020837,1.151027
2.021387,1.150968
2.021937,1.150910
2.022487,1.150850
2.023037,1.150794
2.023587,1.150736
2.024137,1.150679
2.024687,1.150620
2.025238,1.150564
2.025788,1.150504
2.026338,1.150447
2.026888,1.150390
2.027438,1.150331
2.027988,1.150274
2.028538,1.150218
2.029088,1.150158
2.029638,1.150105
2.030188,1.150046
2.030738,1.149989
2.031289,1.149931
2.031839,1.149877
2.032389,1.149820
2.032939,1.149765
2.033489,1.149706
2.034039,1.149651
2.034589,1.149595
2.035139,1.149539
2.035689,1.149482
2.036239,1.149427
2.036789,1.149370
2.037340,1.149315
2.037890,1.149259
2.038440,1.149204
2.038990,1.149149
2.039540,1.149094
2.040090,1.149037
2.040640,1.148981
2.041190,1.148928
2.041740,1.148870
2.042290,1.148817
2.042840,1.148762
2.043391,1.148707
2.043941,1.148654
2.044491,1.148596
2.045041,1.148544
2.045591,1.148490
2.046141,1.148437
2.046691,1.148380
2.047241,1.148327
2.047791,1.148273
2.048341,1.148218
2.048891,1.148164
2.049442,1.148110
2.049992,1.148057
2.050542,1.148003
2.051092,1.147950
2.051642,1.147897
2.052192,1.147842
2.052742,1.147789
2.053292,1.147736
2.053842,1.147683
2.054392,1.147630
2.054942,1.147578
2.055493,1.147524
2.056043,1.147471
2.056593,1.147417
2.057143,1.147366
2.057693,1.147313
2.058243,1.147260
2.058793,1.147209
2.059343,1.147155
2.059893,1.147103
2.060443,1.147050
2.060993,1.146998
2.061544,1.146947
2.062094,1.146894
2.062644,1.146842
2.063194,1.146791
2.063744,1.146739
2.064294,1.146688
2.064844,1.146636
2.065394,1.146585
2.065944,1.146532
2.066494,1.146482
2.067045,1.146431
2.067595,1.146379
2.068145,1.146330
2.068695,1.146278
2.069245,1.146226
2.069795,1.146176
2.070345,1.146125
2.070895,1.146076
2.071445,1.146025
2.071995,1.145976
2.072545,1.145924
2.073096,1.145870
2.073646,1.145824
2.074196,1.145773
2.074746,1.145722
2.075296,1.145673
2.075846,1.145624
2.076396,1.145574
2.076946,1.145524
2.077496,1.145474
2.078046,1.145426
2.078596,1.145376
2.079147,1.145326
2.079697,1.145275
2.080247,1.145228
2.080797,1.145177
2.081347,1.145129
2.081897,1.145078
2.082447,1.145030
2.082997,1.144982
2.083547,1.144932
2.084097,1.144886
2.084647,1.144835
2.085198,1.144786
2.085748,1.144740
2.086298,1.144692
2.086848,1.144644
2.087398,1.144593
2.087948,1.144546
2.088498,1.144499
2.089048,1.144450
2.089598,1.144401
2.090148,1.144353
2.090698,1.144306
2.091249,1.144258
2.091799,1.144210
2.092349,1.144163
2.092899,1.144115
2.093449,1.144069
2.093999,1.144020
2.094549,1.143973
2.095099,1.143925
2.095649,1.143878
2.096199,1.143833
2.096749,1.143787
2.097300,1.143740
2.097850,1.143692
2.098400,1.143644
2.098950,1.143598
2.099500,1.143551
2.100050,1.143505
2.100600,1.143458
2.101150,1.143413
2.101700,1.143366
2.102250,1.143318
2.102800,1.143272
2.103351,1.143226
2.103901,1.143181
2.104451,1.143137
2.105001,1.143088
2.105551,1.143043
2.106101,1.142995
2.106651,1.142951
2.107201,1.142906
2.107751,1.142861
2.108301,1.142816
2.108851,1.142770
2.109402,1.142724
2.109952,1.142681
2.110502,1.142634
2.111052,1.142590
2.111602,1.142544
2.112152,1.142500
2.112702,1.142455
2.113252,1.142409
2.113802,1.142364
2.114352,1.142319
2.114902,1.142275
2.115453,1.142231
2.116003,1.142185
2.116553,1.142142
2.117103,1.142096
2.117653,1.142053
2.118203,1.142009
2.118753,1.141966
2.119303,1.141922
2.119853,1.141876
2.120403,1.141834
2.120953,1.141790
2.121504,1.141747
2.122054,1.141699
2.122604,1.141656
2.123154,1.141615
2.123704,1.141573
2.124254,1.141527
2.124804,1.141483
2.125354,1.141440
2.125904,1.141397
2.126454,1.141355
2.127005,1.141312
2.127555,1.141268
2.128105,1.141225
2.128655,1.141183
2.129205,1.141140
2.129755,1.141096
2.130305,1.141056
2.130855,1.141011
2.131405,1.140967
2.131955,1.140928
2.132505,1.140884
2.133056,1.140841
2.133606,1.140798
2.134156,1.140758
2.134706,1.140715
2.135256,1.140671
2.135806,1.140634
2.136356,1.140591
2.136906,1.140547
2.137456,1.140506
2.138006,1.140462
2.138556,1.140423
2.139107,1.140381
2.139657,1.140339
2.140207,1.140298
2.140757,1.140255
2.141307,1.140214
2.141857,1.140174
2.142407,1.140131
2.142957,1.140091
2.143507,1.140048
2.144057,1.140010
2.144607,1.139966
2.145158,1.139928
2.145708,1.139887
2.146258,1.139844
2.146808,1.139805
2.147358,1.139764
2.147908,1.139724
2.148458,1.139683
2.149008,1.139642
2.149558,1.139603
2.150108,1.139562
2.150658,1.139522
2.151209,1.139480
2.151759,1.139442
2.152309,1.139400
2.152859,1.139360
2.153409,1.139322
2.153959,1.139281
2.154509,1.139242
2.155059,1.139203
2.155609,1.139163
2.156159,1.139122
2.156709,1.139082
2.157260,1.139043
2.157810,1.139004
2.158360,1.138965
2.158910,1.138926
2.159460,1.138886
2.160010,1.138848
2.160560,1.138809
2.161110,1.138770
2.161660,1.138730
2.162210,1.138692
2.162760,1.138651
2.163311,1.138613
2.163861,1.138574
2.164411,1.138536
2.164961,1.138497
2.165511,1.138459
2.166061,1.138420
2.166611,1.138381
2.167161,1.138344
2.167711,1.138305
2.168261,1.138266
2.168811,1.138227
2.169362,1.138188
2.169912,1.138153
2.170462,1.138115
2.171012,1.138077
2.171562,1.138040
2.172112,1.138001
2.172662,1.137962
2.173212,1.137925
2.173762,1.137886
2.174312,1.137851
2.174862,1.137813
2.175413,1.137775
2.175963,1.137736
2.176513,1.137700
2.177063,1.137663
2.177613,1.137627
2.178163,1.137589
2.178713,1.137553
2.179263,1.137513
2.179813,1.137476
2.180363,1.137441
2.180913,1.137403
2.181464,1.137366
2.182014,1.137330
2.182564,1.137294
2.183114,1.137259
2.183664,1.137220
2.184214,1.137184
2.184764,1.137145
2.185314,1.137110
2.185864,1.137074
2.186414,1.137040
2.186964,1.137001
2.187515,1.136966
2.188065,1.136929
2.188615,1.136891
2.189165,1.136856
2.189715,1.136821
2.190265,1.136786
2.190815,1.136748
2.191365,1.136713
2.191915,1.136677
2.192465,1.136641
2.193016,1.136606
2.193566,1.136570
2.194116,1.136535
2.194666,1.136499
2.195216,1.136465
2.195766,1.136428
2.196316,1.136393
2.196866,1.136358
2.197416,1.136323
2.197966,1.136287
2.198516,1.136253
2.199067,1.136217
2.199617,1.136183
2.200167,1.136147
2.200717,1.136115
2.201267,1.136077
2.201817,1.136043
2.202367,1.136009
2.202917,1.135974
2.203467,1.135939
2.204017,1.135905
2.204567,1.135870
2.205118,1.135836
2.205668,1.135801
2.206218,1.135768
2.206768,1.135732
2.207318,1.135697
2.207868,1.135665
2.208418,1.135629
2.208968,1.135596
2.209518,1.135560
2.210068,1.135527
2.210618,1.135495
2.211169,1.135459
2.211719,1.135427
2.212269,1.135390
2.212819,1.135356
2.213369,1.135324
2.213919,1.135291
2.214469,1.135256
2.215019,1.135225
2.215569,1.135189
2.216119,1.135156
2.216669,1.135123
2.217220,1.135090
2.217770,1.135057
2.218320,1.135025
2.218870,1.134989
2.219420,1.134958
2.219970,1.134925
2.220520,1.134893
2.221070,1.134859
2.221620,1.134825
2.222170,1.134794
2.222720,1.134762
2.223271,1.134727
2.223821,1.134696
2.224371,1.134661
2.224921,1.134630
2.225471,1.134596
2.226021,1.134565
2.226571,1.134532
2.227121,1.134501
2.227671,1.134466
2.228221,1.134436
2.228771,1.134403
2.229322,1.134372
2.229872,1.134339
2.230422,1.134306
2.230972,1.134274
2.231522,1.134244
2.232072,1.134211
2.232622,1.134179
2.233172,1.134147
2.233722,1.134116
2.234272,1.134083
2.234822,1.134052
2.235373,1.134021
2.235923,1.133990
2.236473,1.133959
2.237023,1.133926
2.237573,1.133894
2.238123,1.133862
2.238673,1.133833
2.239223,1.133801
2.239773,1.133770
2.240323,1.133738
2.240873,1.133708
2.241424,1.133677
2.241974,1.133646
2.242524,1.133616
2.243074,1.133584
2.243624,1.133553
2.244174,1.133523
2.244724,1.133491
2.245274,1.133461
2.245824,1.133431
2.246374,1.133400
2.246924,1.133368
2.247475,1.133337
2.248025,1.133307
2.248575,1.133276
2.249125,1.133248
2.249675,1.133218
2.250225,1.133185
2.250775,1.133157
2.251325,1.133126
2.251875,1.133096
2.252425,1.133066
2.252975,1.133037
2.253526,1.133008
2.254076,1.132977
2.254626,1.132945
2.255176,1.132915
2.255726,1.132887
2.256276,1.132859
2.256826,1.132826
2.257376,1.132797
2.257926,1.132769
2.258476,1.132738
2.259027,1.132708
2.259577,1.132679
2.260127,1.132649
2.260677,1.132621
2.261227,1.132590
2.261777,1.132562
2.262327,1.132534
2.262877,1.132504
2.263427,1.132474
2.263977,1.132444
2.264527,1.132417
2.265078,1.132388
2.265628,1.132358
2.266178,1.132329
2.266728,1.132300
2.267278,1.132271
2.267828,1.132244
2.268378,1.132213
2.268928,1.132186
2.269478,1.132156
2.270028,1.132127
2.270578,1.132100
2.271129,1.132070
2.271679,1.132042
2.272229,1.132012
2.272779,1.131986
2.273329,1.131957
2.273879,1.131929
2.274429,1.131900
2.274979,1.131872
2.275529,1.131844
2.276079,1.131813
2.276629,1.131788
2.277180,1.131758
2.277730,1.131732
2.278280,1.131702
2.278830,1.131676
2.279380,1.131648
2.279930,1.131620
2.280480,1.131592
2.281030,1.131562
2.281580,1.131537
2.282130,1.131509
2.282680,1.131480
2.283231,1.131454
2.283781,1.131426
2.284331,1.131400
2.284881,1.131371
2.285431,1.131344
2.285981,1.131318
2.286531,1.131290
2.287081,1.131262
2.287631,1.131233
2.288181,1.131206
2.288731,1.131178
2.289282,1.131154
2.289832,1.131125
2.290382,1.131098
2.290932,1.131073
2.291482,1.131046
2.292032,1.131019
2.292582,1.130991
2.293132,1.130965
2.293682,1.130938
2.294232,1.130911
2.294782,1.130886
2.295333,1.130859
2.295883,1.130831
2.296433,1.130805
2.296983,1.130777
2.297533,1.130753
2.298083,1.130725
2.298633,1.130699
2.299183,1.130673
2.299733,1.130646
2.300283,1.130619
2.300833,1.130593
2.301384,1.130569
2.301934,1.130540
2.302484,1.130515
2.303034,1.130491
2.303584,1.130464
2.304134,1.130439
2.304684,1.130412
2.305234,1.130387
2.305784,1.130360
2.306334,1.130333
2.306884,1.130307
2.307435,1.130282
2.307985,1.130255
2.308535,1.130230
2.309085,1.130206
2.309635,1.130181
2.310185,1.130153
2.310735,1.130129
2.311285,1.130104
2.311835,1.130076
2.312385,1.130052
2.312935,1.130027
2.313486,1.130003
2.314036,1.129977
2.314586,1.129952
2.315136,1.129927
2.315686,1.129899
2.316236,1.129874
2.316786,1.129851
2.317336,1.129827
2.317886,1.129801
2.318436,1.129777
2.318986,1.129752
2.319537,1.129725
2.320087,1.129702
2.320637,1.129676
2.321187,1.129653
2.321737,1.129626
2.322287,1.129605
2.322837,1.129579
2.323387,1.129552
2.323937,1.129527
2.324487,1.129503
2.325038,1.129480
2.325588,1.129455
2.326138,1.129431
2.326688,1.129407
2.327238,1.129381
2.327788,1.129357
2.328338,1.129331
2.328888,1.129309
2.329438,1.129284
2.329988,1.129263
2.330538,1.129237
2.331089,1.129213
2.331639,1.129190
2.332189,1.129165
2.332739,1.129141
2.333289,1.129116
2.333839,1.129091
2.334389,1.129068
2.334939,1.129044
2.335489,1.129021
2.336039,1.128998
2.336589,1.128974
2.337140,1.128948
2.337690,1.128925
2.338240,1.128902
2.338790,1.128879
2.339340,1.128855
2.339890,1.128830
2.340440,1.128809
2.340990,1.128785
2.341540,1.128761
2.342090,1.128739
2.342640,1.128716
2.343191,1.128694
2.343741,1.128669
2.344291,1.128645
2.344841,1.128623
2.345391,1.128599
2.345941,1.128577
2.346491,1.128555
2.347041,1.128531
2.347591,1.128507
2.348141,1.128484
2.348691,1.128462
2.349242,1.128438
2.349792,1.128415
2.350342,1.128392
2.350892,1.128369
2.351442,1.128348
2.351992,1.128326
2.352542,1.128303
2.353092,1.128279
2.353642,1.128257
2.354192,1.128236
2.354742,1.128212
2.355293,1.128189
2.355843,1.128166
2.356393,1.128145
2.356943,1.128120
2.357493,1.128101
2.358043,1.128077
2.358593,1.128055
2.359143,1.128032
2.359693,1.128011
2.360243,1.127988
2.360793,1.127964
2.361344,1.127943
2.361894,1.127922
2.362444,1.127900
2.362994,1.127879
2.363544,1.127856
2.364094,1.127834
2.364644,1.127812
2.365194,1.127793
2.365744,1.127768
2.366294,1.127748
2.366844,1.127725
2.367395,1.127705
2.367945,1.127681
2.368495,1.127660
2.369045,1.127637
2.369595,1.127618
2.370145,1.127596
2.370695,1.127574
2.371245,1.127552
2.371795,1.127530
2.372345,1.127510
2.372895,1.127488
2.373446,1.127467
2.373996,1.127447
2.374546,1.127425
2.375096,1.127404
2.375646,1.127382
2.376196,1.127362
2.376746,1.127340
2.377296,1.127319
2.377846,1.127298
2.378396,1.127276
2.378946,1.127255
2.379497,1.127235
2.380047,1.127213
2.380597,1.127192
2.381147,1.127172
2.381697,1.127151
2.382247,1.127131
2.382797,1.127109
2.383347,1.127090
2.383897,1.127067
2.384447,1.127046
2.384997,1.127025
2.385548,1.127004
2.386098,1.126985
2.386648,1.126965
2.387198,1.126945
2.387748,1.126922
2.388298,1.126900
2.388848,1.126883
2.389398,1.126862
2.389948,1.126843
2.390498,1.126822
2.391049,1.126800
2.391599,1.126780
2.392149,1.126760
2.392699,1.126740
2.393249,1.126720
2.393799,1.126701
2.394349,1.126681
2.394899,1.126659
2.395449,1.126639
2.395999,1.126619
2.396549,1.126601
2.397100,1.126581
2.397650,1.126560
2.398200,1.126540
2.398750,1.126520
2.399300,1.126500
2.399850,1.126479
2.400400,1.126460
2.400950,1.126440
2.401500,1.126420
2.402050,1.126400
2.402600,1.126382
2.403151,1.126360
2.403701,1.126341
2.404251,1.126323
2.404801,1.126303
2.405351,1.126285
2.405901,1.126265
2.406451,1.126243
2.407001,1.126225
2.407551,1.126206
2.408101,1.126186
2.408651,1.126168
2.409202,1.126148
2.409752,1.126127
2.410302,1.126111
2.410852,1.126091
2.411402,1.126070
2.411952,1.126051
2.412502,1.126033
2.413052,1.126015
2.413602,1.125997
2.414152,1.125976
2.414702,1.125957
2.415253,1.125938
2.415803,1.125917
2.416353,1.125899
2.416903,1.125881
2.417453,1.125861
2.418003,1.125843
2.418553,1.125825
2.419103,1.125806
2.419653,1.125788
2.420203,1.125767
2.420753,1.125750
2.421304,1.125731
2.421854,1.125713
2.422404,1.125695
2.422954,1.125675
2.423504,1.125657
2.424054,1.125639
2.424604,1.125620
2.425154,1.125602
2.425704,1.125584
2.426254,1.125567
2.426804,1.125547
2.427355,1.125527
2.427905,1.125510
2.428455,1.125493
2.429005,1.125474
2.429555,1.125454
2.430105,1.125438
2.430655,1.125419
2.431205,1.125401
2.431755,1.125383
2.432305,1.125364
2.432855,1.125346
2.433406,1.125329
2.433956,1.125309
2.434506,1.125292
2.435056,1.125271
2.435606,1.125257
2.436156,1.125239
2.436706,1.125221
2.437256,1.125203
2.437806,1.125185
2.438356,1.125168
2.438906,1.125150
2.439457,1.125132
2.440007,1.125113
2.440557,1.125097
2.441107,1.125079
2.441657,1.125059
2.442207,1.125043
2.442757,1.125027
2.443307,1.125008
2.443857,1.124992
2.444407,1.124973
2.444957,1.124956
2.445508,1.124938
2.446058,1.124921
2.446608,1.124905
2.447158,1.124886
2.447708,1.124870
2.448258,1.124854
2.448808,1.124834
2.449358,1.124817
2.449908,1.124801
2.450458,1.124782
2.451009,1.124767
2.451559,1.124750
2.452109,1.124732
2.452659,1.124714
2.453209,1.124699
2.453759,1.124680
2.454309,1.124664
2.454859,1.124647
2.455409,1.124630
2.455959,1.124612
2.456509,1.124597
2.457060,1.124579
2.457610,1.124561
2.458160,1.124545
2.458710,1.124527
2.459260,1.124513
2.459810,1.124494
2.460360,1.124478
2.460910,1.124462
2.461460,1.124445
2.462010,1.124428
2.462560,1.124413
2.463111,1.124395
2.463661,1.124378
2.464211,1.124363
2.464761,1.124345
2.465311,1.124328
2.465861,1.124311
2.466411,1.124296
2.466961,1.124281
2.467511,1.124264
2.468061,1.124247
2.468611,1.124230
2.469162,1.124214
2.469712,1.124198
2.470262,1.124182
2.470812,1.124165
2.471362,1.124149
2.471912,1.124134
2.472462,1.124118
2.473012,1.124100
2.473562,1.124085
2.474112,1.124069
2.474662,1.124054
2.475213,1.124036
2.475763,1.124021
2.476313,1.124006
2.476863,1.123990
2.477413,1.123973
2.477963,1.123958
2.478513,1.123941
2.479063,1.123927
2.479613,1.123910
2.480163,1.123895
2.480713,1.123881
2.481264,1.123862
2.481814,1.123848
2.482364,1.123832
2.482914,1.123818
2.483464,1.123800
2.484014,1.123785
2.484564,1.123768
2.485114,1.123752
2.485664,1.123738
2.486214,1.123722
2.486764,1.123706
2.487315,1.123690
2.487865,1.123676
2.488415,1.123661
2.488965,1.123646
2.489515,1.123629
2.490065,1.123612
2.490615,1.123599
2.491165,1.123583
2.491715,1.123569
2.492265,1.123554
2.492815,1.123537
2.493366,1.123522
2.493916,1.123507
2.494466,1.123493
2.495016,1.123477
2.495566,1.123463
2.496116,1.123449
2.496666,1.123430
2.497216,1.123415
2.497766,1.123402
2.498316,1.123386
2.498866,1.123372
2.499417,1.123358
2.499967,1.123341
2.500517,1.123325
2.501067,1.123312
2.501617,1.123295
2.502167,1.123281
2.502717,1.123267
2.503267,1.123252
2.503817,1.123237
2.504367,1.123223
2.504917,1.123209
2.505468,1.123195
2.506018,1.123178
2.506568,1.123164
2.507118,1.123148
2.507668,1.123135
2.508218,1.123121
2.508768,1.123107
2.509318,1.123091
2.509868,1.123077
2.510418,1.123062
2.510968,1.123046
2.511519,1.123032
2.512069,1.123017
2.512619,1.123005
2.513169,1.122989
2.513719,1.122975
2.514269,1.122959
2.514819,1.122946
2.515369,1.122931
2.515919,1.122918
2.516469,1.122905
2.517020,1.122891
2.517570,1.122875
2.518120,1.122861
2.518670,1.122848
2.519220,1.122834
2.519770,1.122819
2.520320,1.122806
2.520870,1.122791
2.521420,1.122775
2.521970,1.122763
2.522520,1.122747
2.523071,1.122734
2.523621,1.122720
2.524171,1.122705
2.524721,1.122692
2.525271,1.122678
2.525821,1.122666
2.526371,1.122651
2.526921,1.122637
2.527471,1.122622
2.528021,1.122611
2.528571,1.122595
2.529122,1.122582
2.529672,1.122570
2.530222,1.122553
2.530772,1.122539
2.531322,1.122525
2.531872,1.122513
2.532422,1.122499
2.532972,1.122486
2.533522,1.122472
2.534072,1.122458
2.534622,1.122445
2.535173,1.122431
2.535723,1.122417
2.536273,1.122402
2.536823,1.122390
2.537373,1.122376
2.537923,1.122365
2.538473,1.122349
2.539023,1.122338
2.539573,1.122323
2.540123,1.122308
2.540673,1.122296
2.541224,1.122282
2.541774,1.122272
2.542324,1.122257
2.542874,1.122244
2.543424,1.122229
2.543974,1.122217
2.544524,1.122203
2.545074,1.122191
2.545624,1.122177
2.546174,1.122167
2.546724,1.122152
2.547275,1.122139
2.547825,1.122126
2.548375,1.122112
2.548925,1.122100
2.549475,1.122086
2.550025,1.122074
2.550575,1.122060
2.551125,1.122046
2.551675,1.122034
2.552225,1.122020
2.552775,1.122008
2.553326,1.121996
2.553876,1.121983
2.554426,1.121969
2.554976,1.121958
2.555526,1.121945
2.556076,1.121932
2.556626,1.121919
2.557176,1.121906
2.557726,1.121895
2.558276,1.121881
2.558826,1.121869
2.559377,1.121855
2.559927,1.121843
2.560477,1.121831
2.561027,1.121818
2.561577,1.121806
2.562127,1.121792
2.562677,1.121779
2.563227,1.121768
2.563777,1.121757
2.564327,1.121742
2.564877,1.121730
2.565428,1.121718
2.565978,1.121705
2.566528,1.121693
2.567078,1.121680
2.567628,1.121667
2.568178,1.121656
2.568728,1.121644
2.569278,1.121630
2.569828,1.121619
2.570378,1.121606
2.570928,1.121594
2.571479,1.121582
2.572029,1.121571
2.572579,1.121557
2.573129,1.121547
2.573679,1.121533
2.574229,1.121522
2.574779,1.121510
2.575329,1.121496
2.575879,1.121483
2.576429,1.121472
2.576979,1.121460
2.577530,1.121449
2.578080,1.121438
2.578630,1.121427
2.579180,1.121413
2.579730,1.121400
2.580280,1.121387
2.580830,1.121377
2.581380,1.121365
2.581930,1.121353
2.582480,1.121342
2.583031,1.121330
2.583581,1.121319
2.584131,1.121306
2.584681,1.121294
2.585231,1.121284
2.585781,1.121274
2.586331,1.121259
2.586881,1.121247
2.587431,1.121236
2.587981,1.121223
2.588531,1.121212
2.589082,1.121199
2.589632,1.121190
2.590182,1.121178
2.590732,1.121166
2.591282,1.121154
2.591832,1.121143
2.592382,1.121132
2.592932,1.121120
2.593482,1.121108
2.594032,1.121098
2.594582,1.121084
2.595133,1.121075
2.595683,1.121063
2.596233,1.121052
2.596783,1.121038
2.597333,1.121027
2.597883,1.121017
2.598433,1.121006
2.598983,1.120996
2.599533,1.120981
2.600083,1.120970
2.600633,1.120961
2.601184,1.120947
2.601734,1.120937
2.602284,1.120927
2.602834,1.120916
2.603384,1.120905
2.603934,1.120892
2.604484,1.120881
2.605034,1.120872
2.605584,1.120858
2.606134,1.120851
2.606684,1.120834
2.607235,1.120826
2.607785,1.120815
2.608335,1.120803
2.608885,1.120793
2.609435,1.120783
2.609985,1.120771
2.610535,1.120758
2.611085,1.120749
2.611635,1.120739
2.612185,1.120727
2.612735,1.120715
2.613286,1.120707
2.613836,1.120697
2.614386,1.120683
2.614936,1.120672
2.615486,1.120662
2.616036,1.120652
2.616586,1.120640
2.617136,1.120630
2.617686,1.120620
2.618236,1.120609
2.618786,1.120599
2.619337,1.120587
2.619887,1.120577
2.620437,1.120566
2.620987,1.120556
2.621537,1.120546
2.622087,1.120535
2.622637,1.120526
2.623187,1.120514
2.623737,1.120502
2.624287,1.120491
2.624837,1.120481
2.625388,1.120470
2.625938,1.120461
2.626488,1.120449
2.627038,1.120438
2.627588,1.120428
2.628138,1.120418
2.628688,1.120408
2.629238,1.120398
2.629788,1.120386
2.630338,1.120377
2.630888,1.120366
2.631439,1.120356
2.631989,1.120347
2.632539,1.120336
2.633089,1.120325
2.633639,1.120316
2.634189,1.120304
2.634739,1.120295
2.635289,1.120285
2.635839,1.120276
2.636389,1.120265
2.636939,1.120254
2.637490,1.120244
2.638040,1.120234
2.638590,1.120224
2.639140,1.120214
2.639690,1.120203
2.640240,1.120193
2.640790,1.120181
2.641340,1.120173
2.641890,1.120162
2.642440,1.120152
2.642990,1.120142
2.643541,1.120133
2.644091,1.120122
2.644641,1.120113
2.645191,1.120101
2.645741,1.120093
2.646291,1.120083
2.646841,1.120073
2.647391,1.120063
2.647941,1.120054
2.648491,1.120043
2.649042,1.120032
2.649592,1.120023
2.650142,1.120014
2.650692,1.120002
2.651242,1.119995
2.651792,1.119984
2.652342,1.119976
2.652892,1.119965
2.653442,1.119956
2.653992,1.119946
2.654542,1.119936
2.655093,1.119925
2.655643,1.119916
2.656193,1.119907
2.656743,1.119898
2.657293,1.119887
2.657843,1.119877
2.658393,1.119870
2.658943,1.119859
2.659493,1.119850
2.660043,1.119840
2.660593,1.119831
2.661144,1.119821
2.661694,1.119812
2.662244,1.119802
2.662794,1.119794
2.663344,1.119785
2.663894,1.119772
2.664444,1.119763
2.664994,1.119752
2.665544,1.119745
2.666094,1.119734
2.666644,1.119727
2.667195,1.119717
2.667745,1.119707
2.668295,1.119698
2.668845,1.119689
2.669395,1.119678
2.669945,1.119669
2.670495,1.119662
2.671045,1.119652
2.671595,1.119643
2.672145,1.119634
2.672695,1.119624
2.673246,1.119615
2.673796,1.119605
2.674346,1.119596
2.674896,1.119588
2.675446,1.119577
2.675996,1.119569
2.676546,1.119560
2.677096,1.119550
2.677646,1.119544
2.678196,1.119532
2.678746,1.119524
2.679297,1.119513
2.679847,1.119505
2.680397,1.119495
2.680947,1.119486
2.681497,1.119478
2.682047,1.119470
2.682597,1.119462
2.683147,1.119451
2.683697,1.119443
2.684247,1.119433
2.684797,1.119425
2.685348,1.119416
2.685898,1.119407
2.686448,1.119400
2.686998,1.119390
2.687548,1.119380
2.688098,1.119372
2.688648,1.119364
2.689198,1.119355
2.689748,1.119346
2.690298,1.119337
2.690848,1.119328
2.691399,1.119318
2.691949,1.119311
2.692499,1.119301
2.693049,1.119294
2.693599,1.119286
2.694149,1.119275
2.694699,1.119267
2.695249,1.119257
2.695799,1.119250
2.696349,1.119239
2.696899,1.119233
2.697450,1.119223
2.698000,1.119214
2.698550,1.119207
2.699100,1.119198
2.699650,1.119189
2.700200,1.119182
2.700750,1.119173
2.701300,1.119164
2.701850,1.119155
2.702400,1.119147
2.702950,1.119140
2.703501,1.119132
2.704051,1.119122
2.704601,1.119113
2.705151,1.119106
2.705701,1.119097
2.706251,1.119088
2.706801,1.119079
2.707351,1.119072
2.707901,1.119062
2.708451,1.119054
2.709002,1.119048
2.709552,1.119037
2.710102,1.119029
2.710652,1.119022
2.711202,1.119014
2.711752,1.119004
2.712302,1.118997
2.712852,1.118989
2.713402,1.118982
2.713952,1.118971
2.714502,1.118964
2.715053,1.118956
2.715603,1.118948
2.716153,1.118939
2.716703,1.118931
2.717253,1.118924
2.717803,1.118916
2.718353,1.118907
2.718903,1.118898
2.719453,1.118891
2.720003,1.118884
2.720553,1.118874
2.721104,1.118866
2.721654,1.118858
2.722204,1.118849
2.722754,1.118842
2.723304,1.118834
2.723854,1.118826
2.724404,1.118818
2.724954,1.118811
2.725504,1.118804
2.726054,1.118794
2.726604,1.118787
2.727155,1.118778
2.727705,1.118771
2.728255,1.118762
2.728805,1.118755
2.729355,1.118748
2.729905,1.118740
2.730455,1.118732
2.731005,1.118726
2.731555,1.118715
2.732105,1.118709
2.732655,1.118700
2.733206,1.118692
2.733756,1.118684
2.734306,1.118677
2.734856,1.118671
2.735406,1.118661
2.735956,1.118654
2.736506,1.118646
2.737056,1.118639
2.737606,1.118630
2.738156,1.118622
2.738706,1.118616
2.739257,1.118608
2.739807,1.118601
2.740357,1.118593
2.740907,1.118584
2.741457,1.118577
2.742007,1.118569
2.742557,1.118563
2.743107,1.118555
2.743657,1.118546
2.744207,1.118539
2.744757,1.118532
2.745308,1.118525
2.745858,1.118516
2.746408,1.118510
2.746958,1.118502
2.747508,1.118495
2.748058,1.118486
2.748608,1.118481
2.749158,1.118472
2.749708,1.118464
2.750258,1.118456
2.750808,1.118448
2.751359,1.118443
2.751909,1.118436
2.752459,1.118428
2.753009,1.118421
2.753559,1.118412
2.754109,1.118407
2.754659,1.118398
2.755209,1.118389
2.755759,1.118383
2.756309,1.118377
2.756859,1.118368
2.757410,1.118362
2.757960,1.118355
2.758510,1.118346
2.759060,1.118340
2.759610,1.118333
2.760160,1.118327
2.760710,1.118319
2.761260,1.118310
2.761810,1.118304
2.762360,1.118297
2.762910,1.118289
2.763461,1.118282
2.764011,1.118275
2.764561,1.118267
2.765111,1.118261
2.765661,1.118253
2.766211,1.118246
2.766761,1.118238
2.767311,1.118230
2.767861,1.118225
2.768411,1.118218
2.768961,1.118210
2.769512,1.118205
2.770062,1.118196
2.770612,1.118189
2.771162,1.118183
2.771712,1.118177
2.772262,1.118170
2.772812,1.118163
2.773362,1.118154
2.773912,1.118149
2.774462,1.118141
2.775013,1.118134
2.775563,1.118127
2.776113,1.118121
2.776663,1.118115
2.777213,1.118107
2.777763,1.118100
2.778313,1.118093
2.778863,1.118086
2.779413,1.118078
2.779963,1.118073
2.780513,1.118066
2.781064,1.118058
2.781614,1.118054
2.782164,1.118046
2.782714,1.118039
2.783264,1.118031
2.783814,1.118025
2.784364,1.118019
2.784914,1.118011
2.785464,1.118005
2.786014,1.117999
2.786564,1.117992
2.787115,1.117984
2.787665,1.117980
2.788215,1.117971
2.788765,1.117964
2.789315,1.117958
2.789865,1.117952
2.790415,1.117943
2.790965,1.117938
2.791515,1.117930
2.792065,1.117925
2.792615,1.117918
2.793166,1.117911
2.793716,1.117904
2.794266,1.117898
2.794816,1.117892
2.795366,1.117886
2.795916,1.117877
2.796466,1.117873
2.797016,1.117865
2.797566,1.117858
2.798116,1.117851
2.798666,1.117845
2.799217,1.117839
2.799767,1.117834
2.800317,1.117828
2.800867,1.117820
2.801417,1.117815
2.801967,1.117807
2.802517,1.117800
2.803067,1.117795
2.803617,1.117788
2.804167,1.117784
2.804717,1.117775
2.805268,1.117770
2.805818,1.117764
2.806368,1.117756
2.806918,1.117752
2.807468,1.117743
2.808018,1.117736
2.808568,1.117731
2.809118,1.117726
2.809668,1.117718
2.810218,1.117714
2.810768,1.117706
2.811319,1.117700
2.811869,1.117693
2.812419,1.117688
2.812969,1.117683
2.813519,1.117675
2.814069,1.117669
2.814619,1.117664
2.815169,1.117657
2.815719,1.117651
2.816269,1.117644
2.816819,1.117637
2.817370,1.117630
2.817920,1.117626
2.818470,1.117620
2.819020,1.117613
2.819570,1.117607
2.820120,1.117599
2.820670,1.117593
2.821220,1.117588
2.821770,1.117583
2.822320,1.117575
2.822870,1.117571
2.823421,1.117564
2.823971,1.117558
2.824521,1.117550
2.825071,1.117547
2.825621,1.117541
2.826171,1.117534
2.826721,1.117529
2.827271,1.117523
2.827821,1.117517
2.828371,1.117510
2.828921,1.117507
2.829472,1.117498
2.830022,1.117493
2.830572,1.117488
2.831122,1.117480
2.831672,1.117474
2.832222,1.117469
2.832772,1.117462
2.833322,1.117456
2.833872,1.117453
2.834422,1.117444
2.834972,1.117440
2.835523,1.117434
2.836073,1.117427
2.836623,1.117421
2.837173,1.117414
2.837723,1.117413
2.838273,1.117404
2.838823,1.117398
2.839373,1.117394
2.839923,1.117387
2.840473,1.117379
2.841024,1.117376
2.841574,1.117369
2.842124,1.117362
2.842674,1.117357
2.843224,1.117352
2.843774,1.117349
2.844324,1.117341
2.844874,1.117337
2.845424,1.117331
2.845974,1.117323
2.846524,1.117319
2.847075,1.117312
2.847625,1.117307
2.848175,1.117299
2.848725,1.117294
2.849275,1.117290
2.849825,1.117286
2.850375,1.117278
2.850925,1.117272
2.851475,1.117268
2.852025,1.117261
2.852575,1.117255
2.853126,1.117249
2.853676,1.117246
2.854226,1.117240
2.854776,1.117233
2.855326,1.117228
2.855876,1.117223
2.856426,1.117218
2.856976,1.117212
2.857526,1.117206
2.858076,1.117199
2.858626,1.117194
2.859177,1.117192
2.859727,1.117184
2.860277,1.117180
2.860827,1.117173
2.861377,1.117170
2.861927,1.117162
2.862477,1.117156
2.863027,1.117152
2.863577,1.117146
2.864127,1.117140
2.864677,1.117135
2.865228,1.117131
2.865778,1.117125
2.866328,1.117118
2.866878,1.117115
2.867428,1.117109
2.867978,1.117102
2.868528,1.117096
2.869078,1.117092
2.869628,1.117087
2.870178,1.117080
2.870728,1.117077
2.871279,1.117073
2.871829,1.117065
2.872379,1.117060
2.872929,1.117055
2.873479,1.117051
2.874029,1.117043
2.874579,1.117040
2.875129,1.117035
2.875679,1.117028
2.876229,1.117023
2.876779,1.117017
2.877330,1.117013
2.877880,1.117009
2.878430,1.117002
2.878980,1.116999
2.879530,1.116992
2.880080,1.116986
2.880630,1.116982
2.881180,1.116978
2.881730,1.116971
2.882280,1.116965
2.882830,1.116961
2.883381,1.116955
2.883931,1.116950
2.884481,1.116945
2.885031,1.116941
2.885581,1.116937
2.886131,1.116932
2.886681,1.116925
2.887231,1.116920
2.887781,1.116914
2.888331,1.116910
2.888881,1.116906
2.889432,1.116900
2.889982,1.116896
2.890532,1.116890
2.891082,1.116884
2.891632,1.116881
2.892182,1.116874
2.892732,1.116871
2.893282,1.116865
2.893832,1.116860
2.894382,1.116855
2.894932,1.116849
2.895483,1.116845
2.896033,1.116838
2.896583,1.116835
2.897133,1.116830
2.897683,1.116823
2.898233,1.116820
2.898783,1.116815
2.899333,1.116813
2.899883,1.116806
2.900433,1.116800
2.900983,1.116796
2.901534,1.116791
2.902084,1.116788
2.902634,1.116781
2.903184,1.116777
2.903734,1.116771
2.904284,1.116768
2.904834,1.116762
2.905384,1.116757
2.905934,1.116752
2.906484,1.116748
2.907035,1.116743
2.907585,1.116739
2.908135,1.116733
2.908685,1.116728
2.909235,1.116725
2.909785,1.116718
2.910335,1.116714
2.910885,1.116709
2.911435,1.116705
2.911985,1.116700
2.912535,1.116695
2.913086,1.116691
2.913636,1.116685
2.914186,1.116682
2.914736,1.116674
2.915286,1.116672
2.915836,1.116667
2.916386,1.116662
2.916936,1.116657
2.917486,1.116652
2.918036,1.116648
2.918586,1.116645
2.919137,1.116640
2.919687,1.116634
2.920237,1.116630
2.920787,1.116625
2.921337,1.116621
2.921887,1.116617
2.922437,1.116611
2.922987,1.116608
2.923537,1.116601
2.924087,1.116598
2.924637,1.116594
2.925188,1.116588
2.925738,1.116584
2.926288,1.116579
2.926838,1.116573
2.927388,1.116570
2.927938,1.116565
2.928488,1.116560
2.929038,1.116557
2.929588,1.116551
2.930138,1.116547
2.930688,1.116543
2.931239,1.116539
2.931789,1.116533
2.932339,1.116528
2.932889,1.116525
2.933439,1.116520
2.933989,1.116516
2.934539,1.116512
2.935089,1.116507
2.935639,1.116505
2.936189,1.116500
2.936739,1.116494
2.937290,1.116489
2.937840,1.116484
2.938390,1.116479
2.938940,1.116477
2.939490,1.116473
2.940040,1.116467
2.940590,1.116462
2.941140,1.116460
2.941690,1.116453
2.942240,1.116451
2.942790,1.116445
2.943341,1.116441
2.943891,1.116437
2.944441,1.116435
2.944991,1.116428
2.945541,1.116426
2.946091,1.116419
2.946641,1.116416
2.947191,1.116411
2.947741,1.116407
2.948291,1.116402
2.948841,1.116397
2.949392,1.116393
2.949942,1.116389
2.950492,1.116386
2.951042,1.116380
2.951592,1.116376
2.952142,1.116372
2.952692,1.116369
2.953242,1.116364
2.953792,1.116359
2.954342,1.116354
2.954892,1.116351
2.955443,1.116349
2.955993,1.116345
2.956543,1.116338
2.957093,1.116333
2.957643,1.116332
2.958193,1.116325
2.958743,1.116323
2.959293,1.116318
2.959843,1.116313
2.960393,1.116309
2.960943,1.116305
2.961494,1.116301
2.962044,1.116297
2.962594,1.116294
2.963144,1.116288
2.963694,1.116285
2.964244,1.116282
2.964794,1.116276
2.965344,1.116273
2.965894,1.116270
2.966444,1.116264
2.966994,1.116260
2.967545,1.116255
2.968095,1.116252
2.968645,1.116248
2.969195,1.116245
2.969745,1.116240
2.970295,1.116236
2.970845,1.116232
2.971395,1.116228
2.971945,1.116223
2.972495,1.116220
2.973046,1.116217
2.973596,1.116212
2.974146,1.116209
2.974696,1.116202
2.975246,1.116200
2.975796,1.116197
2.976346,1.116192
2.976896,1.116188
2.977446,1.116184
2.977996,1.116179
2.978546,1.116176
2.979097,1.116171
2.979647,1.116168
2.980197,1.116164
2.980747,1.116162
2.981297,1.116156
2.981847,1.116152
2.982397,1.116149
2.982947,1.116146
2.983497,1.116140
2.984047,1.116136
2.984597,1.116131
2.985148,1.116129
2.985698,1.116126
2.986248,1.116121
2.986798,1.116118
2.987348,1.116116
2.987898,1.116111
2.988448,1.116106
2.988998,1.116101
2.989548,1.116097
2.990098,1.116096
2.990648,1.116091
2.991199,1.116086
2.991749,1.116085
2.992299,1.116079
2.992849,1.116076
2.993399,1.116072
2.993949,1.116067
2.994499,1.116065
2.995049,1.116061
2.995599,1.116056
2.996149,1.116053
2.996699,1.116049
2.997250,1.116045
2.997800,1.116043
2.998350,1.116037
2.998900,1.116035
2.999450,1.116030
3.000000,1.116027
