# best iteration: (array([58]),)
-0.929293,0.100381,0.102484,0.100000,1.500000
-0.824759,0.102542,0.102492,0.100000,2.000000
-0.550486,0.103407,0.103295,0.100000,2.000000
-0.969697,0.100530,0.101014,1.000000,1.200000
-0.967172,0.100000,0.101917,1.000000,3.000000
-0.760101,0.100000,0.105284,1.000000,1.800000
-0.843434,0.100000,0.101253,1.000000,1.500000
-0.441633,0.178628,0.218466,0.100000,2.000000
-0.873737,0.102708,0.102489,0.100000,2.400000
-0.967352,0.110588,0.107000,0.100000,0.600000
-0.551306,0.102548,0.103273,0.100000,2.000000
-0.526247,0.103217,0.104378,0.100000,2.000000
-0.510345,0.106686,0.106075,0.100000,2.000000
-0.384434,0.536776,0.640132,1.000000,2.000000
-0.713598,0.102210,0.102509,0.100000,2.000000
-1.000000,0.100000,0.102487,0.100000,2.100000
-0.542026,0.105009,0.103560,0.100000,2.000000
-0.767677,0.100000,0.102498,0.100000,1.800000
-0.784121,0.102992,0.102495,0.100000,2.000000
-0.476372,0.118717,0.139391,0.100000,2.000000
-0.522498,0.104452,0.104670,0.100000,2.000000
-0.500293,0.109460,0.108248,0.100000,2.000000
-0.863288,0.103753,0.103528,1.000000,2.000000
-0.331145,0.254367,0.271198,1.000000,2.000000
-0.421762,0.881909,0.852720,1.000000,2.000000
-0.632641,0.103177,0.102578,0.100000,2.000000
-0.936869,0.101863,0.102484,0.100000,1.500000
-0.880580,0.101776,0.102489,0.100000,2.000000
-0.707817,0.102772,0.102511,0.100000,2.000000
-0.511989,0.106673,0.105829,0.100000,2.000000
-0.868215,0.103310,0.103423,1.000000,2.000000
-0.695809,0.102234,0.102516,0.100000,2.000000
-0.321976,0.173091,0.184133,0.100000,0.600000
-0.955828,0.102692,0.102487,0.100000,2.000000
-0.808081,0.100254,0.102491,0.100000,2.700000
-0.472394,0.516646,0.540743,0.100000,0.600000
-0.914141,0.100000,0.107698,0.100000,0.600000
-0.784680,0.103106,0.102495,0.100000,2.000000
-0.511604,0.105896,0.105885,0.100000,2.000000
-0.555226,0.102393,0.103180,0.100000,2.000000
-0.808081,0.100000,0.102754,1.000000,0.300000
-0.910258,0.104109,0.102488,0.100000,2.000000
-0.825758,0.100000,0.102774,0.100000,0.300000
-0.509763,0.106027,0.106168,0.100000,2.000000
-0.866162,0.100000,0.102411,1.000000,1.800000
-0.896465,0.107046,0.102485,0.100000,1.500000
-0.660666,0.101574,0.102539,0.100000,2.000000
-0.461635,0.574775,0.455024,0.100000,2.000000
-0.972222,0.101059,0.102487,0.100000,2.100000
-0.757576,0.100000,0.102823,1.000000,0.300000
-0.818182,0.103181,0.102492,0.100000,2.100000
-0.415800,0.844231,0.847448,1.000000,0.600000
-0.789790,0.105478,0.105747,1.000000,2.000000
-0.825758,0.103747,0.102480,0.100000,1.200000
-0.615714,0.124680,0.129983,1.000000,2.000000
-0.637067,0.102297,0.102570,0.100000,2.000000
-0.908570,0.110976,0.107779,0.100000,0.600000
-0.924242,0.101000,0.101826,1.000000,1.800000
-0.805556,0.100811,0.102491,0.100000,3.000000
-0.658512,0.101425,0.102541,0.100000,2.000000
-0.645998,0.102259,0.102556,0.100000,2.000000
-0.320916,0.231515,0.232672,1.000000,2.000000
-0.989521,0.101822,0.102487,0.100000,2.000000
-0.860990,0.103631,0.103578,1.000000,2.000000
-0.560451,0.102463,0.103075,0.100000,2.000000
-0.977983,0.102864,0.102487,0.100000,2.000000
-0.861111,0.104282,0.102711,1.000000,0.300000
-0.568318,0.163149,0.165368,1.000000,2.000000
-0.909091,0.102478,0.102473,0.100000,1.200000
-0.936869,0.102438,0.102668,1.000000,0.300000
-0.718747,0.102959,0.102507,0.100000,2.000000
-0.560506,0.102385,0.103074,0.100000,2.000000
-0.890893,0.107034,0.107498,1.000000,0.600000
-0.693208,0.102422,0.102517,0.100000,2.000000
-0.357778,0.490604,0.455049,1.000000,0.600000
-0.952020,0.100000,0.102487,0.100000,2.400000
-0.782794,0.103079,0.102495,0.100000,2.000000
-0.919295,0.109436,0.107624,0.100000,0.600000
-0.923985,0.102637,0.102488,0.100000,2.000000
-0.745521,0.103421,0.102501,0.100000,2.000000
-0.721663,0.102538,0.102506,0.100000,2.000000
-0.307620,0.153558,0.162873,0.100000,0.600000
-0.708348,0.103056,0.102510,0.100000,2.000000
-0.738127,0.101811,0.102502,0.100000,2.000000
-0.893463,0.102887,0.102952,1.000000,2.000000
-0.923955,0.102864,0.102513,1.000000,2.000000
-0.707994,0.102256,0.102511,0.100000,2.000000
-0.797396,0.103017,0.102494,0.100000,2.000000
-0.974747,0.100000,0.102469,0.100000,1.200000
-0.478432,0.111390,0.131553,0.100000,2.000000
-0.485265,0.121269,0.117610,0.100000,2.000000
-0.903251,0.103716,0.102488,0.100000,2.000000
-0.900762,0.101681,0.102489,0.100000,2.000000
-0.744806,0.108854,0.108002,1.000000,2.000000
-0.924242,0.100000,0.102488,0.100000,2.700000
-0.919192,0.100000,0.102488,0.100000,2.100000
-0.916667,0.100000,0.102487,0.100000,3.000000
-0.876263,0.100000,0.102488,0.100000,3.000000
-0.642873,0.102321,0.102561,0.100000,2.000000
-0.622894,0.102623,0.102600,0.100000,2.000000
-0.772727,0.100000,0.105004,1.000000,2.100000
-0.566790,0.189993,0.206448,1.000000,0.600000
-0.349555,0.302539,0.277110,0.100000,0.600000
-0.607307,0.102915,0.102650,0.100000,2.000000
-0.955795,0.106405,0.107143,0.100000,0.600000
-0.948593,0.101614,0.102242,1.000000,2.000000
-0.566760,0.102708,0.102972,0.100000,2.000000
-0.935427,0.102107,0.102379,1.000000,2.000000
-0.559778,0.103083,0.103087,0.100000,2.000000
-0.985331,0.102850,0.102487,0.100000,2.000000
-0.757576,0.103922,0.102497,0.100000,1.500000
-0.951621,0.101485,0.102488,0.100000,2.000000
-0.713975,0.102527,0.102508,0.100000,2.000000
-0.951811,0.101705,0.102487,0.100000,2.000000
-0.434842,0.869386,0.846020,1.000000,2.000000
-0.974747,0.100000,0.101940,1.000000,3.000000
-0.805556,0.102038,0.100875,1.000000,2.400000
-0.390558,0.754922,0.703082,1.000000,0.600000
-0.562138,0.103792,0.103045,0.100000,2.000000
-0.814098,0.104859,0.104858,1.000000,2.000000
-0.478507,0.150039,0.131313,0.100000,2.000000
-0.825758,0.100470,0.100281,1.000000,1.200000
-0.856061,0.107220,0.108716,0.100000,0.600000
-0.808081,0.100000,0.100857,1.000000,2.700000
-0.674803,0.102604,0.102527,0.100000,2.000000
-0.351225,0.400559,0.407817,1.000000,0.600000
-0.743498,0.102599,0.102501,0.100000,2.000000
-0.728455,0.116065,0.115534,0.100000,0.600000
-0.908033,0.103573,0.102726,1.000000,2.000000
-0.422240,0.845350,0.853159,1.000000,2.000000
-0.643667,0.102931,0.102560,0.100000,2.000000
-0.838384,0.102002,0.102489,0.100000,3.000000
-0.929293,0.106513,0.102672,1.000000,0.300000
-0.869381,0.112036,0.108440,0.100000,0.600000
-0.355468,0.431372,0.397586,1.000000,2.000000
-0.796068,0.102499,0.102494,0.100000,2.000000
-0.909604,0.109522,0.107764,0.100000,0.600000
-0.860624,0.102527,0.102490,0.100000,2.000000
-0.830450,0.102940,0.102492,0.100000,2.000000
-0.464525,0.101333,0.322306,0.100000,2.000000
-0.891414,0.100336,0.102489,0.100000,1.800000
-0.649196,0.102594,0.102552,0.100000,2.000000
-0.775253,0.102651,0.114753,1.000000,0.600000
-0.876263,0.100000,0.100652,1.000000,1.200000
-0.861111,0.100000,0.102489,0.100000,3.000000
-0.670698,0.102257,0.102530,0.100000,2.000000
-0.760101,0.100000,0.102496,0.100000,3.000000
-0.931615,0.103223,0.102488,0.100000,2.000000
-0.742625,0.117901,0.114170,0.100000,0.600000
-0.796444,0.106347,0.105485,1.000000,2.000000
-0.472824,0.138542,0.161210,0.100000,2.000000
-0.491029,0.118397,0.112365,0.100000,2.000000
-0.861111,0.100812,0.102490,0.100000,1.800000
-0.332788,0.280768,0.302871,1.000000,0.600000
-0.644843,0.130347,0.127729,0.100000,0.600000
-0.893939,0.100095,0.102500,0.100000,0.900000
-0.455301,0.863774,0.807559,0.100000,2.000000
-0.583860,0.102450,0.102784,0.100000,2.000000
-0.882675,0.103112,0.102489,0.100000,2.000000
-0.959596,0.100000,0.102655,1.000000,0.300000
-0.787693,0.106143,0.105832,1.000000,2.000000
-0.980090,0.102522,0.102487,0.100000,2.000000
-0.957071,0.102186,0.102487,0.100000,2.100000
-0.765114,0.101281,0.102498,0.100000,2.000000
-0.755051,0.104795,0.102902,0.100000,0.300000
-0.913529,0.106504,0.106743,1.000000,0.600000
-0.982323,0.105316,0.102487,0.100000,2.700000
-0.805556,0.100000,0.100971,1.000000,0.900000
-0.999059,0.102256,0.102487,0.100000,2.000000
-0.716815,0.103452,0.102508,0.100000,2.000000
-0.543513,0.204224,0.209679,1.000000,2.000000
-0.657307,0.119762,0.125292,0.100000,0.600000
-0.328797,0.168305,0.261642,1.000000,2.000000
-0.447317,0.751557,0.808793,1.000000,2.000000
-0.376715,0.430105,0.568671,1.000000,2.000000
-0.781448,0.101962,0.102496,0.100000,2.000000
-0.862850,0.109376,0.108571,0.100000,0.600000
-0.805556,0.100000,0.101158,1.000000,3.000000
-0.868687,0.100993,0.102490,0.100000,2.100000
-0.715537,0.110641,0.110145,1.000000,2.000000
-0.600475,0.100849,0.102680,0.100000,2.000000
-0.858586,0.100898,0.103082,1.000000,2.100000
-0.811482,0.102325,0.102493,0.100000,2.000000
-0.309391,0.189035,0.199986,1.000000,2.000000
-0.722688,0.102740,0.102506,0.100000,2.000000
-0.307681,0.154018,0.162926,0.100000,0.600000
-0.732487,0.120214,0.119869,1.000000,0.600000
-0.792929,0.100000,0.102494,0.100000,2.100000
-0.528606,0.213191,0.216289,0.100000,0.600000
-0.762626,0.101103,0.102498,0.100000,2.100000
-0.671387,0.102024,0.102530,0.100000,2.000000
-0.883838,0.100000,0.102488,0.100000,2.700000
-0.842570,0.104668,0.104022,1.000000,2.000000
-0.739906,0.102046,0.102502,0.100000,2.000000
-0.805556,0.101251,0.103639,1.000000,1.800000
-0.504025,0.109696,0.107273,0.100000,2.000000
-0.549936,0.103468,0.103309,0.100000,2.000000
-0.744297,0.102577,0.102501,0.100000,2.000000
-0.946970,0.100000,0.102487,0.100000,2.700000
-0.999207,0.101693,0.101852,1.000000,2.000000
-0.833333,0.100000,0.100981,1.000000,2.700000
-0.886364,0.102323,0.108131,0.100000,0.600000
-0.972222,0.100000,0.106941,0.100000,0.600000
-0.673298,0.102104,0.102528,0.100000,2.000000
-0.944444,0.102280,0.102488,0.100000,2.400000
-0.767677,0.100616,0.115527,1.000000,0.600000
-0.765152,0.101181,0.102529,0.100000,0.900000
-0.788869,0.102334,0.102495,0.100000,2.000000
-0.949495,0.103901,0.100966,1.000000,1.200000
-0.929671,0.107313,0.106275,1.000000,0.600000
-0.456197,0.522898,0.774851,0.100000,2.000000
-0.948476,0.102047,0.102488,0.100000,2.000000
-0.627944,0.103421,0.102588,0.100000,2.000000
-0.321650,0.231265,0.257162,1.000000,0.600000
-0.835859,0.101771,0.100364,1.000000,1.200000
-0.547152,0.103189,0.103389,0.100000,2.000000
-0.810606,0.101518,0.101182,1.000000,3.000000
-0.947497,0.108600,0.107248,0.100000,0.600000
-0.790404,0.100000,0.102494,0.100000,2.100000
-0.460926,0.740873,0.732805,1.000000,2.000000
-0.615532,0.104323,0.102621,0.100000,2.000000
-0.901401,0.103124,0.102825,1.000000,2.000000
-0.579028,0.102466,0.102827,0.100000,2.000000
-0.535637,0.104499,0.103828,0.100000,2.000000
-0.914724,0.102935,0.102632,1.000000,2.000000
-0.782828,0.100000,0.102834,0.100000,0.300000
-0.970431,0.104342,0.102487,0.100000,2.000000
-0.618704,0.102413,0.102611,0.100000,2.000000
-0.789685,0.102391,0.102495,0.100000,2.000000
-0.342097,0.374645,0.321147,1.000000,2.000000
-0.498465,0.103309,0.108831,0.100000,2.000000
-0.750180,0.103520,0.102500,0.100000,2.000000
-0.497797,0.109542,0.109064,0.100000,2.000000
-0.886551,0.107730,0.107659,1.000000,0.600000
-0.972222,0.100756,0.101220,1.000000,1.500000
-0.627827,0.103217,0.102588,0.100000,2.000000
-0.915158,0.102318,0.102627,1.000000,2.000000
-0.952020,0.100000,0.102177,1.000000,2.100000
-0.939394,0.102006,0.102259,1.000000,2.100000
-0.775253,0.100390,0.102494,0.100000,1.500000
-0.772727,0.100000,0.102494,0.100000,2.700000
-0.788869,0.102822,0.102495,0.100000,2.000000
-0.762995,0.116900,0.116031,1.000000,0.600000
-0.760101,0.100000,0.102498,0.100000,2.100000
-0.786229,0.103141,0.102495,0.100000,2.000000
-0.787879,0.100000,0.102825,0.100000,0.300000
-0.741642,0.102766,0.102501,0.100000,2.000000
-0.526727,0.259169,0.262689,1.000000,2.000000
-0.538794,0.190809,0.222162,1.000000,2.000000
-0.777778,0.100000,0.104840,1.000000,2.100000
-0.326777,0.288390,0.276684,1.000000,0.600000
-0.714532,0.102412,0.102508,0.100000,2.000000
-0.901515,0.102472,0.102712,0.100000,0.300000
-0.636772,0.103000,0.102571,0.100000,2.000000
-0.488982,0.108245,0.113861,0.100000,2.000000
-0.683310,0.103034,0.102522,0.100000,2.000000
-0.921717,0.100000,0.100538,1.000000,0.900000
-0.692029,0.102455,0.102517,0.100000,2.000000
-0.825758,0.100000,0.102738,1.000000,0.300000
-0.959596,0.100000,0.102674,0.100000,0.300000
-0.838384,0.100000,0.101257,1.000000,1.500000
-0.588105,0.153017,0.145833,1.000000,2.000000
-0.980048,0.102255,0.101978,1.000000,2.000000
-0.558898,0.102474,0.103104,0.100000,2.000000
-0.919192,0.100000,0.102488,0.100000,1.800000
-0.636882,0.102375,0.102571,0.100000,2.000000
-0.847648,0.102670,0.102491,0.100000,2.000000
-0.952692,0.103010,0.102487,0.100000,2.000000
-0.661994,0.103130,0.102538,0.100000,2.000000
-0.931818,0.100000,0.106216,1.000000,0.600000
-0.913766,0.102523,0.102488,0.100000,2.000000
-0.426257,0.864839,0.880021,0.100000,0.600000
-0.706096,0.113912,0.118066,0.100000,0.600000
-0.830808,0.100000,0.101267,1.000000,1.500000
-0.878788,0.101129,0.108264,0.100000,0.600000
-0.835953,0.102909,0.102491,0.100000,2.000000
-0.941919,0.103324,0.107319,0.100000,0.600000
-0.815657,0.100746,0.102747,1.000000,0.300000
-0.342949,0.424457,0.325439,1.000000,2.000000
-0.970549,0.102026,0.102487,0.100000,2.000000
-0.594965,0.142801,0.140955,1.000000,2.000000
-0.632998,0.102758,0.102578,0.100000,2.000000
-0.851010,0.100059,0.100610,1.000000,0.900000
-0.984848,0.100000,0.101042,1.000000,1.200000
-0.614627,0.104794,0.102624,0.100000,2.000000
-0.964646,0.100000,0.101224,1.000000,1.500000
-0.863636,0.102454,0.100571,1.000000,1.200000
-0.564466,0.102374,0.103007,0.100000,2.000000
-0.527030,0.104519,0.104323,0.100000,2.000000
-0.759421,0.106274,0.107161,1.000000,2.000000
-0.580233,0.102594,0.102816,0.100000,2.000000
-0.931818,0.100483,0.102488,0.100000,2.100000
-0.738340,0.102871,0.102502,0.100000,2.000000
-0.755051,0.100000,0.102496,0.100000,2.700000
-0.522596,0.104206,0.104661,0.100000,2.000000
-0.720284,0.103729,0.102507,0.100000,2.000000
-0.693867,0.115778,0.119640,0.100000,0.600000
-0.822246,0.110789,0.110916,1.000000,0.600000
-0.914141,0.101791,0.102488,0.100000,1.800000
-0.692525,0.101401,0.102517,0.100000,2.000000
-0.840909,0.100000,0.102479,0.100000,1.200000
-0.686595,0.121039,0.120640,0.100000,0.600000
-0.759822,0.102650,0.102498,0.100000,2.000000
-0.911616,0.100584,0.102487,0.100000,3.000000
-0.845561,0.103163,0.102491,0.100000,2.000000
-0.737236,0.109391,0.108491,1.000000,2.000000
-0.785354,0.100140,0.113795,1.000000,0.600000
-0.732923,0.110025,0.108788,1.000000,2.000000
-0.781491,0.106822,0.106095,1.000000,2.000000
-0.926314,0.102819,0.102484,1.000000,2.000000
-0.639498,0.102037,0.102566,0.100000,2.000000
-0.751645,0.102117,0.102500,0.100000,2.000000
-0.462337,0.795195,0.722554,1.000000,2.000000
-0.810606,0.102228,0.102493,0.100000,2.100000
-0.843474,0.103007,0.102491,0.100000,2.000000
-0.621481,0.103039,0.102604,0.100000,2.000000
-0.824430,0.101365,0.102492,0.100000,2.000000
-0.856061,0.100267,0.100590,1.000000,0.900000
-0.698196,0.111976,0.111819,1.000000,2.000000
-0.442650,0.244630,0.236448,0.100000,2.000000
-0.754622,0.116967,0.113164,0.100000,0.600000
-0.688543,0.102776,0.102519,0.100000,2.000000
-0.472053,0.111737,0.168049,0.100000,2.000000
-0.785354,0.102438,0.102780,1.000000,0.300000
-0.621227,0.102434,0.102604,0.100000,2.000000
-0.939394,0.102217,0.102687,0.100000,0.300000
-0.916667,0.102170,0.102488,0.100000,2.700000
-0.888095,0.103013,0.102489,0.100000,2.000000
-0.538304,0.197934,0.198689,0.100000,0.600000
-0.531170,0.104298,0.104063,0.100000,2.000000
-0.690841,0.102346,0.102518,0.100000,2.000000
-0.578363,0.103378,0.102833,0.100000,2.000000
-0.514698,0.106518,0.105469,0.100000,2.000000
-0.623987,0.126763,0.132910,0.100000,0.600000
-0.457166,0.725887,0.750831,1.000000,0.600000
-0.605322,0.102726,0.102658,0.100000,2.000000
-0.874710,0.103220,0.102489,0.100000,2.000000
-0.805556,0.100000,0.102492,0.100000,2.700000
-0.934343,0.100000,0.102487,0.100000,2.700000
-0.604616,0.102420,0.102661,0.100000,2.000000
-0.888889,0.100000,0.102721,0.100000,0.300000
-0.708789,0.102381,0.102510,0.100000,2.000000
-0.758347,0.116506,0.112878,0.100000,0.600000
-0.744798,0.103096,0.102501,0.100000,2.000000
-0.803030,0.100000,0.102491,0.100000,1.500000
-0.761079,0.113204,0.112677,0.100000,0.600000
-0.392912,0.591231,0.583463,0.100000,0.600000
-0.954545,0.100000,0.102471,0.100000,1.200000
-0.462155,0.742322,0.723901,1.000000,2.000000
-0.959596,0.100000,0.107095,0.100000,0.600000
-0.891414,0.100000,0.102489,0.100000,2.100000
-0.697382,0.102186,0.102515,0.100000,2.000000
-0.672599,0.102104,0.102529,0.100000,2.000000
-0.883838,0.100000,0.102475,0.100000,1.200000
-0.981055,0.109039,0.106835,0.100000,0.600000
-0.746098,0.102846,0.102501,0.100000,2.000000
-0.537987,0.103815,0.103721,0.100000,2.000000
-0.863664,0.106763,0.108554,0.100000,0.600000
-0.878788,0.100000,0.102489,0.100000,1.800000
-0.767677,0.100269,0.102867,0.100000,0.300000
-0.829495,0.109200,0.109396,0.100000,0.600000
-0.446912,0.182898,0.389203,0.100000,2.000000
-0.858586,0.100000,0.102490,0.100000,1.800000
-0.782499,0.101447,0.102496,0.100000,2.000000
-0.861996,0.101035,0.102490,0.100000,2.000000
-0.676738,0.115007,0.114514,1.000000,2.000000
-0.750748,0.102751,0.102500,0.100000,2.000000
-0.696503,0.122949,0.119289,0.100000,0.600000
-0.542943,0.103657,0.103526,0.100000,2.000000
-0.445616,0.338932,0.324589,0.100000,2.000000
-0.840909,0.102434,0.103361,1.000000,2.100000
-0.838384,0.102701,0.100675,1.000000,0.900000
-0.637961,0.124261,0.129257,0.100000,0.600000
-0.410264,0.673252,0.790282,0.100000,0.600000
-0.463225,0.628484,0.644226,0.100000,0.600000
-0.713296,0.103180,0.102509,0.100000,2.000000
-0.737498,0.120687,0.114641,0.100000,0.600000
-0.521198,0.105908,0.104783,0.100000,2.000000
-0.823232,0.101669,0.103689,1.000000,2.100000
-0.467968,0.307667,0.225996,0.100000,2.000000
-0.445636,0.308231,0.325447,0.100000,2.000000
-0.995022,0.104816,0.104717,1.000000,0.600000
-0.558418,0.209010,0.221483,1.000000,0.600000
-0.863636,0.100000,0.102710,1.000000,0.300000
-0.547690,0.104324,0.103373,0.100000,2.000000
-0.897894,0.102081,0.102489,0.100000,2.000000
-0.548030,0.104310,0.103363,0.100000,2.000000
-0.787879,0.100000,0.102510,0.100000,0.900000
-0.413075,0.830321,0.815687,0.100000,0.600000
-0.494159,0.104158,0.110590,0.100000,2.000000
-0.634772,0.102983,0.102574,0.100000,2.000000
-0.595062,0.143888,0.144193,0.100000,0.600000
-0.796853,0.112352,0.112799,1.000000,0.600000
-0.638099,0.103418,0.102568,0.100000,2.000000
-0.555701,0.172619,0.175082,0.100000,0.600000
-0.477497,0.526599,0.485856,0.100000,0.600000
-0.634251,0.123480,0.130148,0.100000,0.600000
-0.635598,0.103594,0.102573,0.100000,2.000000
-0.688898,0.102903,0.102519,0.100000,2.000000
-0.993478,0.109604,0.106688,0.100000,0.600000
-0.584101,0.152120,0.149062,1.000000,2.000000
-0.474820,0.100000,0.147320,0.100000,2.000000
-0.705708,0.102331,0.102511,0.100000,2.000000
-0.766428,0.104272,0.102497,0.100000,2.000000
-0.908171,0.102235,0.102488,0.100000,2.000000
-0.888889,0.100000,0.102489,0.100000,2.400000
-0.838574,0.110090,0.109906,1.000000,0.600000
-0.995766,0.102994,0.102487,0.100000,2.000000
-0.520905,0.102917,0.104810,0.100000,2.000000
-0.680810,0.102376,0.102523,0.100000,2.000000
-0.934797,0.103305,0.102488,0.100000,2.000000
-0.972222,0.104551,0.102487,0.100000,2.400000
-0.779924,0.114249,0.114300,1.000000,0.600000
-0.590098,0.103431,0.102738,0.100000,2.000000
-0.344123,0.291588,0.331460,1.000000,2.000000
-0.757615,0.117131,0.116635,1.000000,0.600000
-0.765944,0.116836,0.115711,1.000000,0.600000
-0.954545,0.103190,0.101228,1.000000,1.500000
-0.698314,0.103134,0.102514,0.100000,2.000000
-0.493185,0.108203,0.111087,0.100000,2.000000
-0.608026,0.103106,0.102647,0.100000,2.000000
-0.509812,0.106877,0.106160,0.100000,2.000000
-0.651374,0.102750,0.102549,0.100000,2.000000
-0.679971,0.123834,0.121597,0.100000,0.600000
-0.936869,0.103393,0.102488,0.100000,2.100000
-0.890208,0.111450,0.108067,0.100000,0.600000
-0.737286,0.107700,0.108488,1.000000,2.000000
-0.564891,0.102775,0.103000,0.100000,2.000000
-0.757576,0.100000,0.102538,0.100000,0.900000
-0.898990,0.100518,0.101640,1.000000,3.000000
-0.790404,0.105550,0.104467,1.000000,2.100000
-0.765152,0.100000,0.102498,0.100000,1.800000
-0.974747,0.101211,0.102647,1.000000,0.300000
-0.552746,0.221323,0.233288,1.000000,0.600000
-0.847640,0.109501,0.109405,1.000000,0.600000
-0.738987,0.102591,0.102502,0.100000,2.000000
-0.678860,0.102106,0.102525,0.100000,2.000000
-0.630581,0.130191,0.124540,1.000000,2.000000
-0.607955,0.102171,0.102647,0.100000,2.000000
-0.581642,0.144561,0.151203,1.000000,2.000000
-0.395646,0.656946,0.736330,1.000000,2.000000
-0.896465,0.100000,0.102716,0.100000,0.300000
-0.824972,0.105686,0.109535,0.100000,0.600000
-0.765848,0.104227,0.102498,0.100000,2.000000
-0.783588,0.101565,0.102495,0.100000,2.000000
-0.873737,0.100000,0.102703,1.000000,0.300000
-0.556770,0.104249,0.103147,0.100000,2.000000
-0.452253,0.781694,0.778196,0.100000,2.000000
-0.486621,0.546539,0.512989,1.000000,2.000000
-0.818182,0.105325,0.102490,0.100000,3.000000
-0.518763,0.103797,0.105015,0.100000,2.000000
-0.893939,0.100000,0.102488,0.100000,2.700000
-0.989899,0.102456,0.101497,1.000000,1.800000
-0.817123,0.104635,0.104759,1.000000,2.000000
-0.316617,0.211270,0.219069,1.000000,2.000000
-0.886364,0.100000,0.102723,0.100000,0.300000
-0.909091,0.102725,0.102707,0.100000,0.300000
-0.785354,0.100396,0.101273,1.000000,0.900000
-0.876552,0.107178,0.108052,1.000000,0.600000
-0.529984,0.289249,0.250394,1.000000,2.000000
-0.830808,0.103003,0.102496,0.100000,0.900000
-0.490560,0.304581,0.369335,0.100000,0.600000
-0.967172,0.100420,0.101009,1.000000,1.200000
-0.728198,0.108928,0.109130,1.000000,2.000000
-0.893939,0.102940,0.100752,1.000000,1.200000
-0.736089,0.102315,0.102503,0.100000,2.000000
-0.585317,0.147706,0.148048,1.000000,2.000000
-0.459524,0.801849,0.581111,0.100000,2.000000
-0.438309,0.846731,0.858683,0.100000,0.600000
-0.647391,0.103463,0.102554,0.100000,2.000000
-0.463847,0.610126,0.637242,0.100000,0.600000
-0.622598,0.103041,0.102601,0.100000,2.000000
-0.409638,0.825240,0.821328,1.000000,2.000000
-0.941919,0.100000,0.102471,0.100000,1.200000
-0.664014,0.137441,0.134196,1.000000,0.600000
-0.939394,0.100000,0.101234,1.000000,1.500000
-0.804067,0.109445,0.110289,0.100000,0.600000
-0.982323,0.100864,0.101215,1.000000,1.500000
-0.946970,0.100725,0.101231,1.000000,1.500000
-0.780303,0.100000,0.100748,1.000000,2.700000
-0.476413,0.155169,0.139207,0.100000,2.000000
-0.878014,0.102115,0.102489,0.100000,2.000000
-0.750000,0.100751,0.102106,1.000000,0.900000
-0.566698,0.103883,0.102973,0.100000,2.000000
-0.872602,0.102847,0.102490,0.100000,2.000000
-0.697835,0.103884,0.102514,0.100000,2.000000
-0.592528,0.103729,0.102723,0.100000,2.000000
-0.969697,0.101553,0.102668,0.100000,0.300000
-0.792829,0.102535,0.102494,0.100000,2.000000
-0.642618,0.123182,0.121123,1.000000,2.000000
-0.307260,0.206330,0.215640,1.000000,0.600000
-0.341822,0.302317,0.319778,1.000000,2.000000
-0.679251,0.102561,0.102524,0.100000,2.000000
-0.939394,0.100740,0.102488,0.100000,2.100000
-0.845960,0.100000,0.102490,0.100000,2.400000
-0.792929,0.102108,0.102485,0.100000,1.200000
-0.924242,0.104022,0.102512,0.100000,0.900000
-0.977273,0.103545,0.106880,0.100000,0.600000
-0.919192,0.100376,0.101284,1.000000,2.400000
-0.407241,0.790011,0.805505,1.000000,0.600000
-0.597467,0.102776,0.102695,0.100000,2.000000
-0.397256,0.723653,0.748481,1.000000,2.000000
-0.891414,0.100000,0.101602,1.000000,3.000000
-0.558568,0.103419,0.103110,0.100000,2.000000
-0.644980,0.102541,0.102558,0.100000,2.000000
-0.660261,0.102600,0.102539,0.100000,2.000000
-0.636863,0.102429,0.102571,0.100000,2.000000
-0.974747,0.103070,0.102487,0.100000,2.400000
-0.752525,0.100000,0.102031,1.000000,0.900000
-0.828283,0.102990,0.103077,1.000000,1.800000
-0.981217,0.102898,0.102487,0.100000,2.000000
-0.798875,0.102544,0.102494,0.100000,2.000000
-0.953536,0.110429,0.107171,0.100000,0.600000
-0.522609,0.105724,0.104660,0.100000,2.000000
-0.963230,0.102640,0.102487,0.100000,2.000000
-0.957678,0.105335,0.105557,1.000000,0.600000
-0.571726,0.103026,0.102906,0.100000,2.000000
-0.556638,0.104662,0.103149,0.100000,2.000000
-0.734229,0.120104,0.119620,1.000000,0.600000
-0.880931,0.108177,0.107876,1.000000,0.600000
-0.806510,0.101798,0.102493,0.100000,2.000000
-0.528618,0.104426,0.104218,0.100000,2.000000
-0.979046,0.103642,0.102487,0.100000,2.000000
-0.418714,0.890596,0.854764,0.100000,0.600000
-0.825758,0.100000,0.102497,0.100000,0.900000
-0.701748,0.102155,0.102513,0.100000,2.000000
-0.803051,0.103127,0.102494,0.100000,2.000000
-0.949480,0.107479,0.107222,0.100000,0.600000
-0.455298,0.752889,0.807649,0.100000,2.000000
-0.538769,0.101513,0.103688,0.100000,2.000000
-0.611259,0.101274,0.102635,0.100000,2.000000
-0.697789,0.126010,0.125804,1.000000,0.600000
-0.775052,0.106214,0.106384,1.000000,2.000000
-0.850268,0.103989,0.103828,1.000000,2.000000
-0.700409,0.102874,0.102513,0.100000,2.000000
-0.576803,0.101933,0.102849,0.100000,2.000000
-0.356115,0.418710,0.401861,1.000000,2.000000
-0.689692,0.126280,0.127525,1.000000,0.600000
-0.461513,0.434455,0.461727,0.100000,2.000000
-0.642098,0.102289,0.102562,0.100000,2.000000
-0.709670,0.123662,0.117631,0.100000,0.600000
-0.646360,0.127135,0.127411,0.100000,0.600000
-0.893939,0.100436,0.102474,0.100000,1.200000
-0.564233,0.102910,0.103010,0.100000,2.000000
-0.914141,0.100000,0.102487,0.100000,3.000000
-0.685025,0.102036,0.102521,0.100000,2.000000
-0.785354,0.101098,0.111165,0.100000,0.600000
-0.457563,0.844127,0.703384,0.100000,2.000000
-0.939394,0.100000,0.102471,0.100000,1.200000
-0.919192,0.104272,0.102487,0.100000,3.000000
-0.778811,0.103382,0.102496,0.100000,2.000000
-0.589875,0.101726,0.102740,0.100000,2.000000
-0.490752,0.460731,0.496097,1.000000,0.600000
-0.473811,0.194434,0.153733,0.100000,2.000000
-0.876263,0.100000,0.101224,1.000000,2.700000
-0.636395,0.120946,0.122796,1.000000,2.000000
-0.451115,0.852439,0.769300,0.100000,0.600000
-0.934343,0.100797,0.101359,1.000000,2.400000
-0.619515,0.102280,0.102609,0.100000,2.000000
-0.793385,0.101676,0.102494,0.100000,2.000000
-0.899718,0.102456,0.102851,1.000000,2.000000
-0.626328,0.103887,0.102592,0.100000,2.000000
-0.891414,0.100000,0.100738,1.000000,1.200000
-0.608298,0.101792,0.102646,0.100000,2.000000
-0.928151,0.108756,0.107502,0.100000,0.600000
-0.574708,0.102065,0.102871,0.100000,2.000000
-0.876263,0.104262,0.102702,1.000000,0.300000
-0.881313,0.100000,0.102486,0.100000,1.500000
-0.462873,0.437574,0.391784,0.100000,2.000000
-0.497522,0.345360,0.426782,1.000000,2.000000
-0.585000,0.104506,0.102775,0.100000,2.000000
-0.855293,0.104991,0.103708,1.000000,2.000000
-0.898990,0.100372,0.102488,0.100000,2.100000
-0.863636,0.101408,0.102476,0.100000,1.200000
-0.720402,0.102874,0.102507,0.100000,2.000000
-0.964646,0.102385,0.102487,0.100000,1.800000
-0.835859,0.102346,0.102491,0.100000,2.400000
-0.715345,0.116238,0.116964,0.100000,0.600000
-0.935831,0.102816,0.102488,0.100000,2.000000
-0.562798,0.102659,0.103034,0.100000,2.000000
-0.367633,0.721718,0.488404,1.000000,2.000000
-0.765152,0.100000,0.105058,1.000000,1.800000
-0.866162,0.103713,0.108499,1.000000,0.600000
-0.434412,0.838294,0.846802,1.000000,2.000000
-0.443739,0.229998,0.261429,0.100000,2.000000
-0.750588,0.102409,0.102500,0.100000,2.000000
-0.690198,0.102721,0.102518,0.100000,2.000000
-0.997475,0.100450,0.101821,1.000000,2.700000
-0.823232,0.104987,0.109590,0.100000,0.600000
-0.813540,0.102810,0.102493,0.100000,2.000000
-0.962121,0.100208,0.102483,0.100000,1.500000
-0.959014,0.102843,0.102488,0.100000,2.000000
-0.954799,0.102739,0.102487,0.100000,2.000000
-0.731798,0.102554,0.102504,0.100000,2.000000
-0.795455,0.100495,0.102492,0.100000,2.700000
-0.308253,0.173114,0.197414,1.000000,2.000000
-0.898990,0.100000,0.100777,1.000000,1.200000
-0.845960,0.100000,0.102722,1.000000,0.300000
-0.857535,0.101759,0.102490,0.100000,2.000000
-0.928047,0.102668,0.102463,1.000000,2.000000
-0.638218,0.123329,0.122286,1.000000,2.000000
-0.652251,0.103270,0.102548,0.100000,2.000000
-0.581626,0.103327,0.102803,0.100000,2.000000
-0.954275,0.105191,0.105639,1.000000,0.600000
-0.848485,0.100631,0.102494,0.100000,0.900000
-0.662699,0.102583,0.102537,0.100000,2.000000
-0.594100,0.103117,0.102714,0.100000,2.000000
-0.943527,0.106399,0.105907,1.000000,0.600000
-0.921678,0.106425,0.106500,1.000000,0.600000
-0.681991,0.101829,0.102523,0.100000,2.000000
-0.573053,0.102630,0.102890,0.100000,2.000000
-0.539005,0.194707,0.197563,0.100000,0.600000
-0.596505,0.102701,0.102700,0.100000,2.000000
-0.825995,0.100824,0.102492,0.100000,2.000000
-0.640754,0.102748,0.102564,0.100000,2.000000
-0.921717,0.100000,0.102699,0.100000,0.300000
-0.589640,0.103800,0.102742,0.100000,2.000000
-0.324295,0.192784,0.189618,0.100000,0.600000
-0.848485,0.100000,0.102490,0.100000,2.100000
-0.316128,0.238949,0.238978,1.000000,0.600000
-0.409728,0.794715,0.821708,1.000000,2.000000
-0.871212,0.100897,0.101195,1.000000,2.700000
-0.718431,0.102548,0.102507,0.100000,2.000000
-0.795455,0.100000,0.101373,1.000000,1.500000
-0.967172,0.102744,0.101705,1.000000,2.700000
-0.302329,0.213274,0.205492,1.000000,0.600000
-0.780424,0.102013,0.102496,0.100000,2.000000
-0.971660,0.102373,0.102487,0.100000,2.000000
-0.888889,0.100000,0.107571,1.000000,0.600000
-0.748164,0.117119,0.113688,0.100000,0.600000
-0.772099,0.101823,0.102497,0.100000,2.000000
-0.569385,0.104348,0.102935,0.100000,2.000000
-0.781130,0.111014,0.111395,0.100000,0.600000
-0.466935,0.361793,0.249006,0.100000,2.000000
-0.872907,0.103984,0.103327,1.000000,2.000000
-0.780592,0.105826,0.106134,1.000000,2.000000
-0.512081,0.104905,0.105816,0.100000,2.000000
-0.728126,0.102443,0.102505,0.100000,2.000000
-0.940749,0.106511,0.105979,1.000000,0.600000
-0.536746,0.102178,0.103776,0.100000,2.000000
-0.732862,0.103613,0.102503,0.100000,2.000000
-0.833333,0.100000,0.102491,0.100000,2.400000
-0.544187,0.283940,0.253994,1.000000,0.600000
-0.925293,0.102376,0.102488,0.100000,2.000000
-0.775253,0.102053,0.101505,1.000000,1.500000
-0.651345,0.102509,0.102549,0.100000,2.000000
-0.626152,0.102667,0.102592,0.100000,2.000000
-0.815657,0.100563,0.102490,0.100000,1.500000
-0.946970,0.100603,0.101614,1.000000,2.700000
-0.721252,0.102538,0.102506,0.100000,2.000000
-0.750000,0.102833,0.102500,0.100000,2.100000
-0.972222,0.100000,0.101019,1.000000,1.200000
-0.830952,0.102898,0.102492,0.100000,2.000000
-0.790495,0.100323,0.102495,0.100000,2.000000
-0.978961,0.103173,0.102487,0.100000,2.000000
-0.972222,0.103348,0.102483,0.100000,1.500000
-0.800505,0.100000,0.102491,0.100000,3.000000
-0.881313,0.100000,0.100532,1.000000,0.900000
-0.585586,0.102912,0.102771,0.100000,2.000000
-0.811445,0.103015,0.102493,0.100000,2.000000
-0.779899,0.103138,0.102496,0.100000,2.000000
-0.703994,0.102411,0.102512,0.100000,2.000000
-0.308458,0.156092,0.163620,0.100000,0.600000
-0.780303,0.100044,0.101053,1.000000,3.000000
-0.548193,0.103002,0.103358,0.100000,2.000000
-0.810550,0.110239,0.110033,0.100000,0.600000
-0.315632,0.250689,0.237484,1.000000,0.600000
-0.971078,0.105601,0.105243,1.000000,0.600000
-0.803030,0.100000,0.110332,0.100000,0.600000
-0.450997,0.712090,0.698424,0.100000,2.000000
-0.479287,0.100776,0.128974,0.100000,2.000000
-0.535214,0.103964,0.103848,0.100000,2.000000
-0.481399,0.129567,0.123856,0.100000,2.000000
-0.845960,0.100083,0.102478,0.100000,1.200000
-0.974180,0.106700,0.106917,0.100000,0.600000
-0.964521,0.101758,0.102487,0.100000,2.000000
-0.886330,0.111001,0.108132,0.100000,0.600000
-0.952020,0.100000,0.102679,0.100000,0.300000
-0.882444,0.110208,0.108199,0.100000,0.600000
-0.644987,0.102566,0.102558,0.100000,2.000000
-0.365165,0.502049,0.512994,1.000000,0.600000
-0.836773,0.102669,0.102491,0.100000,2.000000
-0.937389,0.101112,0.102488,0.100000,2.000000
-0.500596,0.382009,0.434132,1.000000,0.600000
-0.787040,0.105961,0.105859,1.000000,2.000000
-0.987374,0.102092,0.102487,0.100000,2.700000
-0.933723,0.102304,0.102488,0.100000,2.000000
-0.432747,0.882597,0.873465,1.000000,0.600000
-0.994949,0.100000,0.101813,1.000000,2.700000
-0.898870,0.103503,0.102864,1.000000,2.000000
-0.849419,0.101489,0.102491,0.100000,2.000000
-0.369370,0.539850,0.503099,1.000000,2.000000
-0.339771,0.331928,0.337964,1.000000,0.600000
-0.752525,0.101474,0.102496,0.100000,3.000000
-0.852777,0.102670,0.102490,0.100000,2.000000
-0.512201,0.104607,0.105799,0.100000,2.000000
-0.803030,0.100011,0.102760,1.000000,0.300000
-0.936497,0.102055,0.102367,1.000000,2.000000
-0.924242,0.104207,0.102472,0.100000,1.200000
-0.799438,0.112037,0.112589,1.000000,0.600000
-0.648950,0.102821,0.102552,0.100000,2.000000
-0.812740,0.110154,0.109951,0.100000,0.600000
-0.898990,0.100000,0.102501,0.100000,0.900000
-0.703888,0.102658,0.102512,0.100000,2.000000
-0.977273,0.100000,0.101747,1.000000,2.700000
-0.800505,0.104428,0.102491,0.100000,1.500000
-0.461397,0.391965,0.468182,0.100000,2.000000
-0.949203,0.105959,0.105764,1.000000,0.600000
-0.563311,0.103841,0.103025,0.100000,2.000000
-0.993711,0.101953,0.102487,0.100000,2.000000
-0.949495,0.100143,0.101432,1.000000,2.400000
-0.928910,0.101869,0.102453,1.000000,2.000000
-0.979798,0.100000,0.101569,1.000000,2.400000
-0.762626,0.100000,0.102496,0.100000,1.500000
-0.915540,0.102608,0.102488,0.100000,2.000000
-0.452621,0.804350,0.755368,0.100000,0.600000
-0.843434,0.100000,0.102495,0.100000,0.900000
-0.757576,0.101208,0.100981,1.000000,3.000000
-0.542521,0.104123,0.103542,0.100000,2.000000
-0.941114,0.102277,0.102318,1.000000,2.000000
-0.519898,0.106747,0.104904,0.100000,2.000000
-0.700657,0.103434,0.102513,0.100000,2.000000
-0.964240,0.102353,0.102487,0.100000,2.000000
-0.780303,0.100000,0.102487,0.100000,1.200000
-0.969697,0.100066,0.101716,1.000000,2.700000
-0.916667,0.101475,0.101238,1.000000,1.500000
-0.638337,0.143874,0.143549,1.000000,0.600000
-0.853848,0.107353,0.108766,0.100000,0.600000
-0.689508,0.127223,0.127566,1.000000,0.600000
-0.703744,0.126771,0.124631,1.000000,0.600000
-0.914141,0.105010,0.102453,1.000000,2.100000
-0.525098,0.105174,0.104462,0.100000,2.000000
-0.590706,0.138720,0.143892,1.000000,2.000000
-0.909910,0.102591,0.102488,0.100000,2.000000
-0.738200,0.103214,0.102502,0.100000,2.000000
-0.758899,0.102039,0.102499,0.100000,2.000000
-0.475867,0.491765,0.608160,1.000000,2.000000
-0.327275,0.199633,0.197586,0.100000,0.600000
-0.749727,0.103002,0.102500,0.100000,2.000000
-0.797980,0.103921,0.102809,0.100000,0.300000
-0.810606,0.104501,0.103959,1.000000,2.100000
-0.992424,0.100000,0.102654,0.100000,0.300000
-0.641033,0.102869,0.102564,0.100000,2.000000
-0.968643,0.104895,0.105299,1.000000,0.600000
-0.650046,0.102945,0.102551,0.100000,2.000000
-0.460803,0.822745,0.733676,1.000000,2.000000
-0.713441,0.109358,0.110328,1.000000,2.000000
-0.822648,0.101980,0.102492,0.100000,2.000000
-0.686299,0.102346,0.102520,0.100000,2.000000
-0.952020,0.100000,0.102471,0.100000,1.200000
-0.786776,0.102561,0.102495,0.100000,2.000000
-0.689897,0.117675,0.120180,0.100000,0.600000
-0.817948,0.112225,0.111207,1.000000,0.600000
-0.883773,0.108316,0.108176,0.100000,0.600000
-0.790404,0.100000,0.110906,0.100000,0.600000
-0.622547,0.103140,0.102601,0.100000,2.000000
-0.636162,0.102074,0.102572,0.100000,2.000000
-0.741085,0.115847,0.114309,0.100000,0.600000
-0.569298,0.102049,0.102937,0.100000,2.000000
-0.833333,0.105474,0.101296,1.000000,3.000000
-0.929293,0.100000,0.102488,0.100000,2.400000
-0.768988,0.113710,0.112132,0.100000,0.600000
-0.651587,0.103918,0.102549,0.100000,2.000000
-0.820707,0.100000,0.102490,0.100000,3.000000
-0.762080,0.102279,0.102498,0.100000,2.000000
-0.757576,0.100000,0.102895,0.100000,0.300000
-0.368469,0.486695,0.495428,1.000000,2.000000
-0.681226,0.128293,0.129501,1.000000,0.600000
-0.741139,0.117910,0.114304,0.100000,0.600000
-0.850674,0.102235,0.102491,0.100000,2.000000
-0.904040,0.102483,0.107044,1.000000,0.600000
-0.670124,0.123839,0.123111,0.100000,0.600000
-0.573369,0.162928,0.159432,1.000000,2.000000
-0.770202,0.102995,0.112053,0.100000,0.600000
-0.845960,0.100000,0.109495,1.000000,0.600000
-0.676512,0.102387,0.102526,0.100000,2.000000
-0.424467,0.877336,0.872636,1.000000,0.600000
-0.636023,0.102286,0.102572,0.100000,2.000000
-0.813131,0.104105,0.102490,0.100000,1.500000
-0.839305,0.111176,0.109121,0.100000,0.600000
-0.480535,0.125277,0.125762,0.100000,2.000000
-0.823232,0.100000,0.103190,1.000000,1.800000
-0.636598,0.102395,0.102571,0.100000,2.000000
-0.727645,0.102664,0.102505,0.100000,2.000000
-0.627798,0.103359,0.102588,0.100000,2.000000
-0.921717,0.100000,0.102472,0.100000,1.200000
-0.575639,0.103516,0.102861,0.100000,2.000000
-0.919192,0.100000,0.102488,0.100000,2.400000
-0.941919,0.100000,0.100945,1.000000,1.200000
-0.916667,0.102315,0.102484,0.100000,1.500000
-0.528905,0.102846,0.104199,0.100000,2.000000
-0.525264,0.104979,0.104450,0.100000,2.000000
-0.953683,0.102515,0.102194,1.000000,2.000000
-0.726598,0.102605,0.102505,0.100000,2.000000
-0.797980,0.100000,0.102484,0.100000,1.200000
-0.773735,0.103204,0.102497,0.100000,2.000000
-0.655098,0.100512,0.102545,0.100000,2.000000
-0.589164,0.100189,0.102745,0.100000,2.000000
-0.993082,0.111000,0.106693,0.100000,0.600000
-0.939394,0.100000,0.102484,0.100000,1.500000
-0.771410,0.112376,0.111975,0.100000,0.600000
-0.438199,0.795089,0.859181,0.100000,0.600000
-0.977273,0.102758,0.101029,1.000000,1.200000
-0.997475,0.100000,0.102622,0.100000,0.900000
-0.548158,0.184057,0.198913,1.000000,2.000000
-0.858586,0.100000,0.100582,1.000000,0.900000
-0.826870,0.102335,0.102492,0.100000,2.000000
-0.842343,0.104678,0.104028,1.000000,2.000000
-0.775253,0.100000,0.102794,1.000000,0.300000
-0.838384,0.100000,0.109917,1.000000,0.600000
-0.505377,0.111600,0.106977,0.100000,2.000000
-0.737109,0.102912,0.102502,0.100000,2.000000
-0.803030,0.102902,0.102492,0.100000,2.700000
-0.908805,0.107746,0.107776,0.100000,0.600000
-0.606097,0.136363,0.139126,0.100000,0.600000
-0.651300,0.125404,0.126420,0.100000,0.600000
-0.453434,0.790820,0.818849,0.100000,2.000000
-0.432080,0.891607,0.878572,0.100000,0.600000
-0.977273,0.100000,0.102646,1.000000,0.300000
-0.929827,0.106536,0.106270,1.000000,0.600000
-0.840909,0.100000,0.102759,0.100000,0.300000
-0.486882,0.573408,0.510784,1.000000,2.000000
-0.633730,0.135161,0.130277,0.100000,0.600000
-0.857215,0.110365,0.108691,0.100000,0.600000
-0.717485,0.122266,0.122186,1.000000,0.600000
-0.482519,0.130963,0.121705,0.100000,2.000000
-0.838384,0.100000,0.101323,1.000000,3.000000
-0.681098,0.103532,0.102523,0.100000,2.000000
-0.629560,0.103360,0.102585,0.100000,2.000000
-0.845960,0.100000,0.102491,0.100000,1.800000
-0.399360,0.628538,0.665184,0.100000,0.600000
-0.935862,0.101782,0.102374,1.000000,2.000000
-0.782828,0.100000,0.102493,0.100000,3.000000
-0.509061,0.388166,0.387535,1.000000,0.600000
-0.936900,0.102659,0.102488,0.100000,2.000000
-0.949912,0.101798,0.102487,0.100000,2.000000
-0.915869,0.102267,0.102488,0.100000,2.000000
-0.823232,0.102278,0.102489,0.100000,1.500000
-0.409501,0.828684,0.820744,1.000000,2.000000
-0.987095,0.106695,0.106763,0.100000,0.600000
-0.474226,0.187363,0.150961,0.100000,2.000000
-0.601798,0.103400,0.102673,0.100000,2.000000
-0.805556,0.100000,0.102493,0.100000,2.100000
-0.633369,0.103132,0.102577,0.100000,2.000000
-0.820707,0.100873,0.102491,0.100000,2.700000
-0.843434,0.100000,0.102488,0.100000,1.500000
-0.642908,0.103540,0.102561,0.100000,2.000000
-0.515998,0.101766,0.105314,0.100000,2.000000
-0.926314,0.102178,0.102484,1.000000,2.000000
-0.893939,0.100789,0.102718,0.100000,0.300000
-0.732903,0.103239,0.102504,0.100000,2.000000
-0.329956,0.217494,0.266308,1.000000,2.000000
-0.770846,0.101728,0.102497,0.100000,2.000000
-0.803030,0.100660,0.101339,1.000000,1.500000
-0.765152,0.100000,0.099793,1.000000,1.200000
-0.797980,0.100000,0.102492,0.100000,3.000000
-0.856061,0.100304,0.108975,1.000000,0.600000
-0.886865,0.105388,0.102489,0.100000,2.000000
-0.968918,0.102088,0.102063,1.000000,2.000000
-0.477783,0.124417,0.133749,0.100000,2.000000
-0.522859,0.101796,0.104639,0.100000,2.000000
-0.906186,0.103257,0.102753,1.000000,2.000000
-0.891414,0.106432,0.102693,1.000000,0.300000
-0.825758,0.100000,0.101275,1.000000,1.500000
-0.747478,0.118145,0.117854,1.000000,0.600000
-0.810606,0.100646,0.111729,1.000000,0.600000
-0.742969,0.102993,0.102501,0.100000,2.000000
-0.596146,0.104114,0.102702,0.100000,2.000000
-0.757572,0.102576,0.102499,0.100000,2.000000
-0.850093,0.102253,0.102491,0.100000,2.000000
-0.919192,0.100000,0.102509,0.100000,0.900000
-0.799825,0.110445,0.110468,0.100000,0.600000
-0.715337,0.110876,0.110162,1.000000,2.000000
-0.772727,0.101968,0.100863,1.000000,2.400000
-0.775579,0.112423,0.111717,0.100000,0.600000
-0.628420,0.123240,0.131659,0.100000,0.600000
-0.647088,0.102510,0.102555,0.100000,2.000000
-0.989899,0.100000,0.101050,1.000000,1.200000
-0.767677,0.100000,0.112219,0.100000,0.600000
-0.795352,0.113291,0.110669,0.100000,0.600000
-0.464200,0.319880,0.334618,0.100000,2.000000
-0.898990,0.100000,0.102488,0.100000,1.800000
-0.422702,0.808836,0.853532,1.000000,2.000000
-0.601943,0.102640,0.102673,0.100000,2.000000
-0.587791,0.102581,0.102754,0.100000,2.000000
-0.987374,0.103066,0.102640,1.000000,0.300000
-0.315505,0.175386,0.172076,0.100000,0.600000
-0.434969,0.805097,0.845782,1.000000,2.000000
-0.373905,0.311299,0.393369,0.100000,0.600000
-0.476056,0.140514,0.140844,0.100000,2.000000
-0.911616,0.100000,0.102473,0.100000,1.200000
-0.666077,0.103405,0.102534,0.100000,2.000000
-0.976721,0.102749,0.102003,1.000000,2.000000
-0.524377,0.278403,0.318351,1.000000,0.600000
-0.750000,0.107746,0.100882,1.000000,2.400000
-0.960821,0.104694,0.107080,0.100000,0.600000
-0.473595,0.715327,0.628620,1.000000,2.000000
-0.752598,0.101963,0.102500,0.100000,2.000000
-0.535498,0.104944,0.103835,0.100000,2.000000
-0.791004,0.111098,0.110877,0.100000,0.600000
-0.818182,0.100000,0.103309,1.000000,1.800000
-0.486910,0.113303,0.115752,0.100000,2.000000
-0.396888,0.774398,0.745752,1.000000,2.000000
-0.792929,0.100000,0.102492,0.100000,3.000000
-0.959596,0.100000,0.102487,0.100000,2.700000
-0.662147,0.101877,0.102538,0.100000,2.000000
-0.501105,0.106823,0.108014,0.100000,2.000000
-0.959596,0.100891,0.102132,1.000000,2.100000
-0.815635,0.102859,0.102492,0.100000,2.000000
-0.782828,0.100000,0.104359,1.000000,1.800000
-0.450945,0.725995,0.694466,0.100000,2.000000
-0.708896,0.117865,0.117724,0.100000,0.600000
-0.805448,0.113030,0.112115,1.000000,0.600000
-0.931818,0.100375,0.100913,1.000000,1.200000
-0.489860,0.388784,0.374534,0.100000,0.600000
-0.868687,0.106380,0.102376,1.000000,1.800000
-0.581438,0.103300,0.102805,0.100000,2.000000
-1.000000,0.100000,0.100710,1.000000,0.900000
-0.921717,0.100000,0.102488,0.100000,2.100000
-0.444745,0.497335,0.291508,0.100000,2.000000
-0.992424,0.102877,0.104772,1.000000,0.600000
-0.593563,0.102881,0.102717,0.100000,2.000000
-0.567998,0.102363,0.102954,0.100000,2.000000
-0.782828,0.102741,0.101062,1.000000,3.000000
-0.653797,0.101472,0.102546,0.100000,2.000000
-0.746952,0.102261,0.102501,0.100000,2.000000
-0.818182,0.101760,0.102491,0.100000,2.400000
-0.747471,0.102470,0.102501,0.100000,2.000000
-0.828283,0.100511,0.102496,0.100000,0.900000
-0.785354,0.100000,0.100861,1.000000,2.400000
-0.519986,0.107054,0.104895,0.100000,2.000000
-0.929293,0.100000,0.102487,0.100000,3.000000
-0.914141,0.100000,0.100846,1.000000,1.200000
-0.509025,0.107504,0.106289,0.100000,2.000000
-0.959596,0.100000,0.100603,1.000000,0.900000
-0.781199,0.102059,0.102496,0.100000,2.000000
-0.509121,0.108077,0.106273,0.100000,2.000000
-0.927172,0.110272,0.107515,0.100000,0.600000
-0.439439,0.808200,0.853232,0.100000,0.600000
-0.613307,0.102927,0.102628,0.100000,2.000000
-0.793367,0.112124,0.110763,0.100000,0.600000
-0.663208,0.101600,0.102537,0.100000,2.000000
-0.660376,0.128805,0.124744,0.100000,0.600000
-0.962121,0.101051,0.102547,0.100000,0.900000
-0.942986,0.101932,0.102488,0.100000,2.000000
-0.825758,0.100000,0.102490,0.100000,2.700000
-0.967172,0.102953,0.102487,0.100000,2.100000
-0.630855,0.102610,0.102582,0.100000,2.000000
-0.843434,0.100000,0.100424,1.000000,1.200000
-0.843434,0.104046,0.101035,1.000000,2.700000
-0.627563,0.147068,0.148671,1.000000,0.600000
-0.302125,0.171826,0.185472,1.000000,2.000000
-0.643409,0.102916,0.102560,0.100000,2.000000
-0.670251,0.103595,0.102531,0.100000,2.000000
-0.962121,0.100000,0.100997,1.000000,1.200000
-0.974747,0.101029,0.101548,1.000000,2.400000
-0.906566,0.100598,0.101401,1.000000,2.700000
-0.946970,0.100000,0.101686,1.000000,1.800000
-0.441063,0.857957,0.849691,1.000000,0.600000
-0.474302,0.122163,0.150473,0.100000,2.000000
-0.898960,0.107121,0.107926,0.100000,0.600000
-0.921171,0.102773,0.102548,1.000000,2.000000
-0.854880,0.102143,0.102490,0.100000,2.000000
-0.530160,0.103631,0.104122,0.100000,2.000000
-0.838289,0.103362,0.104135,1.000000,2.000000
-0.863636,0.101880,0.108555,0.100000,0.600000
-0.805556,0.103389,0.102492,0.100000,2.400000
-0.400121,0.835658,0.763793,1.000000,0.600000
-0.746452,0.107617,0.107901,1.000000,2.000000
-0.585183,0.102659,0.102774,0.100000,2.000000
-0.774091,0.102673,0.102497,0.100000,2.000000
-0.835859,0.102046,0.102491,0.100000,1.800000
-0.711610,0.103211,0.102509,0.100000,2.000000
-0.614514,0.103585,0.102624,0.100000,2.000000
-0.798533,0.105514,0.105406,1.000000,2.000000
-0.528333,0.224759,0.216846,0.100000,0.600000
-0.828283,0.100000,0.102489,0.100000,1.500000
-0.982323,0.101496,0.101963,1.000000,3.000000
-0.549568,0.103640,0.103319,0.100000,2.000000
-0.769464,0.102236,0.102497,0.100000,2.000000
-0.528334,0.103663,0.104236,0.100000,2.000000
-0.953725,0.102895,0.102487,0.100000,2.000000
-0.830808,0.100000,0.100322,1.000000,1.200000
-0.562973,0.161096,0.167404,0.100000,0.600000
-0.889081,0.108076,0.107564,1.000000,0.600000
-0.524930,0.305883,0.316192,1.000000,0.600000
-0.901515,0.100631,0.100790,1.000000,1.200000
-0.922261,0.102231,0.102534,1.000000,2.000000
-0.757576,0.102356,0.101889,1.000000,0.900000
-0.845871,0.102615,0.102491,0.100000,2.000000
-0.893939,0.100000,0.100524,1.000000,0.900000
-0.924242,0.100000,0.107555,0.100000,0.600000
-0.893562,0.102191,0.102489,0.100000,2.000000
-0.598862,0.102884,0.102688,0.100000,2.000000
-0.467863,0.100000,0.228154,0.100000,2.000000
-0.962121,0.102066,0.100609,1.000000,0.900000
-0.979798,0.100000,0.101757,1.000000,2.700000
-0.853535,0.100000,0.102489,0.100000,3.000000
-0.480903,0.127531,0.124921,0.100000,2.000000
-0.810606,0.100000,0.102791,0.100000,0.300000
-0.787879,0.101318,0.111033,0.100000,0.600000
-0.825473,0.103509,0.104500,1.000000,2.000000
-0.349966,0.380852,0.399333,1.000000,0.600000
-0.723278,0.102984,0.102506,0.100000,2.000000
-0.780303,0.103710,0.102496,0.100000,1.800000
-0.631902,0.103953,0.102580,0.100000,2.000000
-0.544598,0.102873,0.103470,0.100000,2.000000
-0.815657,0.101671,0.102491,0.100000,3.000000
-0.582298,0.102723,0.102797,0.100000,2.000000
-0.974925,0.101967,0.102016,1.000000,2.000000
-0.946945,0.105818,0.107255,0.100000,0.600000
-0.526398,0.105092,0.104367,0.100000,2.000000
-0.554995,0.212560,0.185414,1.000000,2.000000
-0.794149,0.102604,0.102494,0.100000,2.000000
-0.803030,0.102382,0.100086,1.000000,1.200000
-0.334874,0.247799,0.222041,0.100000,0.600000
-0.642859,0.103015,0.102561,0.100000,2.000000
-0.770388,0.102313,0.102497,0.100000,2.000000
-0.829846,0.102925,0.104371,1.000000,2.000000
-0.649073,0.116713,0.119571,1.000000,2.000000
-0.639654,0.102125,0.102566,0.100000,2.000000
-0.805317,0.111847,0.112126,1.000000,0.600000
-0.859009,0.102447,0.102490,0.100000,2.000000
-0.515436,0.240101,0.248789,0.100000,0.600000
-0.878788,0.104442,0.102489,0.100000,2.100000
-0.412183,0.818835,0.808021,0.100000,0.600000
-0.926768,0.100000,0.100895,1.000000,1.200000
-0.800505,0.101714,0.100870,1.000000,2.400000
-0.570598,0.103545,0.102920,0.100000,2.000000
-0.610634,0.158686,0.158807,1.000000,0.600000
-0.700490,0.103213,0.102513,0.100000,2.000000
-0.552416,0.104200,0.103245,0.100000,2.000000
-0.977273,0.102612,0.102663,0.100000,0.300000
-0.755051,0.100000,0.102492,0.100000,1.200000
-0.815697,0.102489,0.102493,0.100000,2.000000
-0.687532,0.102874,0.102519,0.100000,2.000000
-0.478297,0.141810,0.131990,0.100000,2.000000
-0.555874,0.169928,0.174887,0.100000,0.600000
-0.688117,0.110587,0.112983,1.000000,2.000000
-0.539398,0.104104,0.103662,0.100000,2.000000
-0.315461,0.180340,0.215695,1.000000,2.000000
-0.916667,0.100000,0.102702,0.100000,0.300000
-0.494942,0.120975,0.110221,0.100000,2.000000
-0.758508,0.101593,0.102499,0.100000,2.000000
-0.710961,0.114209,0.110551,1.000000,2.000000
-0.777778,0.100309,0.102517,0.100000,0.900000
-0.828283,0.101837,0.101270,1.000000,3.000000
-0.596203,0.102052,0.102701,0.100000,2.000000
-0.777778,0.100000,0.100861,1.000000,2.400000
-0.888508,0.102410,0.103036,1.000000,2.000000
-0.994949,0.105944,0.101207,1.000000,1.500000
-0.959596,0.101638,0.102470,0.100000,1.200000
-0.539073,0.104154,0.103675,0.100000,2.000000
-0.474148,0.236008,0.151467,0.100000,2.000000
-0.486585,0.124970,0.116091,0.100000,2.000000
-0.883838,0.100097,0.102697,1.000000,0.300000
-0.916667,0.101734,0.107662,0.100000,0.600000
-0.464145,0.371038,0.336794,0.100000,2.000000
-0.808081,0.100000,0.102491,0.100000,3.000000
-0.671547,0.113894,0.115303,1.000000,2.000000
-0.457545,0.691142,0.704462,0.100000,2.000000
-0.560198,0.103190,0.103079,0.100000,2.000000
-0.535149,0.211685,0.233009,1.000000,2.000000
-0.848485,0.100000,0.102686,1.000000,1.800000
-0.621188,0.132640,0.133752,0.100000,0.600000
-0.813131,0.100000,0.102749,1.000000,0.300000
-0.921717,0.100623,0.101744,1.000000,3.000000
-0.797980,0.101879,0.103860,1.000000,1.800000
-0.687216,0.102593,0.102520,0.100000,2.000000
-0.434984,0.836392,0.845753,1.000000,2.000000
-0.729443,0.119447,0.115433,0.100000,0.600000
-0.751298,0.103825,0.102500,0.100000,2.000000
-0.917905,0.108241,0.107644,0.100000,0.600000
-0.995923,0.105554,0.104698,1.000000,0.600000
-0.966343,0.101479,0.102487,0.100000,2.000000
-0.684998,0.102396,0.102521,0.100000,2.000000
-0.770202,0.100000,0.100864,1.000000,2.400000
-0.472438,0.592072,0.638959,1.000000,2.000000
-0.710352,0.103458,0.102510,0.100000,2.000000
-0.661398,0.102058,0.102538,0.100000,2.000000
-0.611815,0.101789,0.102633,0.100000,2.000000
-0.502425,0.111498,0.107661,0.100000,2.000000
-0.409013,0.819747,0.818619,1.000000,2.000000
-0.962121,0.102760,0.105451,1.000000,0.600000
-0.802928,0.105514,0.105244,1.000000,2.000000
-0.788103,0.102849,0.102495,0.100000,2.000000
-0.655455,0.142373,0.136948,1.000000,0.600000
-0.843760,0.102684,0.102491,0.100000,2.000000
-0.881313,0.100000,0.101240,1.000000,1.500000
-0.777778,0.103122,0.101416,1.000000,0.900000
-0.733929,0.102957,0.102503,0.100000,2.000000
-0.863293,0.102708,0.102490,0.100000,2.000000
-0.545813,0.104827,0.103430,0.100000,2.000000
-0.797980,0.103042,0.102505,0.100000,0.900000
-0.650236,0.129581,0.126628,0.100000,0.600000
-0.666908,0.119262,0.123633,0.100000,0.600000
-0.655356,0.102600,0.102545,0.100000,2.000000
-0.603854,0.160301,0.163794,1.000000,0.600000
-0.918290,0.102349,0.102488,0.100000,2.000000
-0.949495,0.100063,0.107222,0.100000,0.600000
-0.443197,0.197971,0.248157,0.100000,2.000000
-0.997877,0.102840,0.102487,0.100000,2.000000
-0.842125,0.110236,0.109048,0.100000,0.600000
-0.977470,0.105535,0.106878,0.100000,0.600000
-0.770202,0.109179,0.101018,1.000000,3.000000
-0.924576,0.103276,0.102488,0.100000,2.000000
-0.680578,0.101644,0.102523,0.100000,2.000000
-0.529748,0.227078,0.213994,0.100000,0.600000
-0.581752,0.103059,0.102802,0.100000,2.000000
-0.487905,0.119248,0.114789,0.100000,2.000000
-0.665605,0.102146,0.102534,0.100000,2.000000
-0.961581,0.102320,0.102124,1.000000,2.000000
-0.536842,0.104161,0.103772,0.100000,2.000000
-0.987374,0.102828,0.102487,0.100000,2.000000
-0.600498,0.102325,0.102679,0.100000,2.000000
-0.767677,0.100000,0.102806,1.000000,0.300000
-0.929293,0.100000,0.101236,1.000000,1.500000
-0.360348,0.311442,0.319718,0.100000,0.600000
-0.772660,0.113258,0.111897,0.100000,0.600000
-0.795455,0.100000,0.100866,1.000000,2.400000
-0.772727,0.100000,0.104742,1.000000,1.800000
-0.620008,0.102733,0.102608,0.100000,2.000000
-0.914141,0.100000,0.106724,1.000000,0.600000
-0.805556,0.100000,0.102493,0.100000,1.800000
-0.846082,0.102496,0.102491,0.100000,2.000000
-0.856061,0.103125,0.102715,1.000000,0.300000
-0.740955,0.118774,0.118697,1.000000,0.600000
-0.823460,0.103611,0.102492,0.100000,2.000000
-0.653555,0.102048,0.102547,0.100000,2.000000
-0.599198,0.102087,0.102686,0.100000,2.000000
-0.906566,0.100000,0.102521,1.000000,2.100000
-0.982323,0.100000,0.102487,0.100000,2.100000
-0.949495,0.100000,0.102471,0.100000,1.200000
-0.655547,0.101702,0.102544,0.100000,2.000000
-0.994949,0.100000,0.102487,0.100000,2.100000
-0.451080,0.553703,0.704584,0.100000,2.000000
-0.338769,0.375212,0.332599,1.000000,0.600000
-0.851010,0.101077,0.100982,1.000000,2.400000
-0.943165,0.110094,0.107303,0.100000,0.600000
-0.530994,0.105535,0.104073,0.100000,2.000000
-0.840914,0.110032,0.109773,1.000000,0.600000
-0.625646,0.102264,0.102593,0.100000,2.000000
-0.727177,0.102384,0.102505,0.100000,2.000000
-0.837289,0.104009,0.104162,1.000000,2.000000
-0.825758,0.100000,0.102492,0.100000,1.800000
-0.897736,0.102786,0.102489,0.100000,2.000000
-0.687730,0.102238,0.102519,0.100000,2.000000
-0.787879,0.100000,0.101082,1.000000,3.000000
-0.634471,0.101362,0.102575,0.100000,2.000000
-0.577853,0.103478,0.102838,0.100000,2.000000
-0.794621,0.102926,0.102494,0.100000,2.000000
-0.984848,0.103011,0.102658,0.100000,0.300000
-0.695941,0.102174,0.102515,0.100000,2.000000
-0.954545,0.100000,0.100979,1.000000,1.200000
-0.422075,0.782961,0.853014,1.000000,2.000000
-0.487425,0.124974,0.115240,0.100000,2.000000
-0.683306,0.120462,0.121110,0.100000,0.600000
-0.723663,0.102768,0.102506,0.100000,2.000000
-0.810606,0.103780,0.102491,0.100000,2.700000
-0.762626,0.106573,0.102880,0.100000,0.300000
-0.586195,0.101623,0.102766,0.100000,2.000000
-0.757576,0.100000,0.102498,0.100000,2.100000
-0.467897,0.339616,0.227438,0.100000,2.000000
-0.538539,0.104893,0.103697,0.100000,2.000000
-0.952020,0.100154,0.102535,0.100000,0.900000
-0.813131,0.100000,0.102788,0.100000,0.300000
-0.898990,0.101649,0.102474,0.100000,1.200000
-0.934309,0.102062,0.102391,1.000000,2.000000
-0.491297,0.114009,0.112191,0.100000,2.000000
-0.611550,0.101970,0.102634,0.100000,2.000000
-0.931818,0.100000,0.102484,0.100000,1.500000
-0.878788,0.103188,0.102700,1.000000,0.300000
-0.995249,0.102308,0.101876,1.000000,2.000000
-0.837426,0.102055,0.102491,0.100000,2.000000
-0.812819,0.102487,0.102493,0.100000,2.000000
-0.817489,0.110149,0.109782,0.100000,0.600000
-0.857393,0.102708,0.102490,0.100000,2.000000
-0.858586,0.100112,0.102494,0.100000,0.900000
-0.456666,0.632609,0.752702,0.100000,2.000000
-0.486319,0.438510,0.515557,1.000000,2.000000
-0.933839,0.108464,0.107425,0.100000,0.600000
-0.649325,0.140273,0.139127,1.000000,0.600000
-0.760101,0.100706,0.102496,0.100000,1.500000
-0.731358,0.103143,0.102504,0.100000,2.000000
-0.603707,0.100632,0.102665,0.100000,2.000000
-0.566774,0.158558,0.167344,1.000000,2.000000
-0.813131,0.100000,0.102493,0.100000,2.100000
-0.628623,0.125662,0.125171,1.000000,2.000000
-0.632133,0.127591,0.124056,1.000000,2.000000
-0.912627,0.102362,0.102661,1.000000,2.000000
-0.936869,0.101194,0.101371,1.000000,2.400000
-0.500751,0.360394,0.403747,1.000000,2.000000
-0.979798,0.100000,0.102487,0.100000,1.800000
-0.678702,0.102015,0.102525,0.100000,2.000000
-0.811333,0.105219,0.104950,1.000000,2.000000
-0.671034,0.102456,0.102530,0.100000,2.000000
-0.710884,0.103006,0.102509,0.100000,2.000000
-0.906566,0.100172,0.102504,0.100000,0.900000
-0.493405,0.102067,0.110971,0.100000,2.000000
-0.491125,0.117127,0.112302,0.100000,2.000000
-0.954545,0.100000,0.107158,0.100000,0.600000
-0.928977,0.105834,0.107491,0.100000,0.600000
-0.685888,0.101739,0.102520,0.100000,2.000000
-0.710988,0.101603,0.102510,0.100000,2.000000
-0.605698,0.101394,0.102656,0.100000,2.000000
-0.476997,0.112818,0.136730,0.100000,2.000000
-0.614685,0.102999,0.102624,0.100000,2.000000
-0.853535,0.100000,0.101092,1.000000,2.700000
-0.658509,0.102413,0.102541,0.100000,2.000000
-0.581482,0.102584,0.102804,0.100000,2.000000
-0.421991,0.766745,0.852938,1.000000,2.000000
-0.863636,0.107099,0.108614,1.000000,0.600000
-0.473465,0.657284,0.622974,1.000000,0.600000
-0.944444,0.102196,0.101408,1.000000,2.400000
-0.966608,0.101891,0.102487,0.100000,2.000000
-0.915355,0.106591,0.106688,1.000000,0.600000
-0.896540,0.101752,0.102489,0.100000,2.000000
-0.554922,0.104573,0.103187,0.100000,2.000000
-0.778217,0.103503,0.102496,0.100000,2.000000
-1.000000,0.101896,0.101065,1.000000,1.200000
-0.448305,0.614468,0.481806,0.100000,2.000000
-0.919763,0.102860,0.102488,0.100000,2.000000
-0.955653,0.102889,0.102488,0.100000,2.000000
-0.994949,0.101800,0.101058,1.000000,1.200000
-0.767748,0.102921,0.102497,0.100000,2.000000
-0.479985,0.117752,0.127105,0.100000,2.000000
-0.772727,0.101157,0.102497,0.100000,1.800000
-0.994949,0.100000,0.101630,1.000000,2.400000
-0.852605,0.102067,0.102490,0.100000,2.000000
-0.803030,0.100000,0.103710,1.000000,1.800000
-0.778776,0.102640,0.102496,0.100000,2.000000
-0.476329,0.128583,0.139585,0.100000,2.000000
-0.919192,0.100000,0.102484,0.100000,1.500000
-0.704421,0.102782,0.102512,0.100000,2.000000
-0.881757,0.102693,0.103157,1.000000,2.000000
-0.941919,0.100000,0.102487,0.100000,3.000000
-0.748698,0.101517,0.102500,0.100000,2.000000
-0.499530,0.401575,0.412319,1.000000,2.000000
-0.946970,0.102847,0.102209,1.000000,2.100000
-0.762626,0.100000,0.105361,1.000000,2.100000
-0.896465,0.102888,0.102488,0.100000,2.700000
-0.785037,0.102911,0.102495,0.100000,2.000000
-0.606749,0.103272,0.102652,0.100000,2.000000
-0.409550,0.836361,0.820953,1.000000,2.000000
-0.941919,0.100000,0.101714,1.000000,1.800000
-0.796780,0.102178,0.102494,0.100000,2.000000
-0.490545,0.101573,0.112690,0.100000,2.000000
-0.562972,0.102674,0.103031,0.100000,2.000000
-0.803030,0.100000,0.101003,1.000000,0.900000
-0.974747,0.100000,0.102487,0.100000,3.000000
-0.772515,0.104317,0.102497,0.100000,2.000000
-0.947415,0.101783,0.102487,0.100000,2.000000
-0.467941,0.271051,0.226544,0.100000,2.000000
-0.782828,0.102031,0.102784,1.000000,0.300000
-0.667708,0.102159,0.102533,0.100000,2.000000
-0.668984,0.102491,0.102532,0.100000,2.000000
-0.749888,0.107908,0.107695,1.000000,2.000000
-0.803030,0.101275,0.102492,0.100000,2.400000
-0.818182,0.100000,0.111191,1.000000,0.600000
-0.595705,0.172924,0.170685,1.000000,0.600000
-0.748365,0.107161,0.107786,1.000000,2.000000
-0.969697,0.100610,0.102487,0.100000,2.100000
-0.780303,0.101035,0.102494,0.100000,2.400000
-0.650566,0.102991,0.102550,0.100000,2.000000
-0.691198,0.102467,0.102518,0.100000,2.000000
-0.825758,0.100000,0.103133,1.000000,1.800000
-0.838881,0.102528,0.102491,0.100000,2.000000
-0.547117,0.102995,0.103390,0.100000,2.000000
-0.546504,0.103892,0.103409,0.100000,2.000000
-0.985271,0.102306,0.102487,0.100000,2.000000
-0.823232,0.100000,0.100259,1.000000,1.200000
-0.571796,0.102787,0.102905,0.100000,2.000000
-0.534595,0.103335,0.103879,0.100000,2.000000
-0.974193,0.105475,0.105173,1.000000,0.600000
-0.948349,0.106769,0.107237,0.100000,0.600000
-0.639729,0.102601,0.102566,0.100000,2.000000
-0.952020,0.104484,0.101659,1.000000,1.800000
-0.691120,0.102063,0.102518,0.100000,2.000000
-0.630134,0.102891,0.102583,0.100000,2.000000
-0.762626,0.100000,0.100995,1.000000,3.000000
-0.954545,0.100000,0.102487,0.100000,2.100000
-0.942246,0.102315,0.102306,1.000000,2.000000
-0.732350,0.102462,0.102504,0.100000,2.000000
-0.730226,0.114228,0.115353,0.100000,0.600000
-0.758689,0.102053,0.102499,0.100000,2.000000
-0.816865,0.113972,0.109803,0.100000,0.600000
-0.997475,0.100000,0.102486,0.100000,1.800000
-0.827400,0.104483,0.104443,1.000000,2.000000
-0.819198,0.111219,0.109723,0.100000,0.600000
-0.701886,0.102544,0.102513,0.100000,2.000000
-0.896465,0.100262,0.102489,0.100000,2.100000
-0.725857,0.120997,0.120852,1.000000,0.600000
-0.435484,0.849219,0.844789,1.000000,2.000000
-0.469592,0.100000,0.197618,0.100000,2.000000
-0.873737,0.100000,0.102877,1.000000,2.100000
-0.750000,0.100000,0.100963,1.000000,3.000000
-0.582644,0.102033,0.102794,0.100000,2.000000
-0.782828,0.100000,0.100861,1.000000,2.400000
-0.555506,0.193200,0.184504,1.000000,2.000000
-0.755051,0.100724,0.102497,0.100000,1.500000
-0.911616,0.101039,0.100529,1.000000,0.900000
-0.858866,0.102313,0.102490,0.100000,2.000000
-0.962121,0.101264,0.102673,0.100000,0.300000
-0.939394,0.100000,0.102487,0.100000,3.000000
-0.910039,0.106826,0.106851,1.000000,0.600000
-0.532808,0.102628,0.103971,0.100000,2.000000
-0.749605,0.116889,0.117589,1.000000,0.600000
-0.916667,0.100000,0.100533,1.000000,0.900000
-0.755051,0.100171,0.101718,1.000000,1.500000
-0.792929,0.100000,0.102492,0.100000,2.700000
-0.944261,0.102884,0.102488,0.100000,2.000000
-0.750000,0.100000,0.102837,1.000000,0.300000
-0.371832,0.447085,0.524529,1.000000,2.000000
-0.453198,0.806757,0.813742,0.100000,2.000000
-0.595541,0.170189,0.170834,1.000000,0.600000
-0.707635,0.125032,0.123904,1.000000,0.600000
-0.472165,0.115679,0.166989,0.100000,2.000000
-0.797980,0.100000,0.101361,1.000000,1.500000
-0.573988,0.103390,0.102879,0.100000,2.000000
-0.837213,0.102914,0.102491,0.100000,2.000000
-0.672051,0.122327,0.122805,0.100000,0.600000
-0.649381,0.102577,0.102552,0.100000,2.000000
-0.555205,0.104119,0.103180,0.100000,2.000000
-0.819912,0.102479,0.102492,0.100000,2.000000
-0.639292,0.102943,0.102566,0.100000,2.000000
-0.755090,0.103312,0.102499,0.100000,2.000000
-0.796799,0.102635,0.102494,0.100000,2.000000
-0.894839,0.102748,0.102489,0.100000,2.000000
-0.881313,0.100000,0.101551,1.000000,3.000000
-0.582686,0.189191,0.184229,1.000000,0.600000
-0.489225,0.116191,0.113666,0.100000,2.000000
-1.000000,0.104578,0.104613,1.000000,0.600000
-0.934343,0.100688,0.102487,0.100000,3.000000
-0.984848,0.103370,0.106790,0.100000,0.600000
-0.482694,0.123200,0.121397,0.100000,2.000000
-0.800505,0.100000,0.100825,1.000000,2.700000
-0.830808,0.100000,0.102490,0.100000,2.700000
-0.584945,0.103855,0.102776,0.100000,2.000000
-0.946970,0.101175,0.100577,1.000000,0.900000
-0.705470,0.102613,0.102511,0.100000,2.000000
-0.835559,0.103734,0.104210,1.000000,2.000000
-0.541664,0.103463,0.103573,0.100000,2.000000
-0.468439,0.597353,0.585199,0.100000,0.600000
-0.863636,0.100000,0.101458,1.000000,3.000000
-0.765152,0.100000,0.102496,0.100000,2.400000
-0.729739,0.102546,0.102504,0.100000,2.000000
-0.850767,0.112006,0.108836,0.100000,0.600000
-0.716639,0.102371,0.102508,0.100000,2.000000
-0.797980,0.100912,0.100868,1.000000,2.400000
-0.848080,0.109094,0.108900,0.100000,0.600000
-0.476945,0.504009,0.491601,0.100000,0.600000
-0.776156,0.100876,0.102496,0.100000,2.000000
-0.715965,0.121854,0.122440,1.000000,0.600000
-0.954545,0.103786,0.102162,1.000000,2.100000
-0.782828,0.101071,0.102493,0.100000,1.500000
-0.757716,0.107008,0.107253,1.000000,2.000000
-0.675347,0.101918,0.102527,0.100000,2.000000
-0.557866,0.102365,0.103124,0.100000,2.000000
-0.901515,0.100041,0.101652,1.000000,3.000000
-0.873737,0.101686,0.100637,1.000000,1.200000
-0.593491,0.102474,0.102717,0.100000,2.000000
-0.547679,0.176321,0.184935,0.100000,0.600000
-0.751428,0.106879,0.107606,1.000000,2.000000
-0.797536,0.111165,0.110570,0.100000,0.600000
-0.843434,0.100000,0.100958,1.000000,2.400000
-0.921717,0.103344,0.102676,1.000000,0.300000
-0.381564,0.668576,0.640951,1.000000,0.600000
-0.605196,0.103948,0.102658,0.100000,2.000000
-0.982323,0.100000,0.101525,1.000000,1.800000
-0.501698,0.110108,0.107852,0.100000,2.000000
-0.983236,0.102797,0.102487,0.100000,2.000000
-0.508007,0.103753,0.106466,0.100000,2.000000
-0.861111,0.100000,0.102742,0.100000,0.300000
-0.959596,0.100000,0.101891,1.000000,3.000000
-0.432719,0.899574,0.873506,1.000000,0.600000
-0.652986,0.101665,0.102547,0.100000,2.000000
-0.435112,0.852638,0.845510,1.000000,2.000000
-0.367117,0.386776,0.351791,0.100000,0.600000
-0.636028,0.142681,0.144575,1.000000,0.600000
-0.766552,0.102088,0.102498,0.100000,2.000000
-0.964646,0.102383,0.102653,1.000000,0.300000
-0.620799,0.102147,0.102606,0.100000,2.000000
-0.984848,0.102502,0.102487,0.100000,2.100000
-1.000000,0.100000,0.101463,1.000000,1.800000
-0.830808,0.100000,0.102492,0.100000,1.800000
-0.687504,0.103029,0.102519,0.100000,2.000000
-0.906566,0.104812,0.102488,0.100000,3.000000
-0.689891,0.115304,0.112767,1.000000,2.000000
-0.870858,0.109065,0.108411,0.100000,0.600000
-0.984848,0.100049,0.102487,0.100000,2.400000
-0.997475,0.100000,0.101944,1.000000,2.100000
-0.366939,0.364865,0.350847,0.100000,0.600000
-0.947448,0.102994,0.102254,1.000000,2.000000
-0.873737,0.100000,0.108170,1.000000,0.600000
-0.667253,0.132434,0.133233,1.000000,0.600000
-0.818429,0.102506,0.102492,0.100000,2.000000
-0.744601,0.103033,0.102501,0.100000,2.000000
-0.441624,0.100000,0.218321,0.100000,2.000000
-0.725549,0.101249,0.102505,0.100000,2.000000
-0.862231,0.103434,0.103551,1.000000,2.000000
-0.742393,0.119863,0.118507,1.000000,0.600000
-0.661421,0.134216,0.134997,1.000000,0.600000
-0.997475,0.100389,0.101640,1.000000,2.400000
-0.739598,0.101798,0.102502,0.100000,2.000000
-0.797980,0.103628,0.104264,1.000000,2.100000
-0.898990,0.100000,0.107213,1.000000,0.600000
-0.720854,0.103020,0.102506,0.100000,2.000000
-0.491041,0.125071,0.112357,0.100000,2.000000
-0.986413,0.102338,0.102487,0.100000,2.000000
-0.878788,0.100427,0.100668,1.000000,1.200000
-0.830711,0.110555,0.110374,1.000000,0.600000
-0.582345,0.102898,0.102797,0.100000,2.000000
-0.847982,0.102567,0.102491,0.100000,2.000000
-0.465528,0.214931,0.288088,0.100000,2.000000
-0.805556,0.100541,0.102491,0.100000,1.500000
-0.604398,0.102338,0.102662,0.100000,2.000000
-0.334475,0.331045,0.285433,1.000000,2.000000
-0.631787,0.102149,0.102580,0.100000,2.000000
-0.774341,0.103461,0.102496,0.100000,2.000000
-0.992424,0.100000,0.101620,1.000000,2.400000
-0.880015,0.105957,0.108242,0.100000,0.600000
-0.646524,0.103394,0.102555,0.100000,2.000000
-0.499097,0.111027,0.108620,0.100000,2.000000
-0.383823,0.666104,0.657135,1.000000,0.600000
-0.442680,0.226058,0.237044,0.100000,2.000000
-0.994949,0.100000,0.102487,0.100000,2.700000
-0.775253,0.103214,0.102496,0.100000,2.100000
-0.714352,0.122952,0.122714,1.000000,0.600000
-0.762626,0.100979,0.102532,0.100000,0.900000
-0.926567,0.105674,0.107524,0.100000,0.600000
-0.448586,0.556922,0.503272,0.100000,2.000000
-0.811908,0.103420,0.102493,0.100000,2.000000
-1.000000,0.100000,0.101933,1.000000,2.100000
-0.845960,0.100000,0.100966,1.000000,2.400000
-0.898990,0.100000,0.102488,0.100000,2.400000
-0.932956,0.104251,0.102488,0.100000,2.000000
-0.529247,0.104438,0.104178,0.100000,2.000000
-0.592965,0.102748,0.102720,0.100000,2.000000
-0.367166,0.410020,0.352053,0.100000,0.600000
-0.901667,0.107168,0.107122,1.000000,0.600000
-0.820707,0.100200,0.102742,1.000000,0.300000
-0.524160,0.104725,0.104534,0.100000,2.000000
-0.915883,0.107001,0.106672,1.000000,0.600000
-0.767677,0.100405,0.101010,1.000000,3.000000
-0.982323,0.100921,0.101038,1.000000,1.200000
-0.892645,0.109269,0.108027,0.100000,0.600000
-0.697644,0.102707,0.102515,0.100000,2.000000
-0.611987,0.102394,0.102633,0.100000,2.000000
-0.573006,0.102955,0.102890,0.100000,2.000000
-0.879982,0.108079,0.107913,1.000000,0.600000
-0.777299,0.103012,0.102496,0.100000,2.000000
-0.527069,0.328049,0.308064,1.000000,0.600000
-0.947208,0.101367,0.102488,0.100000,2.000000
-0.929508,0.102587,0.102488,0.100000,2.000000
-0.530146,0.105317,0.104123,0.100000,2.000000
-0.880117,0.101511,0.102489,0.100000,2.000000
-0.929346,0.106310,0.106284,1.000000,0.600000
-0.871212,0.102484,0.108277,1.000000,0.600000
-0.741348,0.103030,0.102502,0.100000,2.000000
-0.752525,0.102264,0.102497,0.100000,1.500000
-0.407758,0.787966,0.808350,1.000000,0.600000
-0.655089,0.104367,0.102545,0.100000,2.000000
-0.952020,0.100000,0.100973,1.000000,1.200000
-0.780303,0.100000,0.102839,0.100000,0.300000
-0.931818,0.101519,0.102671,1.000000,0.300000
-0.559900,0.103423,0.103085,0.100000,2.000000
-0.508198,0.104403,0.106432,0.100000,2.000000
-0.914100,0.102844,0.102488,0.100000,2.000000
-0.914141,0.100000,0.101901,1.000000,1.800000
-0.595840,0.149257,0.143797,0.100000,0.600000
-0.886364,0.103110,0.101577,1.000000,3.000000
-0.946970,0.105036,0.102487,0.100000,3.000000
-0.824761,0.111902,0.109542,0.100000,0.600000
-0.797980,0.105496,0.112707,1.000000,0.600000
-0.765152,0.100000,0.115797,1.000000,0.600000
-0.782828,0.100373,0.111301,0.100000,0.600000
-0.691187,0.102448,0.102518,0.100000,2.000000
-0.767716,0.115411,0.115523,1.000000,0.600000
-0.552511,0.103707,0.103243,0.100000,2.000000
-0.962121,0.100000,0.102487,0.100000,2.700000
-0.854686,0.104752,0.103722,1.000000,2.000000
-0.863636,0.100457,0.102490,0.100000,1.800000
-0.888889,0.102185,0.102489,0.100000,1.800000
-0.343240,0.233331,0.253080,0.100000,0.600000
-0.911413,0.102476,0.102678,1.000000,2.000000
-0.946970,0.103905,0.101846,1.000000,3.000000
-0.875567,0.102982,0.103274,1.000000,2.000000
-0.626034,0.102940,0.102592,0.100000,2.000000
-0.647555,0.101739,0.102554,0.100000,2.000000
-0.775253,0.100000,0.102488,0.100000,1.200000
-0.964646,0.100000,0.101598,1.000000,1.800000
-0.745358,0.103019,0.102501,0.100000,2.000000
-0.532707,0.325556,0.288178,1.000000,0.600000
-0.775253,0.100000,0.111737,0.100000,0.600000
-0.683267,0.102127,0.102522,0.100000,2.000000
-0.590866,0.103583,0.102733,0.100000,2.000000
-0.791509,0.102176,0.102495,0.100000,2.000000
-0.689550,0.119624,0.120228,0.100000,0.600000
-0.530816,0.104686,0.104083,0.100000,2.000000
-0.620946,0.103234,0.102605,0.100000,2.000000
-0.557948,0.103407,0.103123,0.100000,2.000000
-0.496497,0.111725,0.109557,0.100000,2.000000
-0.383057,0.657659,0.627448,1.000000,2.000000
-0.845960,0.100000,0.101364,1.000000,3.000000
-0.579379,0.103161,0.102823,0.100000,2.000000
-0.843264,0.103803,0.104004,1.000000,2.000000
-0.861111,0.100000,0.102487,0.100000,1.500000
-0.930604,0.102147,0.102433,1.000000,2.000000
-0.508186,0.408354,0.392064,1.000000,0.600000
-0.773449,0.107169,0.106459,1.000000,2.000000
-0.795673,0.111608,0.110655,0.100000,0.600000
-0.916667,0.100000,0.101882,1.000000,1.800000
-0.309048,0.162764,0.164174,0.100000,0.600000
-0.812075,0.110446,0.109975,0.100000,0.600000
-0.962121,0.106945,0.102487,0.100000,3.000000
-0.505573,0.110537,0.106936,0.100000,2.000000
-0.676419,0.101718,0.102526,0.100000,2.000000
-0.616250,0.101547,0.102619,0.100000,2.000000
-0.497193,0.109760,0.109287,0.100000,2.000000
-0.800505,0.101723,0.101350,1.000000,1.500000
-0.820707,0.100000,0.102492,0.100000,2.100000
-0.644601,0.137156,0.140941,1.000000,0.600000
-0.939241,0.101502,0.102488,0.100000,2.000000
-0.747948,0.102581,0.102500,0.100000,2.000000
-0.808081,0.100000,0.100878,1.000000,2.400000
-0.896465,0.100000,0.100765,1.000000,1.200000
-0.562784,0.103156,0.103034,0.100000,2.000000
-0.586770,0.102814,0.102762,0.100000,2.000000
-0.785354,0.100000,0.101072,1.000000,3.000000
-0.892736,0.102528,0.102489,0.100000,2.000000
-0.840909,0.100000,0.100660,1.000000,0.900000
-0.706789,0.102499,0.102511,0.100000,2.000000
-0.889459,0.108345,0.108079,0.100000,0.600000
-0.977273,0.100000,0.102469,0.100000,1.200000
-0.614657,0.133342,0.135891,0.100000,0.600000
-0.632605,0.129245,0.123911,1.000000,2.000000
-0.777925,0.102422,0.102496,0.100000,2.000000
-0.754576,0.102504,0.102499,0.100000,2.000000
-0.833821,0.102477,0.102491,0.100000,2.000000
-0.503478,0.110881,0.107401,0.100000,2.000000
-0.928698,0.102077,0.102456,1.000000,2.000000
-0.858586,0.100654,0.102489,0.100000,3.000000
-0.680272,0.101650,0.102524,0.100000,2.000000
-0.515499,0.308209,0.313939,1.000000,2.000000
-0.484768,0.124961,0.118250,0.100000,2.000000
-0.664198,0.103257,0.102536,0.100000,2.000000
-0.503623,0.321145,0.292632,0.100000,0.600000
-0.923185,0.102250,0.102488,0.100000,2.000000
-0.675268,0.103006,0.102527,0.100000,2.000000
-0.792929,0.100000,0.101147,1.000000,0.900000
-0.863561,0.102466,0.102490,0.100000,2.000000
-0.724514,0.102987,0.102505,0.100000,2.000000
-0.865904,0.108450,0.108511,1.000000,0.600000
-0.694513,0.102493,0.102516,0.100000,2.000000
-0.954545,0.100000,0.101456,1.000000,2.400000
-0.598306,0.102526,0.102690,0.100000,2.000000
-0.577276,0.102922,0.102844,0.100000,2.000000
-0.775668,0.102583,0.102496,0.100000,2.000000
-0.733645,0.102655,0.102503,0.100000,2.000000
-0.961759,0.101790,0.102122,1.000000,2.000000
-0.765152,0.101059,0.105268,1.000000,2.100000
-0.652675,0.126644,0.126154,0.100000,0.600000
-0.598786,0.102842,0.102688,0.100000,2.000000
-0.650131,0.120775,0.119333,1.000000,2.000000
-0.792513,0.103389,0.102494,0.100000,2.000000
-0.840909,0.102127,0.102491,0.100000,2.100000
-0.787912,0.102808,0.102495,0.100000,2.000000
-0.957071,0.100000,0.102487,0.100000,3.000000
-0.777778,0.100303,0.102844,0.100000,0.300000
-0.696467,0.103084,0.102515,0.100000,2.000000
-0.727644,0.102573,0.102505,0.100000,2.000000
-0.936869,0.100000,0.102276,1.000000,2.100000
-0.771753,0.101802,0.102497,0.100000,2.000000
-0.805556,0.100000,0.110228,0.100000,0.600000
-0.330558,0.287530,0.268769,1.000000,2.000000
-0.584898,0.102719,0.102776,0.100000,2.000000
-0.710755,0.103306,0.102509,0.100000,2.000000
-0.657626,0.102115,0.102542,0.100000,2.000000
-0.634407,0.102627,0.102575,0.100000,2.000000
-0.770202,0.100000,0.104844,1.000000,1.800000
-0.896465,0.100778,0.102056,1.000000,1.800000
-0.784908,0.102446,0.102495,0.100000,2.000000
-0.941919,0.100896,0.102487,0.100000,1.800000
-0.978876,0.102780,0.102487,0.100000,2.000000
-0.450926,0.523876,0.693037,0.100000,2.000000
-0.780139,0.102979,0.102496,0.100000,2.000000
-0.966684,0.102277,0.102081,1.000000,2.000000
-0.820707,0.100000,0.109673,0.100000,0.600000
-0.939394,0.100000,0.106014,1.000000,0.600000
-0.752525,0.100000,0.102498,0.100000,2.400000
-0.539866,0.104181,0.103643,0.100000,2.000000
-0.575708,0.102941,0.102860,0.100000,2.000000
-0.829126,0.102670,0.102492,0.100000,2.000000
-0.447948,0.807324,0.806149,1.000000,2.000000
-0.638087,0.101552,0.102569,0.100000,2.000000
-0.609728,0.103150,0.102641,0.100000,2.000000
-0.840988,0.102847,0.102491,0.100000,2.000000
-0.595514,0.138541,0.140596,1.000000,2.000000
-0.987374,0.108538,0.102469,0.100000,1.200000
-0.815657,0.100000,0.102785,0.100000,0.300000
-0.849829,0.103601,0.103839,1.000000,2.000000
-0.790404,0.100000,0.100785,1.000000,2.700000
-0.619380,0.102892,0.102610,0.100000,2.000000
-0.770202,0.100000,0.102497,0.100000,1.800000
-0.792132,0.105770,0.105653,1.000000,2.000000
-0.828982,0.103738,0.102492,0.100000,2.000000
-0.772727,0.100000,0.101521,1.000000,0.900000
-0.512303,0.108354,0.105785,0.100000,2.000000
-0.987374,0.104105,0.102487,0.100000,2.100000
-0.907553,0.107040,0.106930,1.000000,0.600000
-0.931632,0.102808,0.102421,1.000000,2.000000
-0.987374,0.100000,0.102487,0.100000,3.000000
-0.838384,0.101910,0.102490,0.100000,2.700000
-0.827628,0.104872,0.104436,1.000000,2.000000
-0.617267,0.102878,0.102616,0.100000,2.000000
-0.886328,0.102456,0.103074,1.000000,2.000000
-0.823232,0.100000,0.102492,0.100000,2.100000
-0.341118,0.356370,0.345349,1.000000,0.600000
-0.770799,0.102788,0.102497,0.100000,2.000000
-0.838384,0.103729,0.102870,1.000000,1.800000
-0.959596,0.100000,0.102487,0.100000,3.000000
-0.463636,0.397012,0.357562,0.100000,2.000000
-0.619041,0.129622,0.128623,1.000000,2.000000
-0.995786,0.102365,0.102487,0.100000,2.000000
-0.652551,0.103204,0.102548,0.100000,2.000000
-0.731867,0.102237,0.102504,0.100000,2.000000
-0.614205,0.101813,0.102625,0.100000,2.000000
-0.610170,0.103365,0.102639,0.100000,2.000000
-0.843434,0.100000,0.109014,0.100000,0.600000
-0.902180,0.102997,0.102813,1.000000,2.000000
-0.474397,0.648282,0.615685,1.000000,0.600000
-0.648947,0.102102,0.102552,0.100000,2.000000
-0.956173,0.101967,0.102487,0.100000,2.000000
-0.835387,0.102392,0.102491,0.100000,2.000000
-0.904040,0.100974,0.102488,0.100000,1.800000
-0.767054,0.101737,0.102497,0.100000,2.000000
-0.465857,0.241418,0.278067,0.100000,2.000000
-0.834490,0.102123,0.102491,0.100000,2.000000
-0.962121,0.102874,0.101491,1.000000,2.400000
-0.982323,0.100544,0.102583,0.100000,0.900000
-0.608850,0.134733,0.133094,1.000000,2.000000
-0.944356,0.102244,0.102284,1.000000,2.000000
-0.841387,0.102117,0.102491,0.100000,2.000000
-0.531901,0.105492,0.104021,0.100000,2.000000
-0.833333,0.105627,0.101263,1.000000,1.500000
-0.750000,0.100000,0.102500,0.100000,1.800000
-0.515596,0.332818,0.355712,1.000000,0.600000
-1.000000,0.100000,0.101649,1.000000,2.400000
-0.757576,0.106102,0.102491,0.100000,1.200000
-0.869094,0.101554,0.102490,0.100000,2.000000
-0.904040,0.100000,0.102686,1.000000,0.300000
-0.785354,0.100829,0.102495,0.100000,2.100000
-0.675451,0.102065,0.102527,0.100000,2.000000
-0.728696,0.102559,0.102504,0.100000,2.000000
-0.856061,0.100000,0.102746,0.100000,0.300000
-0.512942,0.104585,0.105697,0.100000,2.000000
-0.888499,0.103221,0.103036,1.000000,2.000000
-0.573809,0.174856,0.157834,0.100000,0.600000
-0.843434,0.101018,0.102491,0.100000,1.800000
-0.490768,0.116091,0.112539,0.100000,2.000000
-0.631537,0.146835,0.146679,1.000000,0.600000
-0.736998,0.102343,0.102503,0.100000,2.000000
-0.534198,0.103669,0.103899,0.100000,2.000000
-0.931818,0.103226,0.102487,0.100000,3.000000
-0.461549,0.429257,0.459717,0.100000,2.000000
-0.491442,0.464397,0.491482,1.000000,0.600000
-0.812168,0.102002,0.102493,0.100000,2.000000
-0.749268,0.101937,0.102500,0.100000,2.000000
-0.790404,0.101661,0.113346,1.000000,0.600000
-0.997475,0.100000,0.101061,1.000000,1.200000
-0.793892,0.103453,0.102494,0.100000,2.000000
-0.578684,0.103330,0.102830,0.100000,2.000000
-0.464030,0.620132,0.635180,0.100000,0.600000
-0.919192,0.100000,0.102677,1.000000,0.300000
-0.944444,0.100000,0.101700,1.000000,1.800000
-0.863636,0.102896,0.102489,0.100000,3.000000
-0.705800,0.102586,0.102511,0.100000,2.000000
-0.984848,0.100000,0.102641,1.000000,0.300000
-0.615131,0.103177,0.102622,0.100000,2.000000
-0.458596,0.725512,0.740038,1.000000,0.600000
-0.515187,0.379413,0.315569,1.000000,2.000000
-0.707509,0.111391,0.110874,1.000000,2.000000
-0.984848,0.100000,0.104936,1.000000,0.600000
-0.568937,0.159120,0.161882,0.100000,0.600000
-0.660827,0.102220,0.102539,0.100000,2.000000
-0.782535,0.102047,0.102495,0.100000,2.000000
-0.487898,0.130503,0.114795,0.100000,2.000000
-0.449027,0.623504,0.538279,0.100000,2.000000
-0.538660,0.259427,0.269458,1.000000,0.600000
-0.984848,0.100000,0.101590,1.000000,2.400000
-0.609151,0.102162,0.102643,0.100000,2.000000
-0.444817,0.509131,0.293982,0.100000,2.000000
-0.682429,0.103236,0.102522,0.100000,2.000000
-0.861431,0.103623,0.103569,1.000000,2.000000
-0.788388,0.113598,0.113523,1.000000,0.600000
-0.962926,0.107731,0.107054,0.100000,0.600000
-0.800505,0.100000,0.100065,1.000000,1.200000
-0.753933,0.103098,0.102499,0.100000,2.000000
-0.598666,0.140325,0.138621,1.000000,2.000000
-0.489764,0.442969,0.502768,1.000000,0.600000
-0.803030,0.100000,0.100835,1.000000,2.700000
-0.630530,0.101448,0.102583,0.100000,2.000000
-0.664663,0.131484,0.134000,1.000000,0.600000
-0.699817,0.112696,0.111646,1.000000,2.000000
-0.954545,0.101703,0.102677,0.100000,0.300000
-0.823232,0.100000,0.101245,1.000000,3.000000
-0.662193,0.102294,0.102538,0.100000,2.000000
-0.935051,0.101345,0.102488,0.100000,2.000000
-0.384291,0.691733,0.638816,1.000000,2.000000
-0.871212,0.102001,0.101498,1.000000,3.000000
-0.558538,0.102101,0.103111,0.100000,2.000000
-0.972761,0.102721,0.102487,0.100000,2.000000
-0.770202,0.100000,0.102497,0.100000,2.100000
-0.823334,0.102615,0.102492,0.100000,2.000000
-0.964264,0.102574,0.102101,1.000000,2.000000
-0.949495,0.100000,0.101855,1.000000,3.000000
-0.866431,0.102476,0.102490,0.100000,2.000000
-0.615474,0.101293,0.102621,0.100000,2.000000
-0.488095,0.120953,0.114617,0.100000,2.000000
-0.921717,0.101343,0.102484,0.100000,1.500000
-0.502697,0.108322,0.107592,0.100000,2.000000
-0.873737,0.100000,0.101512,1.000000,3.000000
-0.720340,0.102523,0.102507,0.100000,2.000000
-0.921633,0.107425,0.107592,0.100000,0.600000
-0.408220,0.851293,0.815025,1.000000,2.000000
-0.679323,0.119477,0.121693,0.100000,0.600000
-0.834692,0.109599,0.110133,1.000000,0.600000
-0.506898,0.101730,0.106671,0.100000,2.000000
-0.959875,0.100632,0.102487,0.100000,2.000000
-0.584266,0.102606,0.102781,0.100000,2.000000
-1.000000,0.100000,0.102487,0.100000,3.000000
-0.566975,0.102989,0.102969,0.100000,2.000000
-0.742948,0.101685,0.102501,0.100000,2.000000
-0.472861,0.575232,0.635193,1.000000,2.000000
-0.844318,0.107078,0.108992,0.100000,0.600000
-0.992424,0.100000,0.101992,1.000000,3.000000
-0.830808,0.100000,0.100922,1.000000,2.400000
-0.889463,0.102534,0.102489,0.100000,2.000000
-0.883838,0.100000,0.100530,1.000000,0.900000
-0.795455,0.101485,0.110665,0.100000,0.600000
-0.949495,0.101347,0.101626,1.000000,2.700000
-0.469115,0.176842,0.205087,0.100000,2.000000
-0.713583,0.100743,0.102509,0.100000,2.000000
-0.946970,0.100000,0.102487,0.100000,1.800000
-1.000000,0.102364,0.102487,0.100000,2.000000
-0.851010,0.100000,0.102489,0.100000,3.000000
-0.935302,0.102735,0.102488,0.100000,2.000000
-0.972222,0.102145,0.101537,1.000000,2.400000
-0.914141,0.100000,0.101238,1.000000,1.500000
-0.570857,0.103590,0.102917,0.100000,2.000000
-0.663755,0.129162,0.124160,0.100000,0.600000
-0.942154,0.103038,0.102488,0.100000,2.000000
-0.939476,0.103156,0.102488,0.100000,2.000000
-0.838078,0.103382,0.104141,1.000000,2.000000
-0.457403,0.615355,0.712694,0.100000,2.000000
-0.523878,0.283363,0.320316,1.000000,0.600000
-0.828283,0.100088,0.102491,0.100000,2.400000
-0.727384,0.103175,0.102505,0.100000,2.000000
-0.502925,0.426003,0.388907,1.000000,2.000000
-0.683649,0.102486,0.102522,0.100000,2.000000
-0.698436,0.110109,0.111793,1.000000,2.000000
-0.968425,0.107524,0.106987,0.100000,0.600000
-0.776088,0.115277,0.114671,1.000000,0.600000
-0.809519,0.111264,0.111809,1.000000,0.600000
-0.982323,0.100198,0.102486,0.100000,1.800000
-0.556461,0.103476,0.103153,0.100000,2.000000
-0.645308,0.102949,0.102557,0.100000,2.000000
-0.589546,0.101474,0.102742,0.100000,2.000000
-0.371809,0.390022,0.524326,1.000000,2.000000
-0.480635,0.132084,0.125528,0.100000,2.000000
-0.617815,0.103161,0.102614,0.100000,2.000000
-0.851010,0.102152,0.102490,0.100000,2.400000
-0.535553,0.220511,0.231750,1.000000,2.000000
-0.961265,0.107851,0.107075,0.100000,0.600000
-0.568158,0.104005,0.102952,0.100000,2.000000
-0.682773,0.103868,0.102522,0.100000,2.000000
-0.619865,0.103674,0.102608,0.100000,2.000000
-0.730895,0.102166,0.102504,0.100000,2.000000
-0.800505,0.105609,0.103784,1.000000,1.800000
-0.926954,0.102817,0.102488,0.100000,2.000000
-0.717498,0.102386,0.102507,0.100000,2.000000
-0.782828,0.100000,0.114027,1.000000,0.600000
-0.794375,0.102321,0.102494,0.100000,2.000000
-0.954694,0.102502,0.102185,1.000000,2.000000
-0.667014,0.103187,0.102533,0.100000,2.000000
-0.582701,0.101464,0.102794,0.100000,2.000000
-0.800505,0.100000,0.102504,0.100000,0.900000
-0.450061,0.787370,0.623870,0.100000,2.000000
-0.845960,0.100408,0.102491,0.100000,2.100000
-0.763514,0.106441,0.106946,1.000000,2.000000
-0.440576,0.209882,0.203883,0.100000,2.000000
-0.782828,0.104322,0.102496,0.100000,1.800000
-0.579940,0.159746,0.152761,1.000000,2.000000
-0.666057,0.101941,0.102534,0.100000,2.000000
-0.549343,0.185707,0.182761,0.100000,0.600000
-0.913712,0.102579,0.102646,1.000000,2.000000
-0.816604,0.103378,0.102492,0.100000,2.000000
-0.820707,0.100000,0.102491,0.100000,2.400000
-0.969697,0.101976,0.102076,1.000000,2.100000
-0.611571,0.102949,0.102634,0.100000,2.000000
-0.982323,0.101367,0.101580,1.000000,2.400000
-0.973884,0.108160,0.106921,0.100000,0.600000
-0.952020,0.100000,0.102487,0.100000,2.700000
-0.809350,0.103679,0.102493,0.100000,2.000000
-0.755198,0.103257,0.102499,0.100000,2.000000
-0.765152,0.100000,0.102495,0.100000,1.500000
-0.722962,0.102842,0.102506,0.100000,2.000000
-0.986947,0.107182,0.106765,0.100000,0.600000
-0.667304,0.101973,0.102533,0.100000,2.000000
-0.709796,0.124045,0.123512,1.000000,0.600000
-0.493003,0.108513,0.111186,0.100000,2.000000
-0.575162,0.191884,0.193839,1.000000,0.600000
-0.487613,0.422040,0.504630,1.000000,2.000000
-0.755051,0.104102,0.116934,1.000000,0.600000
-0.888889,0.101746,0.108089,0.100000,0.600000
-0.491865,0.107416,0.111838,0.100000,2.000000
-0.333806,0.228789,0.218308,0.100000,0.600000
-0.579923,0.136005,0.153286,0.100000,0.600000
-0.776202,0.103074,0.102496,0.100000,2.000000
-0.409166,0.814546,0.819289,1.000000,2.000000
-0.718988,0.111250,0.109853,1.000000,2.000000
-0.821716,0.111616,0.109639,0.100000,0.600000
-0.391374,0.658009,0.708441,1.000000,0.600000
-0.928207,0.102765,0.102488,0.100000,2.000000
-0.636452,0.142348,0.144385,1.000000,0.600000
-0.740214,0.103193,0.102502,0.100000,2.000000
-0.318628,0.254184,0.246848,1.000000,0.600000
-0.982525,0.101964,0.101961,1.000000,2.000000
-0.926768,0.101449,0.107521,0.100000,0.600000
-0.888529,0.102251,0.102489,0.100000,2.000000
-0.775253,0.102759,0.104643,1.000000,1.800000
-0.652182,0.101310,0.102548,0.100000,2.000000
-0.946970,0.100523,0.102487,0.100000,2.100000
-0.919192,0.100000,0.107626,0.100000,0.600000
-0.664604,0.102016,0.102535,0.100000,2.000000
-0.863636,0.100000,0.100566,1.000000,0.900000
-0.665108,0.103655,0.102535,0.100000,2.000000
-0.712082,0.109017,0.110450,1.000000,2.000000
-0.761148,0.101739,0.102498,0.100000,2.000000
-0.887356,0.101578,0.102489,0.100000,2.000000
-0.457293,0.591392,0.718989,0.100000,2.000000
-0.888903,0.102877,0.103029,1.000000,2.000000
-0.574381,0.103155,0.102875,0.100000,2.000000
-0.695180,0.102626,0.102516,0.100000,2.000000
-0.665498,0.102430,0.102535,0.100000,2.000000
-0.459896,0.685783,0.740005,1.000000,2.000000
-0.848485,0.101172,0.102488,0.100000,1.500000
-0.777484,0.103136,0.102496,0.100000,2.000000
-0.906566,0.100739,0.102488,0.100000,2.700000
-0.622418,0.102456,0.102601,0.100000,2.000000
-0.648100,0.140984,0.139585,1.000000,0.600000
-0.941919,0.100000,0.101589,1.000000,2.700000
-0.977273,0.101559,0.102486,0.100000,1.800000
-0.962425,0.105117,0.105444,1.000000,0.600000
-0.839175,0.110596,0.109872,1.000000,0.600000
-0.868687,0.100000,0.101180,1.000000,2.700000
-0.779831,0.112739,0.111468,0.100000,0.600000
-0.446865,0.352728,0.386481,0.100000,2.000000
-0.710316,0.102874,0.102510,0.100000,2.000000
-0.371685,0.558518,0.523234,1.000000,2.000000
-0.596598,0.103212,0.102699,0.100000,2.000000
-0.912005,0.102836,0.102488,0.100000,2.000000
-0.780303,0.103749,0.101465,1.000000,1.500000
-0.579406,0.195035,0.188236,1.000000,0.600000
-0.980415,0.108612,0.106842,0.100000,0.600000
-0.374235,0.560386,0.585559,1.000000,0.600000
-0.673439,0.122144,0.122588,0.100000,0.600000
-0.936869,0.100000,0.106080,1.000000,0.600000
-0.764950,0.102594,0.102498,0.100000,2.000000
-0.947758,0.108442,0.107244,0.100000,0.600000
-0.911616,0.101745,0.102485,0.100000,1.500000
-0.540856,0.103935,0.103604,0.100000,2.000000
-0.473097,0.146432,0.159005,0.100000,2.000000
-0.739123,0.102519,0.102502,0.100000,2.000000
-0.762626,0.103792,0.102814,1.000000,0.300000
-0.628772,0.103365,0.102586,0.100000,2.000000
-0.466361,0.100000,0.263805,0.100000,2.000000
-0.412705,0.878065,0.812553,0.100000,0.600000
-0.702614,0.109918,0.111356,1.000000,2.000000
-0.564927,0.102950,0.102999,0.100000,2.000000
-0.791559,0.103407,0.102495,0.100000,2.000000
-0.860873,0.109357,0.108743,1.000000,0.600000
-0.387445,0.494681,0.518093,0.100000,0.600000
-0.801536,0.102928,0.102494,0.100000,2.000000
-0.871212,0.106117,0.101059,1.000000,2.400000
-0.949495,0.101266,0.105757,1.000000,0.600000
-0.344817,0.273352,0.259081,0.100000,0.600000
-0.585688,0.102910,0.102770,0.100000,2.000000
-0.954092,0.103317,0.102190,1.000000,2.000000
-0.976735,0.102005,0.102003,1.000000,2.000000
-0.782268,0.102256,0.102495,0.100000,2.000000
-0.887301,0.103010,0.102489,0.100000,2.000000
-0.979798,0.100000,0.102487,0.100000,2.100000
-0.992424,0.100000,0.102608,0.100000,0.900000
-0.505772,0.105934,0.106895,0.100000,2.000000
-0.787549,0.102602,0.102495,0.100000,2.000000
-0.501663,0.106470,0.107861,0.100000,2.000000
-0.829204,0.105447,0.104390,1.000000,2.000000
-0.786296,0.102751,0.102495,0.100000,2.000000
-0.913108,0.106743,0.106756,1.000000,0.600000
-0.686298,0.102344,0.102520,0.100000,2.000000
-0.992736,0.102841,0.102487,0.100000,2.000000
-0.533111,0.103820,0.103955,0.100000,2.000000
-0.737934,0.108271,0.108444,1.000000,2.000000
-0.674598,0.101703,0.102527,0.100000,2.000000
-0.931818,0.106126,0.102692,0.100000,0.300000
-0.813131,0.100000,0.102491,0.100000,2.700000
-0.976765,0.103820,0.102487,0.100000,2.000000
-0.838384,0.100865,0.100943,1.000000,2.400000
-0.878049,0.103458,0.103226,1.000000,2.000000
-0.894217,0.109099,0.108001,0.100000,0.600000
-0.440868,0.828474,0.850509,1.000000,0.600000
-0.450595,0.830744,0.773964,0.100000,0.600000
-0.629098,0.102583,0.102586,0.100000,2.000000
-0.765152,0.100132,0.100867,1.000000,2.400000
-0.844365,0.102456,0.102491,0.100000,2.000000
-0.926768,0.101296,0.102350,1.000000,2.100000
-0.873737,0.100000,0.102488,0.100000,3.000000
-0.419666,0.884072,0.859682,0.100000,0.600000
-0.472962,0.221529,0.160085,0.100000,2.000000
-0.790758,0.102164,0.102495,0.100000,2.000000
-0.873808,0.102426,0.102490,0.100000,2.000000
-0.863636,0.100000,0.102447,1.000000,1.800000
-0.448271,0.583813,0.479283,0.100000,2.000000
-0.432839,0.893338,0.873336,1.000000,0.600000
-0.739212,0.102009,0.102502,0.100000,2.000000
-0.759314,0.118298,0.112806,0.100000,0.600000
-0.803030,0.100000,0.101147,1.000000,3.000000
-0.588075,0.102378,0.102752,0.100000,2.000000
-0.993026,0.102179,0.101890,1.000000,2.000000
-0.704473,0.102722,0.102512,0.100000,2.000000
-0.997475,0.100000,0.102487,0.100000,2.700000
-0.541521,0.182531,0.193661,0.100000,0.600000
-0.701898,0.103028,0.102513,0.100000,2.000000
-0.372101,0.465485,0.526909,1.000000,2.000000
-0.835126,0.101371,0.102491,0.100000,2.000000
-0.922519,0.109080,0.107579,0.100000,0.600000
-0.668575,0.113482,0.115783,1.000000,2.000000
-0.477475,0.136194,0.134873,0.100000,2.000000
-0.833155,0.101462,0.102491,0.100000,2.000000
-0.993739,0.101591,0.102487,0.100000,2.000000
-0.815657,0.101887,0.101298,1.000000,1.500000
-0.884447,0.103185,0.103108,1.000000,2.000000
-0.828283,0.101373,0.100955,1.000000,2.700000
-0.755051,0.101008,0.102827,1.000000,0.300000
-0.924242,0.100015,0.100541,1.000000,0.900000
-0.659816,0.101747,0.102540,0.100000,2.000000
-0.868687,0.100000,0.102736,0.100000,0.300000
-0.945097,0.102185,0.102488,0.100000,2.000000
-0.516416,0.105033,0.105266,0.100000,2.000000
-0.680326,0.104334,0.102524,0.100000,2.000000
-0.775652,0.102687,0.102496,0.100000,2.000000
-0.866162,0.100000,0.102495,0.100000,0.900000
-0.939394,0.100000,0.101384,1.000000,2.400000
-0.846856,0.109446,0.109447,1.000000,0.600000
-0.637639,0.104155,0.102569,0.100000,2.000000
-0.771979,0.103072,0.102497,0.100000,2.000000
-0.575798,0.103056,0.102859,0.100000,2.000000
-0.585932,0.103625,0.102768,0.100000,2.000000
-0.721793,0.118641,0.116241,0.100000,0.600000
-0.488813,0.113814,0.113999,0.100000,2.000000
-0.730788,0.102122,0.102504,0.100000,2.000000
-0.787879,0.102079,0.099959,1.000000,1.200000
-0.795455,0.101578,0.102494,0.100000,2.100000
-0.974747,0.100000,0.102487,0.100000,2.700000
-0.657975,0.102380,0.102542,0.100000,2.000000
-0.878788,0.100756,0.102486,0.100000,1.500000
-0.511377,0.106511,0.105918,0.100000,2.000000
-0.807255,0.102659,0.102493,0.100000,2.000000
-0.772727,0.100000,0.102488,0.100000,1.200000
-0.632335,0.101625,0.102579,0.100000,2.000000
-0.768259,0.102430,0.102497,0.100000,2.000000
-0.532021,0.102955,0.104014,0.100000,2.000000
-0.750000,0.100410,0.099715,1.000000,1.200000
-0.762468,0.103043,0.102498,0.100000,2.000000
-0.914141,0.102153,0.102488,0.100000,2.100000
-0.523584,0.103443,0.104580,0.100000,2.000000
-0.748974,0.103826,0.102500,0.100000,2.000000
-0.314378,0.260455,0.233814,1.000000,0.600000
-0.818182,0.101864,0.102498,0.100000,0.900000
-0.833333,0.103370,0.102971,1.000000,1.800000
-0.660086,0.101885,0.102539,0.100000,2.000000
-0.656167,0.101643,0.102544,0.100000,2.000000
-0.465768,0.115467,0.280734,0.100000,2.000000
-0.805556,0.100000,0.101330,1.000000,1.500000
-0.528595,0.103719,0.104219,0.100000,2.000000
-0.776988,0.102620,0.102496,0.100000,2.000000
-0.766723,0.114991,0.115628,1.000000,0.600000
-0.833333,0.100000,0.100708,1.000000,0.900000
-0.934343,0.110326,0.102487,0.100000,1.800000
-0.871212,0.100000,0.102734,0.100000,0.300000
-0.883838,0.100000,0.107762,1.000000,0.600000
-0.549805,0.206318,0.195421,1.000000,2.000000
-0.544074,0.103717,0.103487,0.100000,2.000000
-0.906566,0.100000,0.100813,1.000000,1.200000
-0.639707,0.101959,0.102566,0.100000,2.000000
-0.478246,0.100000,0.132161,0.100000,2.000000
-0.774829,0.101650,0.102496,0.100000,2.000000
-0.676595,0.103399,0.102526,0.100000,2.000000
-0.916667,0.102716,0.101457,1.000000,2.700000
-0.744284,0.103242,0.102501,0.100000,2.000000
-0.964098,0.103324,0.102487,0.100000,2.000000
-0.805626,0.107002,0.110225,0.100000,0.600000
-0.425284,0.908306,0.878520,0.100000,0.600000
-0.873737,0.100000,0.102732,0.100000,0.300000
-0.845960,0.100000,0.102730,1.000000,1.800000
-0.984848,0.103202,0.102487,0.100000,3.000000
-0.658577,0.101853,0.102541,0.100000,2.000000
-0.912345,0.102588,0.102488,0.100000,2.000000
-0.760101,0.100000,0.102491,0.100000,1.200000
-0.756244,0.103466,0.102499,0.100000,2.000000
-0.469346,0.100000,0.201390,0.100000,2.000000
-0.898990,0.103005,0.102594,1.000000,2.100000
-1.000000,0.101932,0.101847,1.000000,2.000000
-0.953542,0.102352,0.102487,0.100000,2.000000
-0.855735,0.103771,0.102490,0.100000,2.000000
-0.795203,0.102618,0.102494,0.100000,2.000000
-0.589373,0.101739,0.102743,0.100000,2.000000
-0.394691,0.776450,0.728871,1.000000,2.000000
-0.875906,0.103702,0.103268,1.000000,2.000000
-0.728872,0.109104,0.109080,1.000000,2.000000
-0.755544,0.107841,0.107372,1.000000,2.000000
-0.840159,0.102547,0.102491,0.100000,2.000000
-0.333639,0.307212,0.281787,1.000000,2.000000
-0.871212,0.100000,0.102489,0.100000,2.700000
-0.790404,0.101962,0.102493,0.100000,2.400000
-0.609989,0.102044,0.102640,0.100000,2.000000
-0.898990,0.102874,0.102488,0.100000,2.700000
-0.572386,0.102684,0.102898,0.100000,2.000000
-0.330610,0.216217,0.207663,0.100000,0.600000
-0.891571,0.102980,0.102489,0.100000,2.000000
-0.815657,0.100000,0.109846,0.100000,0.600000
-0.954022,0.102428,0.102191,1.000000,2.000000
-0.484273,0.595554,0.541252,1.000000,0.600000
-0.548258,0.201526,0.198696,1.000000,2.000000
-0.797980,0.100000,0.101124,1.000000,3.000000
-0.442766,0.254711,0.238807,0.100000,2.000000
-0.542305,0.100189,0.103550,0.100000,2.000000
-0.532159,0.349209,0.290014,1.000000,0.600000
-0.803030,0.104231,0.102801,0.100000,0.300000
-0.841648,0.103779,0.102491,0.100000,2.000000
-0.903146,0.108625,0.107861,0.100000,0.600000
-0.685348,0.128974,0.128515,1.000000,0.600000
-0.722334,0.121145,0.116182,0.100000,0.600000
-0.997475,0.100000,0.102487,0.100000,3.000000
-0.901515,0.102003,0.101240,1.000000,1.500000
-0.531304,0.104249,0.104055,0.100000,2.000000
-0.787879,0.100000,0.102493,0.100000,1.500000
-0.586064,0.153960,0.147440,1.000000,2.000000
-0.868387,0.102615,0.102490,0.100000,2.000000
-0.949495,0.104852,0.102487,0.100000,1.800000
-0.639819,0.143486,0.142910,1.000000,0.600000
-0.832113,0.110139,0.109320,0.100000,0.600000
-0.536171,0.206412,0.229853,1.000000,2.000000
-0.322842,0.267678,0.261473,1.000000,0.600000
-0.533227,0.103539,0.103949,0.100000,2.000000
-0.919192,0.101591,0.106573,1.000000,0.600000
-0.408439,0.829758,0.816031,1.000000,2.000000
-0.515625,0.106248,0.105357,0.100000,2.000000
-0.800505,0.100000,0.102494,0.100000,1.800000
-0.399655,0.739149,0.760940,1.000000,0.600000
-0.964646,0.102502,0.101694,1.000000,2.700000
-0.632685,0.103985,0.102578,0.100000,2.000000
-0.974747,0.103174,0.102487,0.100000,2.100000
-0.425335,0.890601,0.878611,0.100000,0.600000
-0.646677,0.102339,0.102555,0.100000,2.000000
-0.924282,0.102542,0.102488,0.100000,2.000000
-0.813131,0.100609,0.102491,0.100000,3.000000
-0.449598,0.478871,0.585325,0.100000,2.000000
-0.462114,0.415742,0.429430,0.100000,2.000000
-0.937938,0.102066,0.102488,0.100000,2.000000
-0.732625,0.120091,0.119849,1.000000,0.600000
-0.916195,0.102821,0.102488,0.100000,2.000000
-0.444840,0.779299,0.820238,0.100000,0.600000
-0.774274,0.115490,0.114851,1.000000,0.600000
-0.802454,0.101887,0.102494,0.100000,2.000000
-0.509551,0.104205,0.106202,0.100000,2.000000
-0.918411,0.107193,0.106596,1.000000,0.600000
-0.833333,0.100000,0.100929,1.000000,2.400000
-0.610805,0.138719,0.137280,0.100000,0.600000
-0.679067,0.101421,0.102524,0.100000,2.000000
-0.644409,0.138069,0.127821,0.100000,0.600000
-0.650686,0.103068,0.102550,0.100000,2.000000
-0.475855,0.546855,0.503095,0.100000,0.600000
-0.974747,0.100000,0.102487,0.100000,1.800000
-0.619998,0.102675,0.102608,0.100000,2.000000
-0.882220,0.102560,0.102489,0.100000,2.000000
-0.944444,0.100559,0.105884,1.000000,0.600000
-0.712866,0.101066,0.102509,0.100000,2.000000
-0.591016,0.168002,0.175166,1.000000,0.600000
-0.885984,0.104475,0.102489,0.100000,2.000000
-0.495414,0.107688,0.110010,0.100000,2.000000
-0.769545,0.103218,0.102497,0.100000,2.000000
-0.549946,0.102675,0.103309,0.100000,2.000000
-0.901515,0.100000,0.101197,1.000000,2.400000
-0.489464,0.115359,0.113480,0.100000,2.000000
-0.896465,0.100000,0.101240,1.000000,1.500000
-0.999286,0.108427,0.106620,0.100000,0.600000
-0.371564,0.503637,0.522159,1.000000,2.000000
-0.548722,0.245983,0.242561,1.000000,0.600000
-0.930861,0.101211,0.102488,0.100000,2.000000
-0.752469,0.103283,0.102500,0.100000,2.000000
-0.906566,0.100000,0.101222,1.000000,2.400000
-0.747588,0.108666,0.113737,0.100000,0.600000
-0.878788,0.100857,0.102729,0.100000,0.300000
-0.630467,0.103870,0.102583,0.100000,2.000000
-0.729285,0.102967,0.102504,0.100000,2.000000
-0.467916,0.218275,0.227051,0.100000,2.000000
-0.863304,0.103783,0.103528,1.000000,2.000000
-0.868687,0.100000,0.102489,0.100000,3.000000
-0.881313,0.100161,0.102488,0.100000,3.000000
-0.753898,0.101611,0.102499,0.100000,2.000000
-0.464419,0.377310,0.326241,0.100000,2.000000
-0.724684,0.108731,0.109397,1.000000,2.000000
-0.560860,0.168216,0.175700,1.000000,2.000000
-0.853535,0.100000,0.102487,0.100000,1.500000
-0.533886,0.184871,0.206208,0.100000,0.600000
-0.547198,0.101612,0.103387,0.100000,2.000000
-0.792929,0.102327,0.102494,0.100000,1.800000
-0.619439,0.129861,0.128467,1.000000,2.000000
-0.542682,0.104694,0.103536,0.100000,2.000000
-0.641703,0.102264,0.102562,0.100000,2.000000
-0.966718,0.104138,0.107008,0.100000,0.600000
-0.957071,0.103675,0.101661,1.000000,2.700000
-0.933763,0.107501,0.107426,0.100000,0.600000
-0.921717,0.103005,0.102390,1.000000,2.100000
-0.886364,0.101613,0.102475,0.100000,1.200000
-0.677935,0.119026,0.121900,0.100000,0.600000
-0.709783,0.102664,0.102510,0.100000,2.000000
-0.929293,0.100000,0.102515,0.100000,0.900000
-0.447651,0.228398,0.435328,0.100000,2.000000
-0.513953,0.106900,0.105563,0.100000,2.000000
-0.552586,0.103395,0.103241,0.100000,2.000000
-0.677862,0.102219,0.102525,0.100000,2.000000
-0.729695,0.102880,0.102504,0.100000,2.000000
-0.457490,0.736908,0.755897,1.000000,2.000000
-0.651198,0.103007,0.102549,0.100000,2.000000
-0.815657,0.100000,0.100890,1.000000,2.400000
-0.939394,0.100000,0.100563,1.000000,0.900000
-0.482170,0.421910,0.439630,0.100000,0.600000
-0.834771,0.102756,0.102491,0.100000,2.000000
-0.840063,0.104837,0.104088,1.000000,2.000000
-0.740312,0.102362,0.102502,0.100000,2.000000
-0.797980,0.100000,0.101072,1.000000,0.900000
-0.954545,0.100121,0.100592,1.000000,0.900000
-0.653816,0.102528,0.102546,0.100000,2.000000
-0.733305,0.102951,0.102503,0.100000,2.000000
-0.597630,0.144124,0.139255,1.000000,2.000000
-0.448409,0.818158,0.804167,1.000000,2.000000
-0.465297,0.140510,0.295454,0.100000,2.000000
-0.785377,0.105626,0.105929,1.000000,2.000000
-0.758164,0.116666,0.116572,1.000000,0.600000
-0.843096,0.102509,0.102491,0.100000,2.000000
-0.823662,0.110007,0.109577,0.100000,0.600000
-0.688547,0.102531,0.102519,0.100000,2.000000
-0.623497,0.101906,0.102598,0.100000,2.000000
-0.725508,0.102828,0.102505,0.100000,2.000000
-0.835859,0.100000,0.110064,1.000000,0.600000
-0.856061,0.100000,0.102489,0.100000,3.000000
-0.848081,0.104529,0.103882,1.000000,2.000000
-0.467155,0.617421,0.672930,1.000000,0.600000
-0.918606,0.102774,0.102488,0.100000,2.000000
-0.544895,0.164961,0.188743,0.100000,0.600000
-0.799264,0.113325,0.112603,1.000000,0.600000
-0.660604,0.103097,0.102539,0.100000,2.000000
-0.765152,0.100000,0.112390,0.100000,0.600000
-0.883838,0.100000,0.101564,1.000000,3.000000
-0.524699,0.106107,0.104493,0.100000,2.000000
-0.405912,0.742841,0.744444,0.100000,0.600000
-0.565285,0.231382,0.208958,1.000000,0.600000
-0.911318,0.102589,0.102488,0.100000,2.000000
-0.692798,0.101480,0.102517,0.100000,2.000000
-0.569746,0.103353,0.102931,0.100000,2.000000
-0.909091,0.100000,0.107772,0.100000,0.600000
-0.982323,0.107108,0.101766,1.000000,2.700000
-0.469030,0.603393,0.668779,1.000000,2.000000
-0.942144,0.102686,0.102307,1.000000,2.000000
-0.533302,0.335557,0.286203,1.000000,0.600000
-0.478338,0.156861,0.131858,0.100000,2.000000
-0.451897,0.307392,0.758894,0.100000,2.000000
-0.560577,0.176868,0.169814,0.100000,0.600000
-0.859087,0.101570,0.102490,0.100000,2.000000
-0.853535,0.104164,0.102716,1.000000,0.300000
-0.974747,0.100000,0.105160,1.000000,0.600000
-0.575553,0.103530,0.102862,0.100000,2.000000
-0.818182,0.100000,0.101219,1.000000,3.000000
-0.800505,0.101415,0.112503,1.000000,0.600000
-0.994949,0.100000,0.102487,0.100000,2.400000
-0.606706,0.103337,0.102652,0.100000,2.000000
-0.805907,0.102008,0.102493,0.100000,2.000000
-0.755051,0.100000,0.102541,0.100000,0.900000
-0.463710,0.371015,0.354447,0.100000,2.000000
-0.800569,0.105863,0.105330,1.000000,2.000000
-0.613119,0.103704,0.102629,0.100000,2.000000
-0.570074,0.103089,0.102927,0.100000,2.000000
-0.646896,0.140674,0.140044,1.000000,0.600000
-0.822020,0.101578,0.102492,0.100000,2.000000
-0.352089,0.259072,0.286770,0.100000,0.600000
-0.510662,0.106947,0.106026,0.100000,2.000000
-0.818182,0.100000,0.102491,0.100000,2.700000
-0.853535,0.104272,0.102494,0.100000,0.900000
-0.886364,0.100881,0.102160,1.000000,1.800000
-0.858586,0.102336,0.101121,1.000000,2.700000
-0.532610,0.103176,0.103982,0.100000,2.000000
-0.381792,0.612628,0.615730,1.000000,2.000000
-0.755051,0.102926,0.101959,1.000000,0.900000
-0.465803,0.685701,0.615122,0.100000,0.600000
-0.566542,0.103021,0.102975,0.100000,2.000000
-0.637559,0.102794,0.102569,0.100000,2.000000
-0.765152,0.103250,0.102873,0.100000,0.300000
-0.871705,0.102914,0.102490,0.100000,2.000000
-0.832584,0.111383,0.110260,1.000000,0.600000
-0.818182,0.100000,0.102481,0.100000,1.200000
-0.742423,0.102619,0.102501,0.100000,2.000000
-0.829644,0.102177,0.102492,0.100000,2.000000
-0.888889,0.100000,0.102486,0.100000,1.500000
-0.871205,0.102306,0.102490,0.100000,2.000000
-0.648719,0.103519,0.102553,0.100000,2.000000
-0.938445,0.102929,0.102346,1.000000,2.000000
-0.665976,0.101643,0.102534,0.100000,2.000000
-0.607043,0.102247,0.102651,0.100000,2.000000
-0.530574,0.102344,0.104097,0.100000,2.000000
-0.724490,0.101958,0.102506,0.100000,2.000000
-0.884923,0.108199,0.107721,1.000000,0.600000
-0.516073,0.107037,0.105305,0.100000,2.000000
-0.825076,0.103040,0.102492,0.100000,2.000000
-0.608228,0.101591,0.102646,0.100000,2.000000
-0.787879,0.100000,0.101414,1.000000,1.500000
-0.957071,0.101476,0.102483,0.100000,1.500000
-0.957071,0.100000,0.102487,0.100000,2.700000
-0.990083,0.101645,0.101909,1.000000,2.000000
-0.587548,0.102805,0.102756,0.100000,2.000000
-0.893939,0.100000,0.102488,0.100000,3.000000
-0.994949,0.100000,0.100695,1.000000,0.900000
-0.876263,0.105587,0.108064,1.000000,0.600000
-0.449017,0.821336,0.807424,1.000000,0.600000
-0.600409,0.103144,0.102680,0.100000,2.000000
-0.712438,0.102359,0.102509,0.100000,2.000000
-0.349448,0.384371,0.395901,1.000000,0.600000
-0.465465,0.228117,0.290077,0.100000,2.000000
-0.699480,0.112818,0.111681,1.000000,2.000000
-0.328425,0.183995,0.200929,0.100000,0.600000
-0.929293,0.100000,0.102488,0.100000,2.100000
-0.479597,0.140078,0.128119,0.100000,2.000000
-0.567025,0.164379,0.163581,0.100000,0.600000
-0.563761,0.102654,0.103018,0.100000,2.000000
-0.626012,0.103630,0.102592,0.100000,2.000000
-0.585241,0.186825,0.181287,1.000000,0.600000
-0.480333,0.123681,0.126244,0.100000,2.000000
-0.714948,0.103258,0.102508,0.100000,2.000000
-0.792729,0.110684,0.110793,0.100000,0.600000
-0.509978,0.107618,0.106133,0.100000,2.000000
-0.931818,0.100000,0.102487,0.100000,2.700000
-0.539749,0.102801,0.103647,0.100000,2.000000
-0.666724,0.103357,0.102534,0.100000,2.000000
-0.435085,0.873780,0.845562,1.000000,2.000000
-0.353757,0.277415,0.293177,0.100000,0.600000
-0.959596,0.102434,0.102487,0.100000,2.100000
-0.680627,0.102594,0.102523,0.100000,2.000000
-0.537318,0.104947,0.103751,0.100000,2.000000
-0.600973,0.101808,0.102677,0.100000,2.000000
-0.714021,0.101854,0.102509,0.100000,2.000000
-0.761164,0.101839,0.102498,0.100000,2.000000
-0.549204,0.102496,0.103329,0.100000,2.000000
-0.810606,0.100000,0.102482,0.100000,1.200000
-0.624337,0.102486,0.102597,0.100000,2.000000
-0.691498,0.102726,0.102517,0.100000,2.000000
-0.625470,0.135763,0.132481,0.100000,0.600000
-0.612198,0.102563,0.102632,0.100000,2.000000
-0.815657,0.100000,0.103372,1.000000,1.800000
-0.540442,0.239017,0.217613,1.000000,2.000000
-0.983167,0.102480,0.102487,0.100000,2.000000
-0.616609,0.101760,0.102618,0.100000,2.000000
-0.546809,0.230713,0.247252,1.000000,0.600000
-0.808081,0.101031,0.102795,0.100000,0.300000
-0.708209,0.103313,0.102510,0.100000,2.000000
-0.346239,0.429098,0.342657,1.000000,2.000000
-0.590944,0.101517,0.102733,0.100000,2.000000
-0.721730,0.102627,0.102506,0.100000,2.000000
-0.611267,0.132746,0.131948,1.000000,2.000000
-0.382768,0.677900,0.649630,1.000000,0.600000
-0.825758,0.108282,0.110687,1.000000,0.600000
-0.906566,0.100000,0.102488,0.100000,2.400000
-0.772727,0.101315,0.102495,0.100000,2.400000
-0.528405,0.103627,0.104231,0.100000,2.000000
-0.881313,0.100000,0.107861,1.000000,0.600000
-0.623869,0.125214,0.126804,1.000000,2.000000
-0.583849,0.102008,0.102784,0.100000,2.000000
-0.954545,0.101557,0.102487,0.100000,3.000000
-0.962797,0.105258,0.105435,1.000000,0.600000
-0.901110,0.103375,0.102829,1.000000,2.000000
-0.461607,0.357137,0.456534,0.100000,2.000000
-0.809353,0.105087,0.105017,1.000000,2.000000
-0.946234,0.105614,0.105838,1.000000,0.600000
-0.505352,0.109029,0.106982,0.100000,2.000000
-0.579645,0.103293,0.102821,0.100000,2.000000
-0.823180,0.110715,0.109592,0.100000,0.600000
-0.478524,0.134896,0.131258,0.100000,2.000000
-0.750000,0.100393,0.102493,0.100000,1.200000
-0.690046,0.119224,0.120159,0.100000,0.600000
-0.658011,0.101574,0.102542,0.100000,2.000000
-0.309079,0.163076,0.164204,0.100000,0.600000
-0.760101,0.100000,0.112749,0.100000,0.600000
-0.868687,0.100066,0.102476,0.100000,1.200000
-0.460199,0.746170,0.737913,1.000000,2.000000
-0.618587,0.102885,0.102612,0.100000,2.000000
-0.851822,0.102838,0.102490,0.100000,2.000000
-0.597898,0.104903,0.102693,0.100000,2.000000
-0.716078,0.102996,0.102508,0.100000,2.000000
-0.432881,0.914663,0.873275,1.000000,0.600000
-0.881033,0.103147,0.102489,0.100000,2.000000
-0.573567,0.201877,0.196075,1.000000,0.600000
-0.952020,0.100000,0.100587,1.000000,0.900000
-0.732973,0.103544,0.102503,0.100000,2.000000
-0.629852,0.101481,0.102584,0.100000,2.000000
-0.531713,0.217003,0.210199,0.100000,0.600000
-0.461618,0.289896,0.455919,0.100000,2.000000
-0.516686,0.262981,0.245119,0.100000,0.600000
-0.668098,0.102431,0.102532,0.100000,2.000000
-0.848440,0.108727,0.108891,0.100000,0.600000
-0.790404,0.100000,0.102492,0.100000,1.500000
-0.709698,0.103471,0.102510,0.100000,2.000000
-0.673188,0.102836,0.102528,0.100000,2.000000
-0.705798,0.102939,0.102511,0.100000,2.000000
-0.635692,0.125226,0.129796,0.100000,0.600000
-0.840909,0.100256,0.102489,0.100000,3.000000
-0.474071,0.148787,0.151968,0.100000,2.000000
-0.757411,0.101916,0.102499,0.100000,2.000000
-0.959596,0.100000,0.101480,1.000000,2.400000
-0.720047,0.102683,0.102507,0.100000,2.000000
-0.884323,0.104067,0.102489,0.100000,2.000000
-0.617396,0.143050,0.134962,0.100000,0.600000
-0.489836,0.115287,0.113198,0.100000,2.000000
-0.888263,0.107796,0.107595,1.000000,0.600000
-0.547378,0.101808,0.103382,0.100000,2.000000
-0.911616,0.100000,0.106802,1.000000,0.600000
-0.770202,0.104861,0.102494,0.100000,3.000000
-0.898990,0.100000,0.102488,0.100000,3.000000
-0.936869,0.100000,0.100929,1.000000,1.200000
-0.934343,0.101827,0.102669,1.000000,0.300000
-0.648598,0.102539,0.102553,0.100000,2.000000
-0.802945,0.109876,0.110335,0.100000,0.600000
-0.792086,0.102525,0.102495,0.100000,2.000000
-0.853345,0.102808,0.102490,0.100000,2.000000
-0.689867,0.103315,0.102518,0.100000,2.000000
-0.830808,0.100730,0.110368,1.000000,0.600000
-0.772727,0.100000,0.101527,1.000000,1.500000
-0.777778,0.100658,0.102496,0.100000,1.800000
-0.671835,0.102174,0.102529,0.100000,2.000000
-0.718798,0.102281,0.102507,0.100000,2.000000
-0.582178,0.141378,0.150725,1.000000,2.000000
-0.980701,0.105311,0.105027,1.000000,0.600000
-0.354251,0.236349,0.295089,0.100000,0.600000
-0.390123,0.729614,0.700207,1.000000,0.600000
-0.769053,0.105594,0.106669,1.000000,2.000000
-0.787879,0.103548,0.102492,0.100000,3.000000
-0.611184,0.134198,0.131986,1.000000,2.000000
-0.397185,0.639391,0.747962,1.000000,2.000000
-0.996951,0.103414,0.102487,0.100000,2.000000
-0.901515,0.104346,0.101372,1.000000,2.700000
-0.636898,0.102307,0.102570,0.100000,2.000000
-0.861111,0.100518,0.101019,1.000000,2.400000
-0.359080,0.357199,0.422248,1.000000,2.000000
-0.834665,0.102934,0.102491,0.100000,2.000000
-0.442634,0.131041,0.236132,0.100000,2.000000
-0.440507,0.277955,0.203049,0.100000,2.000000
-0.833333,0.103193,0.102766,0.100000,0.300000
-0.759981,0.107229,0.107131,1.000000,2.000000
-0.488947,0.111878,0.113889,0.100000,2.000000
-0.553616,0.103848,0.103217,0.100000,2.000000
-0.422212,0.868701,0.853137,1.000000,2.000000
-0.784647,0.103263,0.102495,0.100000,2.000000
-0.728688,0.102419,0.102505,0.100000,2.000000
-0.706101,0.103217,0.102511,0.100000,2.000000
-0.810606,0.100000,0.102493,0.100000,1.800000
-0.612877,0.103286,0.102630,0.100000,2.000000
-0.762232,0.101931,0.102498,0.100000,2.000000
-0.384226,0.542174,0.638219,1.000000,2.000000
-0.828205,0.103388,0.102492,0.100000,2.000000
-0.999673,0.106915,0.106616,0.100000,0.600000
-0.833333,0.101777,0.102495,0.100000,0.900000
-0.994949,0.100000,0.102635,1.000000,0.300000
-0.614798,0.102968,0.102623,0.100000,2.000000
-0.804400,0.105157,0.105191,1.000000,2.000000
-0.967172,0.100000,0.102487,0.100000,2.700000
-0.962121,0.100348,0.102487,0.100000,2.100000
-0.393302,0.592334,0.588346,0.100000,0.600000
-0.909207,0.103149,0.102488,0.100000,2.000000
-0.697823,0.110035,0.111859,1.000000,2.000000
-0.853535,0.100560,0.102477,0.100000,1.200000
-0.790404,0.100000,0.099980,1.000000,1.200000
-0.767677,0.100000,0.100865,1.000000,2.400000
-0.969697,0.100000,0.102487,0.100000,2.700000
-0.901530,0.102237,0.102489,0.100000,2.000000
-0.992424,0.100000,0.102637,1.000000,0.300000
-0.593705,0.168845,0.172546,1.000000,0.600000
-0.625393,0.145972,0.149813,1.000000,0.600000
-0.842262,0.102785,0.102491,0.100000,2.000000
-0.992424,0.100201,0.101208,1.000000,1.500000
-0.604038,0.103993,0.102663,0.100000,2.000000
-0.511858,0.104386,0.105848,0.100000,2.000000
-0.881313,0.102646,0.102489,0.100000,1.800000
-0.934343,0.100000,0.100555,1.000000,0.900000
-0.741931,0.103257,0.102502,0.100000,2.000000
-0.577750,0.102885,0.102839,0.100000,2.000000
-0.830300,0.102094,0.102492,0.100000,2.000000
-0.327393,0.220535,0.197922,0.100000,0.600000
-0.702273,0.102621,0.102513,0.100000,2.000000
-0.408780,0.847734,0.817579,1.000000,2.000000
-0.712298,0.102553,0.102509,0.100000,2.000000
-0.853535,0.100000,0.101246,1.000000,1.500000
-0.977273,0.100000,0.101545,1.000000,1.800000
-0.723281,0.109922,0.109506,1.000000,2.000000
-0.987374,0.103691,0.106760,0.100000,0.600000
-0.722387,0.102724,0.102506,0.100000,2.000000
-0.367524,0.607905,0.531991,1.000000,0.600000
-0.959596,0.100000,0.102544,0.100000,0.900000
-0.480569,0.489236,0.565795,1.000000,2.000000
-0.582596,0.102383,0.102795,0.100000,2.000000
-0.606693,0.158096,0.161631,1.000000,0.600000
-0.768522,0.102342,0.102497,0.100000,2.000000
-0.671286,0.102968,0.102530,0.100000,2.000000
-0.560233,0.136426,0.176666,1.000000,2.000000
-0.698088,0.103518,0.102515,0.100000,2.000000
-0.775282,0.115046,0.114750,1.000000,0.600000
-0.734691,0.118321,0.114910,0.100000,0.600000
-0.750000,0.100799,0.102549,0.100000,0.900000
-0.511765,0.304971,0.334237,1.000000,2.000000
-0.962121,0.103543,0.101684,1.000000,2.700000
-0.994949,0.100000,0.102487,0.100000,3.000000
-0.914141,0.100000,0.102704,0.100000,0.300000
-0.810606,0.100000,0.102500,0.100000,0.900000
-0.924242,0.100942,0.100886,1.000000,1.200000
-0.755051,0.106797,0.102499,0.100000,2.100000
-0.578398,0.103815,0.102833,0.100000,2.000000
-0.620842,0.101129,0.102605,0.100000,2.000000
-0.974123,0.102010,0.102022,1.000000,2.000000
-0.707128,0.102116,0.102511,0.100000,2.000000
-0.758692,0.117134,0.116512,1.000000,0.600000
-0.559186,0.103427,0.103098,0.100000,2.000000
-0.895928,0.102295,0.102911,1.000000,2.000000
-0.587655,0.103474,0.102755,0.100000,2.000000
-0.987374,0.100000,0.101600,1.000000,2.400000
-0.658998,0.103133,0.102541,0.100000,2.000000
-0.987374,0.100000,0.101211,1.000000,1.500000
-0.762626,0.100875,0.100869,1.000000,2.400000
-0.792590,0.102830,0.102494,0.100000,2.000000
-0.858586,0.100000,0.102487,0.100000,1.500000
-0.989340,0.101741,0.101914,1.000000,2.000000
-0.553608,0.197039,0.187949,1.000000,2.000000
-0.845203,0.102275,0.102491,0.100000,2.000000
-0.822603,0.102779,0.102492,0.100000,2.000000
-0.471797,0.190424,0.170531,0.100000,2.000000
-0.526375,0.220971,0.220971,0.100000,0.600000
-0.895110,0.107862,0.107347,1.000000,0.600000
-0.523054,0.307555,0.277887,1.000000,2.000000
-0.301852,0.201188,0.185012,1.000000,2.000000
-0.933215,0.103081,0.102488,0.100000,2.000000
-0.851250,0.102422,0.102490,0.100000,2.000000
-0.883010,0.108398,0.108189,0.100000,0.600000
-0.931818,0.100000,0.102517,0.100000,0.900000
-0.922332,0.102520,0.102533,1.000000,2.000000
-0.704378,0.102105,0.102512,0.100000,2.000000
-0.783064,0.102382,0.102495,0.100000,2.000000
-0.611529,0.102434,0.102634,0.100000,2.000000
-0.904040,0.103952,0.102503,0.100000,0.900000
-0.919192,0.100000,0.102472,0.100000,1.200000
-0.431777,0.884232,0.879073,0.100000,0.600000
-0.765152,0.106822,0.100702,1.000000,2.700000
-0.945526,0.101658,0.102488,0.100000,2.000000
-0.890711,0.102420,0.102998,1.000000,2.000000
-0.809981,0.102556,0.102493,0.100000,2.000000
-0.649898,0.103198,0.102551,0.100000,2.000000
-0.482528,0.123604,0.121690,0.100000,2.000000
-0.591032,0.146875,0.146345,0.100000,0.600000
-0.611159,0.125101,0.131998,1.000000,2.000000
-0.552000,0.104190,0.103256,0.100000,2.000000
-0.438052,0.881119,0.859845,0.100000,0.600000
-0.929293,0.100000,0.100547,1.000000,0.900000
-0.605717,0.141134,0.139282,0.100000,0.600000
-0.610365,0.102142,0.102638,0.100000,2.000000
-0.576346,0.102268,0.102853,0.100000,2.000000
-0.994844,0.102523,0.102487,0.100000,2.000000
-0.772727,0.101972,0.102521,0.100000,0.900000
-0.951517,0.101660,0.102214,1.000000,2.000000
-0.962121,0.100839,0.101900,1.000000,3.000000
-0.843434,0.100000,0.102490,0.100000,2.700000
-0.397036,0.801334,0.746854,1.000000,2.000000
-0.733978,0.103382,0.102503,0.100000,2.000000
-0.856061,0.100000,0.103120,1.000000,2.100000
-0.588983,0.103030,0.102746,0.100000,2.000000
-0.984848,0.110417,0.101776,1.000000,2.700000
-0.717747,0.101673,0.102507,0.100000,2.000000
-0.909091,0.105240,0.102683,1.000000,0.300000
-0.906084,0.102275,0.102489,0.100000,2.000000
-0.919192,0.103431,0.101238,1.000000,1.500000
-0.736024,0.102312,0.102503,0.100000,2.000000
-0.513745,0.241580,0.254005,0.100000,0.600000
-0.435061,0.861188,0.845608,1.000000,2.000000
-0.738753,0.116582,0.114524,0.100000,0.600000
-0.594336,0.102674,0.102712,0.100000,2.000000
-0.533415,0.103492,0.103939,0.100000,2.000000
-0.422872,0.809895,0.853655,1.000000,2.000000
-0.554142,0.102525,0.103204,0.100000,2.000000
-0.843434,0.100000,0.102490,0.100000,2.400000
-0.608125,0.141287,0.138310,0.100000,0.600000
-0.697998,0.101576,0.102514,0.100000,2.000000
-0.822223,0.104768,0.104599,1.000000,2.000000
-0.878788,0.101290,0.101239,1.000000,2.700000
-0.941048,0.105537,0.107331,0.100000,0.600000
-0.789528,0.101620,0.102495,0.100000,2.000000
-0.675898,0.102465,0.102527,0.100000,2.000000
-0.869433,0.108092,0.108354,1.000000,0.600000
-0.527698,0.104032,0.104278,0.100000,2.000000
-0.780948,0.103141,0.102496,0.100000,2.000000
-0.857943,0.105358,0.108675,0.100000,0.600000
-0.840909,0.100000,0.102488,0.100000,1.500000
-0.522073,0.106269,0.104706,0.100000,2.000000
-0.465907,0.783433,0.682851,1.000000,0.600000
-0.979360,0.105397,0.105057,1.000000,0.600000
-0.977273,0.103010,0.101948,1.000000,3.000000
-0.519585,0.106539,0.104934,0.100000,2.000000
-0.845960,0.100832,0.103277,1.000000,2.100000
-0.900001,0.102007,0.102489,0.100000,2.000000
-0.795455,0.103515,0.102492,0.100000,1.500000
-0.416088,0.890496,0.848610,1.000000,0.600000
-0.974856,0.102171,0.102487,0.100000,2.000000
-0.719557,0.103877,0.102507,0.100000,2.000000
-0.823232,0.100000,0.102492,0.100000,1.800000
-0.534903,0.103339,0.103864,0.100000,2.000000
-0.810606,0.100000,0.102492,0.100000,2.400000
-0.478985,0.417442,0.470650,0.100000,0.600000
-0.893939,0.100000,0.102488,0.100000,1.800000
-0.876263,0.101153,0.102846,1.000000,2.100000
-0.941919,0.100000,0.102525,0.100000,0.900000
-0.762397,0.114035,0.112583,0.100000,0.600000
-0.360668,0.367353,0.321095,0.100000,0.600000
-0.916667,0.100000,0.101271,1.000000,2.400000
-0.835859,0.102736,0.102729,1.000000,0.300000
-0.748756,0.102605,0.102500,0.100000,2.000000
-0.513942,0.108223,0.105565,0.100000,2.000000
-0.505598,0.109517,0.106930,0.100000,2.000000
-0.554128,0.180118,0.176893,0.100000,0.600000
-0.320802,0.173861,0.181596,0.100000,0.600000
-0.688710,0.102218,0.102519,0.100000,2.000000
-0.741471,0.101991,0.102502,0.100000,2.000000
-0.974747,0.100000,0.102050,1.000000,2.100000
-0.949495,0.100000,0.102681,0.100000,0.300000
-0.757576,0.101074,0.102496,0.100000,3.000000
-0.573001,0.102645,0.102890,0.100000,2.000000
-0.589894,0.102489,0.102740,0.100000,2.000000
-0.499116,0.106016,0.108614,0.100000,2.000000
-0.884770,0.102869,0.102489,0.100000,2.000000
-0.835315,0.101955,0.102491,0.100000,2.000000
-0.877992,0.107829,0.107994,1.000000,0.600000
-0.486969,0.118215,0.115692,0.100000,2.000000
-0.453188,0.816567,0.813502,0.100000,2.000000
-0.483809,0.136632,0.119600,0.100000,2.000000
-0.695147,0.102078,0.102516,0.100000,2.000000
-0.550384,0.102037,0.103297,0.100000,2.000000
-0.659734,0.102709,0.102540,0.100000,2.000000
-0.399120,0.572195,0.662149,0.100000,0.600000
-0.612144,0.125134,0.131546,1.000000,2.000000
-0.495098,0.117281,0.110150,0.100000,2.000000
-0.869596,0.103588,0.103394,1.000000,2.000000
-0.738298,0.102915,0.102502,0.100000,2.000000
-0.576617,0.102991,0.102851,0.100000,2.000000
-0.825655,0.109620,0.109513,0.100000,0.600000
-0.853634,0.102200,0.102490,0.100000,2.000000
-0.932543,0.106016,0.106196,1.000000,0.600000
-0.972652,0.102564,0.102487,0.100000,2.000000
-0.776601,0.104025,0.102496,0.100000,2.000000
-0.693531,0.102557,0.102516,0.100000,2.000000
-0.873700,0.109989,0.108358,0.100000,0.600000
-0.470966,0.612915,0.556678,0.100000,0.600000
-0.882936,0.108662,0.108190,0.100000,0.600000
-0.891414,0.100000,0.107479,1.000000,0.600000
-0.946970,0.100000,0.100959,1.000000,1.200000
-0.682917,0.102093,0.102522,0.100000,2.000000
-0.761027,0.102185,0.102498,0.100000,2.000000
-0.856061,0.100000,0.101245,1.000000,1.500000
-0.669958,0.103194,0.102531,0.100000,2.000000
-0.444501,0.759823,0.822628,0.100000,0.600000
-0.629650,0.103189,0.102584,0.100000,2.000000
-0.787879,0.100000,0.113568,1.000000,0.600000
-0.564077,0.173680,0.170992,1.000000,2.000000
-0.619974,0.102197,0.102608,0.100000,2.000000
-0.557332,0.103531,0.103135,0.100000,2.000000
-0.395614,0.855747,0.736078,1.000000,2.000000
-0.808081,0.100000,0.101321,1.000000,1.500000
-0.792929,0.100000,0.102507,0.100000,0.900000
-0.615187,0.102683,0.102622,0.100000,2.000000
-0.951431,0.102846,0.102487,0.100000,2.000000
-0.301186,0.165631,0.158515,0.100000,0.600000
-0.957931,0.101796,0.102487,0.100000,2.000000
-0.909091,0.102174,0.102488,0.100000,2.100000
-0.999840,0.101884,0.101848,1.000000,2.000000
-0.598859,0.102664,0.102688,0.100000,2.000000
-0.843434,0.100000,0.103318,1.000000,2.100000
-0.896465,0.100000,0.102474,0.100000,1.200000
-0.448968,0.807791,0.533451,0.100000,2.000000
-0.632666,0.147602,0.146137,1.000000,0.600000
-0.770202,0.100000,0.101577,1.000000,0.900000
-0.848571,0.101495,0.102491,0.100000,2.000000
-0.648034,0.103964,0.102553,0.100000,2.000000
-0.578423,0.181401,0.189490,1.000000,0.600000
-0.938916,0.102056,0.102341,1.000000,2.000000
-0.926768,0.100000,0.102488,0.100000,2.100000
-0.735823,0.109472,0.108587,1.000000,2.000000
-0.750361,0.102467,0.102500,0.100000,2.000000
-0.888889,0.106403,0.102694,1.000000,0.300000
-0.936850,0.108978,0.107386,0.100000,0.600000
-0.830293,0.110565,0.110400,1.000000,0.600000
-0.722868,0.103032,0.102506,0.100000,2.000000
-0.329783,0.291126,0.265606,1.000000,2.000000
-0.555853,0.104096,0.103166,0.100000,2.000000
-0.645207,0.102577,0.102557,0.100000,2.000000
-0.841157,0.104213,0.104059,1.000000,2.000000
-0.496090,0.293782,0.332364,0.100000,0.600000
-0.800944,0.102288,0.102494,0.100000,2.000000
-0.487397,0.110734,0.115266,0.100000,2.000000
-0.454897,0.814776,0.817186,0.100000,2.000000
-0.589895,0.135674,0.144484,1.000000,2.000000
-0.591906,0.176654,0.174284,1.000000,0.600000
-0.920581,0.107923,0.107607,0.100000,0.600000
-0.982198,0.102453,0.102487,0.100000,2.000000
-0.416095,0.821477,0.848641,1.000000,0.600000
-0.478665,0.127808,0.130816,0.100000,2.000000
-0.793125,0.103116,0.102494,0.100000,2.000000
-0.491057,0.502420,0.494053,1.000000,0.600000
-0.528835,0.274402,0.254609,1.000000,2.000000
-0.565398,0.103146,0.102992,0.100000,2.000000
-0.760101,0.102455,0.102497,0.100000,2.400000
-0.717945,0.120261,0.122110,1.000000,0.600000
-0.883127,0.102662,0.102489,0.100000,2.000000
-0.534856,0.103058,0.103866,0.100000,2.000000
-0.911616,0.100000,0.101246,1.000000,2.400000
-0.770202,0.101577,0.099826,1.000000,1.200000
-0.595902,0.101688,0.102703,0.100000,2.000000
-0.981340,0.101848,0.101969,1.000000,2.000000
-0.735249,0.115286,0.114856,0.100000,0.600000
-0.969697,0.100000,0.101525,1.000000,2.400000
-0.843434,0.100000,0.102775,1.000000,1.800000
-0.654961,0.104351,0.102545,0.100000,2.000000
-0.453190,0.834040,0.813553,0.100000,2.000000
-0.989899,0.103272,0.102487,0.100000,2.400000
-0.780303,0.103633,0.102515,0.100000,0.900000
-0.833333,0.104197,0.102491,0.100000,2.100000
-0.754548,0.101713,0.102499,0.100000,2.000000
-0.926768,0.100000,0.102487,0.100000,2.700000
-0.797980,0.100000,0.110550,0.100000,0.600000
-0.792929,0.103104,0.110783,0.100000,0.600000
-0.835859,0.100000,0.109214,0.100000,0.600000
-0.418706,0.855036,0.854719,0.100000,0.600000
-0.790599,0.106165,0.105714,1.000000,2.000000
-0.379526,0.543951,0.437903,0.100000,0.600000
-0.848107,0.104560,0.103881,1.000000,2.000000
-0.578422,0.103092,0.102833,0.100000,2.000000
-0.597753,0.102523,0.102693,0.100000,2.000000
-0.689915,0.102005,0.102518,0.100000,2.000000
-0.599346,0.175322,0.167475,1.000000,0.600000
-0.960347,0.102479,0.102487,0.100000,2.000000
-0.716198,0.102036,0.102508,0.100000,2.000000
-0.826778,0.102505,0.102492,0.100000,2.000000
-0.305914,0.203438,0.212682,1.000000,0.600000
-0.677923,0.102461,0.102525,0.100000,2.000000
-0.346475,0.356359,0.343933,1.000000,2.000000
-0.999996,0.101560,0.102487,0.100000,2.000000
-0.554353,0.104076,0.103199,0.100000,2.000000
-0.620163,0.102924,0.102607,0.100000,2.000000
-0.679798,0.102569,0.102524,0.100000,2.000000
-0.548768,0.105048,0.103342,0.100000,2.000000
-0.984306,0.102393,0.102487,0.100000,2.000000
-0.921717,0.100000,0.102488,0.100000,2.400000
-0.763007,0.101656,0.102498,0.100000,2.000000
-0.653798,0.101828,0.102546,0.100000,2.000000
-0.497525,0.109788,0.109164,0.100000,2.000000
-0.770202,0.102865,0.105090,1.000000,2.100000
-0.694124,0.102378,0.102516,0.100000,2.000000
-0.741706,0.111637,0.114252,0.100000,0.600000
-0.755759,0.117097,0.116851,1.000000,0.600000
-0.701968,0.101797,0.102513,0.100000,2.000000
-0.840775,0.102249,0.102491,0.100000,2.000000
-0.904040,0.101518,0.102489,0.100000,2.100000
-0.627415,0.128547,0.131934,0.100000,0.600000
-0.726510,0.101110,0.102505,0.100000,2.000000
-0.627239,0.102297,0.102590,0.100000,2.000000
-0.730775,0.102937,0.102504,0.100000,2.000000
-0.795455,0.100000,0.102494,0.100000,1.800000
-0.786280,0.113064,0.111116,0.100000,0.600000
-0.743036,0.102834,0.102501,0.100000,2.000000
-0.989260,0.104239,0.104840,1.000000,0.600000
-0.979798,0.100674,0.105047,1.000000,0.600000
-0.930319,0.102679,0.102488,0.100000,2.000000
-0.745974,0.108601,0.107930,1.000000,2.000000
-0.962121,0.104034,0.102654,1.000000,0.300000
-0.960127,0.109609,0.107089,0.100000,0.600000
-0.760101,0.100000,0.102495,0.100000,2.700000
-0.890206,0.102935,0.102489,0.100000,2.000000
-0.678806,0.111949,0.114217,1.000000,2.000000
-0.997475,0.102609,0.102487,0.100000,2.400000
-0.552398,0.102582,0.103246,0.100000,2.000000
-0.594826,0.102315,0.102709,0.100000,2.000000
-0.907457,0.102729,0.102488,0.100000,2.000000
-0.909091,0.100786,0.102488,0.100000,3.000000
-0.852314,0.109970,0.109162,1.000000,0.600000
-0.642120,0.121273,0.121250,1.000000,2.000000
-0.800951,0.102837,0.102494,0.100000,2.000000
-0.737238,0.108747,0.108491,1.000000,2.000000
-0.856061,0.101356,0.102490,0.100000,1.800000
-0.792832,0.112124,0.113137,1.000000,0.600000
-0.827541,0.100598,0.102492,0.100000,2.000000
-0.461337,0.697042,0.729862,1.000000,2.000000
-0.833333,0.100407,0.102490,0.100000,2.700000
-0.510065,0.446807,0.344034,1.000000,2.000000
-0.591206,0.102037,0.102731,0.100000,2.000000
-0.441077,0.815749,0.849629,1.000000,0.600000
-0.562154,0.103037,0.103045,0.100000,2.000000
-0.843434,0.100988,0.101350,1.000000,3.000000
-0.681132,0.129512,0.129524,1.000000,0.600000
-0.475203,0.613416,0.609411,1.000000,0.600000
-0.384643,0.729216,0.642051,1.000000,2.000000
-0.871212,0.100000,0.102489,0.100000,2.400000
-0.624076,0.103604,0.102597,0.100000,2.000000
-0.612776,0.103374,0.102630,0.100000,2.000000
-0.906566,0.102057,0.100526,1.000000,0.900000
-0.581085,0.103834,0.102808,0.100000,2.000000
-0.915574,0.102753,0.102621,1.000000,2.000000
-0.893295,0.107357,0.107411,1.000000,0.600000
-0.742309,0.101776,0.102501,0.100000,2.000000
-0.715092,0.101373,0.102508,0.100000,2.000000
-0.946970,0.100000,0.105820,1.000000,0.600000
-0.848895,0.103763,0.103862,1.000000,2.000000
-0.788885,0.113804,0.113479,1.000000,0.600000
-0.954545,0.100472,0.101649,1.000000,2.700000
-0.672945,0.131534,0.131635,1.000000,0.600000
-0.775253,0.100000,0.102497,0.100000,1.800000
-0.695047,0.102355,0.102516,0.100000,2.000000
-0.540441,0.238081,0.264282,1.000000,0.600000
-0.574622,0.103078,0.102872,0.100000,2.000000
-0.476025,0.136972,0.140988,0.100000,2.000000
-0.657508,0.121786,0.125255,0.100000,0.600000
-0.733500,0.104195,0.102503,0.100000,2.000000
-0.762346,0.102012,0.102498,0.100000,2.000000
-0.684561,0.102376,0.102521,0.100000,2.000000
-0.459504,0.687732,0.582339,0.100000,2.000000
-0.520493,0.103758,0.104847,0.100000,2.000000
-0.949495,0.103384,0.102661,1.000000,0.300000
-0.561466,0.102654,0.103057,0.100000,2.000000
-0.861368,0.103005,0.103570,1.000000,2.000000
-0.861111,0.100000,0.102489,0.100000,2.700000
-0.909091,0.100000,0.102485,0.100000,1.500000
-0.653411,0.104683,0.102547,0.100000,2.000000
-0.770202,0.100000,0.100716,1.000000,2.700000
-0.432848,0.871613,0.877097,0.100000,0.600000
-0.835859,0.103510,0.102490,0.100000,2.700000
-0.476744,0.516071,0.493705,0.100000,0.600000
-0.742198,0.102485,0.102501,0.100000,2.000000
-0.819825,0.102377,0.102492,0.100000,2.000000
-0.760101,0.103313,0.101656,1.000000,1.500000
-0.573198,0.101869,0.102888,0.100000,2.000000
-0.845960,0.105905,0.101050,1.000000,2.700000
-0.658990,0.128857,0.124989,0.100000,0.600000
-0.864401,0.110084,0.108539,0.100000,0.600000
-0.678599,0.102600,0.102525,0.100000,2.000000
-0.768655,0.103072,0.102497,0.100000,2.000000
-0.689934,0.103276,0.102518,0.100000,2.000000
-0.598312,0.103258,0.102690,0.100000,2.000000
-0.795472,0.102136,0.102494,0.100000,2.000000
-0.726593,0.101989,0.102505,0.100000,2.000000
-0.838384,0.100000,0.102491,0.100000,1.800000
-0.830808,0.100590,0.100726,1.000000,0.900000
-0.763535,0.103545,0.102498,0.100000,2.000000
-0.685121,0.102159,0.102521,0.100000,2.000000
-0.760254,0.102428,0.102498,0.100000,2.000000
-0.823232,0.100439,0.102497,0.100000,0.900000
-0.660298,0.104265,0.102539,0.100000,2.000000
-0.969802,0.102214,0.102056,1.000000,2.000000
-0.697151,0.102922,0.102515,0.100000,2.000000
-0.640798,0.102993,0.102564,0.100000,2.000000
-0.566328,0.102440,0.102978,0.100000,2.000000
-0.873737,0.100706,0.101240,1.000000,1.500000
-0.545378,0.103392,0.103444,0.100000,2.000000
-0.918970,0.103138,0.102488,0.100000,2.000000
-0.340748,0.364955,0.343296,1.000000,0.600000
-0.327045,0.304269,0.254778,1.000000,2.000000
-0.641086,0.102668,0.102563,0.100000,2.000000
-0.939394,0.100273,0.101729,1.000000,1.800000
-0.534106,0.103841,0.103903,0.100000,2.000000
-0.957071,0.100000,0.100597,1.000000,0.900000
-0.517525,0.365855,0.346987,1.000000,0.600000
-0.699108,0.101977,0.102514,0.100000,2.000000
-0.769646,0.102634,0.102497,0.100000,2.000000
-0.735716,0.102531,0.102503,0.100000,2.000000
-0.911616,0.100397,0.102488,0.100000,2.700000
-0.695295,0.102775,0.102516,0.100000,2.000000
-0.979740,0.109256,0.106851,0.100000,0.600000
-0.603585,0.102909,0.102665,0.100000,2.000000
-0.424417,0.904070,0.872559,1.000000,0.600000
-0.934343,0.100000,0.101551,1.000000,2.700000
-0.528826,0.102251,0.104204,0.100000,2.000000
-0.657698,0.102956,0.102542,0.100000,2.000000
-0.470680,0.204043,0.182874,0.100000,2.000000
-0.997475,0.104653,0.102469,0.100000,1.200000
-0.825758,0.104360,0.101257,1.000000,3.000000
-0.557696,0.214735,0.222907,1.000000,0.600000
-0.355146,0.348590,0.395473,1.000000,2.000000
-0.634059,0.102684,0.102576,0.100000,2.000000
-0.657029,0.102540,0.102543,0.100000,2.000000
-0.408271,0.772976,0.811146,1.000000,0.600000
-0.855137,0.110572,0.109020,1.000000,0.600000
-0.759069,0.101906,0.102499,0.100000,2.000000
-0.606719,0.101693,0.102652,0.100000,2.000000
-0.903669,0.106840,0.107056,1.000000,0.600000
-0.484797,0.104893,0.118211,0.100000,2.000000
-0.815657,0.100000,0.102492,0.100000,2.100000
-0.994949,0.100000,0.101480,1.000000,1.800000
-0.939394,0.107426,0.107352,0.100000,0.600000
-0.461505,0.525777,0.462187,0.100000,2.000000
-0.831747,0.102184,0.102492,0.100000,2.000000
-0.853535,0.100000,0.102601,1.000000,1.800000
-0.606938,0.102750,0.102651,0.100000,2.000000
-0.941919,0.102286,0.101827,1.000000,3.000000
-0.636859,0.102414,0.102570,0.100000,2.000000
-0.610925,0.101974,0.102636,0.100000,2.000000
-0.987374,0.100000,0.100673,1.000000,0.900000
-0.584441,0.139720,0.150272,0.100000,0.600000
-0.741053,0.103098,0.102502,0.100000,2.000000
-0.926768,0.100000,0.106355,1.000000,0.600000
-0.305189,0.165419,0.191050,1.000000,2.000000
-0.388254,0.591487,0.674655,1.000000,2.000000
-0.888889,0.101475,0.100725,1.000000,1.200000
-0.396896,0.734832,0.745810,1.000000,2.000000
-0.550101,0.103177,0.103305,0.100000,2.000000
-0.700762,0.101772,0.102513,0.100000,2.000000
-0.692335,0.110075,0.112476,1.000000,2.000000
-0.765152,0.100800,0.102495,0.100000,3.000000
-0.802516,0.103086,0.102494,0.100000,2.000000
-0.723422,0.103241,0.102506,0.100000,2.000000
-0.820707,0.100000,0.102498,0.100000,0.900000
-0.873899,0.103345,0.103307,1.000000,2.000000
-0.760485,0.115347,0.112720,0.100000,0.600000
-0.624829,0.102773,0.102595,0.100000,2.000000
-0.526146,0.102718,0.104385,0.100000,2.000000
-0.482197,0.129883,0.122289,0.100000,2.000000
-0.703643,0.102585,0.102512,0.100000,2.000000
-0.957764,0.100659,0.102487,0.100000,2.000000
-0.471208,0.268909,0.176726,0.100000,2.000000
-0.640045,0.134668,0.128778,0.100000,0.600000
-0.516526,0.106925,0.105254,0.100000,2.000000
-0.707120,0.102094,0.102511,0.100000,2.000000
-0.926768,0.101239,0.101321,1.000000,2.400000
-0.909091,0.104410,0.101415,1.000000,2.700000
-0.851010,0.102363,0.102750,0.100000,0.300000
-0.838384,0.100205,0.101008,1.000000,2.700000
-0.974747,0.100000,0.101219,1.000000,1.500000
-0.772727,0.103557,0.111892,0.100000,0.600000
-0.916035,0.102731,0.102615,1.000000,2.000000
-0.957071,0.103765,0.102540,0.100000,0.900000
-0.859630,0.102951,0.102490,0.100000,2.000000
-0.883838,0.104396,0.102489,0.100000,1.800000
-0.661877,0.102932,0.102538,0.100000,2.000000
-0.308659,0.197087,0.198320,1.000000,2.000000
-0.586371,0.142878,0.149066,0.100000,0.600000
-0.871212,0.100000,0.102705,1.000000,0.300000
-0.591398,0.102431,0.102730,0.100000,2.000000
-0.888889,0.100046,0.100526,1.000000,0.900000
-0.446445,0.268910,0.363597,0.100000,2.000000
-0.921717,0.100000,0.102510,0.100000,0.900000
-0.503771,0.108372,0.107333,0.100000,2.000000
-0.974654,0.102591,0.102487,0.100000,2.000000
-0.939394,0.100274,0.102667,1.000000,0.300000
-0.785354,0.106584,0.102494,0.100000,2.400000
-0.751830,0.101403,0.102500,0.100000,2.000000
-0.767677,0.104833,0.102489,0.100000,1.200000
-0.813131,0.100000,0.100884,1.000000,0.900000
-0.485751,0.125622,0.117023,0.100000,2.000000
-0.744038,0.103830,0.102501,0.100000,2.000000
-0.608650,0.156702,0.160204,1.000000,0.600000
-0.939394,0.100000,0.100937,1.000000,1.200000
-0.989899,0.100000,0.101610,1.000000,2.400000
-0.442123,0.259745,0.226576,0.100000,2.000000
-0.518627,0.103109,0.105029,0.100000,2.000000
-0.586724,0.151838,0.148851,0.100000,0.600000
-0.523937,0.104201,0.104552,0.100000,2.000000
-0.972222,0.103465,0.101565,1.000000,1.800000
-0.966843,0.109648,0.107006,0.100000,0.600000
-0.949319,0.101912,0.102488,0.100000,2.000000
-0.805647,0.103299,0.102493,0.100000,2.000000
-0.985391,0.102136,0.102487,0.100000,2.000000
-0.818613,0.102305,0.102492,0.100000,2.000000
-0.689817,0.102371,0.102518,0.100000,2.000000
-0.610222,0.102413,0.102639,0.100000,2.000000
-0.785354,0.100695,0.102493,0.100000,2.700000
-0.851010,0.100000,0.109229,1.000000,0.600000
-0.435279,0.859761,0.845190,1.000000,2.000000
-0.535884,0.104708,0.103816,0.100000,2.000000
-0.476578,0.100000,0.138485,0.100000,2.000000
-0.904826,0.106696,0.107018,1.000000,0.600000
-0.805556,0.101608,0.100108,1.000000,1.200000
-0.567987,0.102841,0.102954,0.100000,2.000000
-0.506680,0.111969,0.106713,0.100000,2.000000
-0.310479,0.225947,0.223313,1.000000,0.600000
-0.344619,0.406256,0.334044,1.000000,2.000000
-0.718253,0.102054,0.102507,0.100000,2.000000
-0.337545,0.242796,0.231683,0.100000,0.600000
-0.521174,0.101647,0.104785,0.100000,2.000000
-0.964646,0.102501,0.102483,0.100000,1.500000
-0.538098,0.102884,0.103716,0.100000,2.000000
-0.992424,0.101837,0.102487,0.100000,2.700000
-0.760030,0.118625,0.112754,0.100000,0.600000
-0.770202,0.100000,0.102489,0.100000,1.200000
-0.320915,0.225115,0.232669,1.000000,2.000000
-0.845960,0.100000,0.108952,0.100000,0.600000
-0.987321,0.102176,0.102487,0.100000,2.000000
-0.782168,0.101612,0.102495,0.100000,2.000000
-0.499462,0.111820,0.108503,0.100000,2.000000
-0.944444,0.100000,0.102684,0.100000,0.300000
-0.873033,0.108472,0.108199,1.000000,0.600000
-0.941106,0.103486,0.102488,0.100000,2.000000
-0.845960,0.102105,0.101251,1.000000,1.500000
-0.835859,0.100000,0.102479,0.100000,1.200000
-0.903997,0.102262,0.102489,0.100000,2.000000
-0.550509,0.103035,0.103294,0.100000,2.000000
-0.883140,0.102897,0.102489,0.100000,2.000000
-0.576777,0.204620,0.191649,1.000000,0.600000
-0.767222,0.103446,0.102497,0.100000,2.000000
-0.604214,0.137349,0.139913,0.100000,0.600000
-0.818182,0.100747,0.109758,0.100000,0.600000
-0.667904,0.102386,0.102533,0.100000,2.000000
-0.785354,0.103308,0.104610,1.000000,2.100000
-0.825758,0.103238,0.103639,1.000000,2.100000
-0.941919,0.100000,0.101396,1.000000,2.400000
-0.369282,0.496315,0.502340,1.000000,2.000000
-0.453195,0.825193,0.813677,0.100000,2.000000
-0.444035,0.317911,0.269486,0.100000,2.000000
-0.771459,0.115419,0.115135,1.000000,0.600000
-0.503668,0.106118,0.107356,0.100000,2.000000
-0.470497,0.165306,0.185150,0.100000,2.000000
-0.517638,0.107643,0.105132,0.100000,2.000000
-0.626274,0.123640,0.125959,1.000000,2.000000
-0.682683,0.101628,0.102522,0.100000,2.000000
-0.402992,0.720929,0.710229,0.100000,0.600000
-0.870495,0.100867,0.102490,0.100000,2.000000
-0.899435,0.101233,0.102489,0.100000,2.000000
-0.648935,0.102805,0.102552,0.100000,2.000000
-0.407937,0.758337,0.809330,1.000000,0.600000
-0.558463,0.101979,0.103112,0.100000,2.000000
-0.625641,0.103595,0.102593,0.100000,2.000000
-0.760899,0.102844,0.102498,0.100000,2.000000
-0.395115,0.741450,0.732205,1.000000,2.000000
-0.750000,0.100166,0.101787,1.000000,1.500000
-0.543971,0.102441,0.103491,0.100000,2.000000
-0.620153,0.153975,0.152749,1.000000,0.600000
-0.818182,0.100000,0.100904,1.000000,2.700000
-0.627719,0.119368,0.131850,0.100000,0.600000
-0.766254,0.101772,0.102498,0.100000,2.000000
-0.914141,0.101290,0.102473,0.100000,1.200000
-0.797920,0.113655,0.110553,0.100000,0.600000
-0.609418,0.103186,0.102642,0.100000,2.000000
-0.924242,0.100000,0.102370,1.000000,2.100000
-0.621213,0.102329,0.102604,0.100000,2.000000
-0.407487,0.793443,0.806863,1.000000,0.600000
-0.909091,0.103573,0.101688,1.000000,3.000000
-0.359559,0.400661,0.425664,1.000000,2.000000
-0.659339,0.102582,0.102540,0.100000,2.000000
-0.543346,0.103597,0.103512,0.100000,2.000000
-0.941919,0.100000,0.102488,0.100000,2.400000
-0.359230,0.485125,0.423316,1.000000,2.000000
-0.730498,0.102750,0.102504,0.100000,2.000000
-0.934343,0.100000,0.101759,1.000000,1.800000
-0.463319,0.750763,0.371322,0.100000,2.000000
-0.911663,0.102281,0.102488,0.100000,2.000000
-0.847909,0.103210,0.102491,0.100000,2.000000
-0.704498,0.102010,0.102512,0.100000,2.000000
-0.472191,0.135220,0.166754,0.100000,2.000000
-0.861070,0.108004,0.108608,0.100000,0.600000
-0.881761,0.102515,0.102489,0.100000,2.000000
-0.705504,0.102920,0.102512,0.100000,2.000000
-0.529611,0.104325,0.104155,0.100000,2.000000
-0.672103,0.113616,0.115215,1.000000,2.000000
-0.835171,0.105321,0.104221,1.000000,2.000000
-0.768199,0.102058,0.102497,0.100000,2.000000
-0.333984,0.222961,0.218924,0.100000,0.600000
-1.000000,0.100000,0.102649,0.100000,0.300000
-0.731834,0.102192,0.102504,0.100000,2.000000
-0.952020,0.101319,0.101638,1.000000,2.700000
-0.909091,0.104054,0.101942,1.000000,1.800000
-0.836724,0.106902,0.109191,0.100000,0.600000
-0.507875,0.109732,0.106490,0.100000,2.000000
-0.728148,0.102791,0.102505,0.100000,2.000000
-0.945738,0.102253,0.102488,0.100000,2.000000
-0.929293,0.105214,0.101334,1.000000,2.400000
-0.628120,0.103283,0.102588,0.100000,2.000000
-0.876263,0.105205,0.102496,0.100000,0.900000
-0.492247,0.116369,0.111611,0.100000,2.000000
-0.631176,0.103404,0.102581,0.100000,2.000000
-0.972222,0.103562,0.102487,0.100000,1.800000
-0.670204,0.120240,0.123098,0.100000,0.600000
-0.848485,0.106628,0.100974,1.000000,2.400000
-0.830808,0.100000,0.100968,1.000000,2.700000
-0.775253,0.100000,0.100862,1.000000,2.400000
-0.989899,0.103403,0.101795,1.000000,2.700000
-0.668164,0.102387,0.102532,0.100000,2.000000
-0.852205,0.102671,0.102490,0.100000,2.000000
-0.693865,0.101896,0.102516,0.100000,2.000000
-0.896942,0.101652,0.102489,0.100000,2.000000
-0.658409,0.117147,0.117607,1.000000,2.000000
-0.765646,0.101494,0.102498,0.100000,2.000000
-0.747398,0.101535,0.102501,0.100000,2.000000
-0.921717,0.100000,0.102488,0.100000,1.800000
-0.964646,0.100729,0.101003,1.000000,1.200000
-0.964646,0.100000,0.102104,1.000000,2.100000
-0.968695,0.102981,0.102487,0.100000,2.000000
-0.921717,0.100638,0.100876,1.000000,1.200000
-0.750689,0.101654,0.102500,0.100000,2.000000
-0.858586,0.101921,0.101009,1.000000,2.400000
-0.708736,0.102748,0.102510,0.100000,2.000000
-0.527200,0.103919,0.104312,0.100000,2.000000
-0.901515,0.100000,0.100524,1.000000,0.900000
-0.830808,0.105039,0.103023,1.000000,1.800000
-0.598411,0.181152,0.168278,1.000000,0.600000
-0.595119,0.102836,0.102708,0.100000,2.000000
-0.723057,0.102226,0.102506,0.100000,2.000000
-0.441897,0.150747,0.222717,0.100000,2.000000
-0.938919,0.102050,0.102341,1.000000,2.000000
-0.969697,0.100197,0.101576,1.000000,1.800000
-0.483497,0.122108,0.120077,0.100000,2.000000
-0.517899,0.103930,0.105104,0.100000,2.000000
-0.391098,0.726491,0.706632,1.000000,0.600000
-0.792929,0.100000,0.104397,1.000000,2.100000
-0.861725,0.102285,0.102490,0.100000,2.000000
-0.967172,0.101045,0.102483,0.100000,1.500000
-0.579690,0.103635,0.102821,0.100000,2.000000
-0.787699,0.101885,0.102495,0.100000,2.000000
-0.820707,0.100000,0.102490,0.100000,1.500000
-0.876561,0.110666,0.108304,0.100000,0.600000
-0.715825,0.115430,0.116909,0.100000,0.600000
-0.922179,0.102761,0.102488,0.100000,2.000000
-0.997913,0.102079,0.102487,0.100000,2.000000
-0.722852,0.114430,0.116126,0.100000,0.600000
-0.939394,0.100000,0.102487,0.100000,1.800000
-0.754879,0.101629,0.102499,0.100000,2.000000
-0.800262,0.105493,0.105341,1.000000,2.000000
-0.676657,0.103267,0.102526,0.100000,2.000000
-0.888960,0.103038,0.102489,0.100000,2.000000
-0.640368,0.101652,0.102565,0.100000,2.000000
-0.501986,0.107241,0.107775,0.100000,2.000000
-0.934541,0.104266,0.102488,0.100000,2.000000
-0.399351,0.679299,0.759074,1.000000,0.600000
-0.842870,0.101945,0.102491,0.100000,2.000000
-0.724295,0.120482,0.121093,1.000000,0.600000
-0.686502,0.122613,0.120653,0.100000,0.600000
-0.559743,0.104809,0.103088,0.100000,2.000000
-0.762447,0.108797,0.107001,1.000000,2.000000
-0.964646,0.100000,0.101503,1.000000,2.400000
-0.416218,0.849696,0.849132,1.000000,0.600000
-0.556546,0.104031,0.103151,0.100000,2.000000
-0.992424,0.101424,0.101054,1.000000,1.200000
-0.946970,0.100000,0.102484,0.100000,1.500000
-0.911616,0.100000,0.102488,0.100000,1.800000
-0.504798,0.269355,0.287380,0.100000,0.600000
-0.321425,0.209625,0.234389,1.000000,2.000000
-0.563359,0.102963,0.103024,0.100000,2.000000
-0.852725,0.103707,0.103769,1.000000,2.000000
-0.823232,0.100006,0.101280,1.000000,1.500000
-0.856061,0.100000,0.102490,0.100000,2.400000
-0.840909,0.102088,0.102491,0.100000,1.800000
-0.834784,0.104026,0.104231,1.000000,2.000000
-0.732108,0.103244,0.102504,0.100000,2.000000
-0.866280,0.102188,0.102490,0.100000,2.000000
-0.861111,0.100249,0.108732,1.000000,0.600000
-0.655597,0.118181,0.118167,1.000000,2.000000
-0.911616,0.102344,0.101239,1.000000,1.500000
-0.785354,0.105232,0.102486,0.100000,1.200000
-0.807266,0.101693,0.102493,0.100000,2.000000
-0.916667,0.100000,0.102488,0.100000,2.400000
-0.865396,0.102104,0.102490,0.100000,2.000000
-0.951525,0.102136,0.102214,1.000000,2.000000
-0.663467,0.102400,0.102536,0.100000,2.000000
-0.813589,0.102383,0.102493,0.100000,2.000000
-0.678223,0.103048,0.102525,0.100000,2.000000
-0.705730,0.103423,0.102511,0.100000,2.000000
-0.987426,0.101977,0.102487,0.100000,2.000000
-0.328499,0.286320,0.260459,1.000000,2.000000
-0.775253,0.102420,0.102519,0.100000,0.900000
-0.812867,0.103779,0.104899,1.000000,2.000000
-0.577118,0.103656,0.102846,0.100000,2.000000
-0.962121,0.100000,0.101225,1.000000,1.500000
-0.313515,0.269507,0.210293,1.000000,2.000000
-0.846576,0.114904,0.108936,0.100000,0.600000
-0.872200,0.103005,0.102489,0.100000,2.000000
-0.497737,0.417405,0.425211,1.000000,2.000000
-0.752590,0.103127,0.102499,0.100000,2.000000
-0.760101,0.103684,0.100871,1.000000,2.400000
-0.828283,0.104325,0.102771,0.100000,0.300000
-0.645319,0.102113,0.102557,0.100000,2.000000
-1.000000,0.101036,0.102012,1.000000,3.000000
-0.677167,0.115902,0.114452,1.000000,2.000000
-0.740898,0.103408,0.102502,0.100000,2.000000
-0.719159,0.117565,0.116532,0.100000,0.600000
-0.724631,0.110884,0.109401,1.000000,2.000000
-0.919192,0.100000,0.100535,1.000000,0.900000
-0.456910,0.682797,0.712770,0.100000,0.600000
-0.992637,0.108953,0.106698,0.100000,0.600000
-0.518598,0.101573,0.105032,0.100000,2.000000
-0.674905,0.113688,0.114786,1.000000,2.000000
-0.957071,0.103268,0.102676,0.100000,0.300000
-0.709769,0.103234,0.102510,0.100000,2.000000
-0.596948,0.103473,0.102697,0.100000,2.000000
-0.791298,0.104159,0.102495,0.100000,2.000000
-0.893678,0.102691,0.102489,0.100000,2.000000
-0.422148,0.754805,0.853079,1.000000,2.000000
-0.731392,0.102747,0.102504,0.100000,2.000000
-0.717169,0.102778,0.102507,0.100000,2.000000
-0.730800,0.101941,0.102504,0.100000,2.000000
-0.767677,0.103973,0.102496,0.100000,2.400000
-0.893939,0.103010,0.101328,1.000000,2.700000
-0.800505,0.100000,0.102492,0.100000,2.700000
-0.661581,0.117627,0.117006,1.000000,2.000000
-0.373530,0.472129,0.390749,0.100000,0.600000
-0.681554,0.103098,0.102523,0.100000,2.000000
-0.870605,0.102445,0.102490,0.100000,2.000000
-0.716166,0.102807,0.102508,0.100000,2.000000
-0.674277,0.115005,0.114880,1.000000,2.000000
-0.976951,0.103269,0.102487,0.100000,2.000000
-0.529062,0.105711,0.104189,0.100000,2.000000
-0.714898,0.101151,0.102508,0.100000,2.000000
-0.513220,0.104918,0.105659,0.100000,2.000000
-0.613876,0.140699,0.136164,0.100000,0.600000
-0.482625,0.123652,0.121518,0.100000,2.000000
-0.617863,0.102146,0.102614,0.100000,2.000000
-0.541708,0.101598,0.103572,0.100000,2.000000
-0.783376,0.102230,0.102495,0.100000,2.000000
-0.584084,0.103018,0.102782,0.100000,2.000000
-0.533291,0.102370,0.103946,0.100000,2.000000
-0.490598,0.110962,0.112654,0.100000,2.000000
-0.941892,0.106952,0.107320,0.100000,0.600000
-0.486220,0.105617,0.116487,0.100000,2.000000
-0.577098,0.103888,0.102846,0.100000,2.000000
-0.835859,0.100492,0.101260,1.000000,1.500000
-0.560861,0.102734,0.103067,0.100000,2.000000
-0.765152,0.104231,0.102497,0.100000,2.100000
-0.994664,0.101907,0.101880,1.000000,2.000000
-0.603084,0.102602,0.102668,0.100000,2.000000
-0.315528,0.165847,0.172110,0.100000,0.600000
-0.665199,0.117214,0.116356,1.000000,2.000000
-0.688278,0.111176,0.112964,1.000000,2.000000
-0.921717,0.100000,0.107591,0.100000,0.600000
-0.784083,0.103498,0.102495,0.100000,2.000000
-0.757201,0.102511,0.102499,0.100000,2.000000
-0.760101,0.100702,0.102818,1.000000,0.300000
-0.455293,0.879686,0.807801,0.100000,2.000000
-0.856061,0.100000,0.102489,0.100000,2.700000
-0.503290,0.105525,0.107446,0.100000,2.000000
-0.861111,0.100412,0.102484,1.000000,1.800000
-0.772727,0.100871,0.102494,0.100000,1.500000
-0.898990,0.100000,0.102032,1.000000,1.800000
-0.989899,0.104335,0.102486,0.100000,1.800000
-0.924213,0.106656,0.106428,1.000000,0.600000
-0.818182,0.100238,0.100833,1.000000,0.900000
-0.720047,0.102879,0.102507,0.100000,2.000000
-0.762490,0.107091,0.106999,1.000000,2.000000
-0.785354,0.100000,0.099939,1.000000,1.200000
-0.482604,0.106695,0.121555,0.100000,2.000000
-0.566026,0.228188,0.207712,1.000000,0.600000
-0.551772,0.195154,0.191458,1.000000,2.000000
-0.709418,0.113330,0.117661,0.100000,0.600000
-0.785099,0.102636,0.102495,0.100000,2.000000
-0.766841,0.115489,0.115616,1.000000,0.600000
-0.792929,0.100000,0.101386,1.000000,1.500000
-0.896465,0.103804,0.101343,1.000000,2.700000
-0.901515,0.104279,0.102687,1.000000,0.300000
-0.979798,0.103150,0.100652,1.000000,0.900000
-0.828283,0.103125,0.101271,1.000000,1.500000
-0.510798,0.105261,0.106005,0.100000,2.000000
-0.959596,0.100000,0.101622,1.000000,1.800000
-0.738119,0.102420,0.102502,0.100000,2.000000
-0.888889,0.101482,0.101299,1.000000,2.700000
-0.790404,0.100571,0.104099,1.000000,1.800000
-0.777778,0.100000,0.101044,1.000000,3.000000
-0.424500,0.888289,0.872687,1.000000,0.600000
-0.607502,0.133907,0.133758,1.000000,2.000000
-0.750542,0.117337,0.117474,1.000000,0.600000
-0.757576,0.100000,0.101686,1.000000,1.500000
-0.765152,0.100000,0.101694,1.000000,0.900000
-0.896465,0.100000,0.107965,0.100000,0.600000
-0.415952,0.869192,0.848061,1.000000,0.600000
-0.681478,0.101614,0.102523,0.100000,2.000000
-0.755819,0.103446,0.102499,0.100000,2.000000
-0.898990,0.100000,0.101185,1.000000,2.400000
-0.506385,0.105091,0.106771,0.100000,2.000000
-0.696698,0.102400,0.102515,0.100000,2.000000
-0.804235,0.108398,0.110282,0.100000,0.600000
-0.870105,0.101874,0.102490,0.100000,2.000000
-0.959596,0.101656,0.105511,1.000000,0.600000
-0.757576,0.102809,0.100873,1.000000,2.400000
-0.886364,0.100000,0.102696,1.000000,0.300000
-0.510847,0.331805,0.339482,1.000000,2.000000
-0.486767,0.120607,0.115899,0.100000,2.000000
-0.810606,0.100000,0.102491,0.100000,3.000000
-0.758827,0.101964,0.102499,0.100000,2.000000
-0.840909,0.100616,0.102490,0.100000,2.700000
-0.546485,0.103699,0.103409,0.100000,2.000000
-0.641532,0.123562,0.121402,1.000000,2.000000
-0.467976,0.356576,0.225830,0.100000,2.000000
-0.509988,0.110128,0.106131,0.100000,2.000000
-0.510343,0.429136,0.342408,1.000000,2.000000
-0.835859,0.100000,0.102495,0.100000,0.900000
-0.372995,0.376237,0.387084,0.100000,0.600000
-0.493303,0.106725,0.111025,0.100000,2.000000
-0.666420,0.103085,0.102534,0.100000,2.000000
-0.898426,0.107278,0.107232,1.000000,0.600000
-0.499814,0.511905,0.438749,1.000000,0.600000
-0.587465,0.102844,0.102757,0.100000,2.000000
-0.874779,0.103233,0.102489,0.100000,2.000000
-0.954545,0.101212,0.105632,1.000000,0.600000
-0.574356,0.198875,0.194958,1.000000,0.600000
-0.861111,0.102381,0.101445,1.000000,3.000000
-0.509233,0.293057,0.269501,0.100000,0.600000
-0.782950,0.102263,0.102495,0.100000,2.000000
-0.585967,0.102884,0.102768,0.100000,2.000000
-0.608288,0.137826,0.133368,1.000000,2.000000
-0.574498,0.102538,0.102873,0.100000,2.000000
-0.813131,0.100000,0.101194,1.000000,3.000000
-0.774602,0.103508,0.102496,0.100000,2.000000
-0.485249,0.575149,0.524703,1.000000,2.000000
-0.854755,0.105927,0.108745,0.100000,0.600000
-0.474475,0.720241,0.620714,1.000000,2.000000
-0.503094,0.107392,0.107494,0.100000,2.000000
-0.466067,0.678766,0.681580,1.000000,0.600000
-0.386463,0.539002,0.507097,0.100000,0.600000
-0.544666,0.104981,0.103467,0.100000,2.000000
-0.624196,0.103166,0.102597,0.100000,2.000000
-0.765108,0.102152,0.102498,0.100000,2.000000
-0.693455,0.101970,0.102517,0.100000,2.000000
-0.541998,0.104576,0.103561,0.100000,2.000000
-0.754530,0.117627,0.116995,1.000000,0.600000
-0.967070,0.102069,0.102078,1.000000,2.000000
-0.986665,0.101798,0.101932,1.000000,2.000000
-0.921717,0.106540,0.102488,0.100000,2.700000
-0.634752,0.103337,0.102574,0.100000,2.000000
-0.878925,0.103608,0.102489,0.100000,2.000000
-0.919192,0.100466,0.100866,1.000000,1.200000
-0.855440,0.103145,0.102490,0.100000,2.000000
-0.825758,0.100977,0.102491,0.100000,2.400000
-0.439351,0.854832,0.853674,0.100000,0.600000
-0.825758,0.100000,0.100942,1.000000,2.700000
-0.635677,0.102061,0.102573,0.100000,2.000000
-0.888889,0.100000,0.102488,0.100000,3.000000
-0.871212,0.101534,0.102495,0.100000,0.900000
-0.690962,0.103430,0.102518,0.100000,2.000000
-0.699209,0.103904,0.102514,0.100000,2.000000
-0.511638,0.104733,0.105880,0.100000,2.000000
-0.684250,0.119187,0.120974,0.100000,0.600000
-0.466738,0.672300,0.676243,1.000000,0.600000
-0.700741,0.124258,0.125213,1.000000,0.600000
-0.753228,0.102285,0.102499,0.100000,2.000000
-0.558348,0.101352,0.103115,0.100000,2.000000
-1.000000,0.101841,0.104613,1.000000,0.600000
-0.488681,0.110357,0.114110,0.100000,2.000000
-0.913990,0.107099,0.107700,0.100000,0.600000
-0.967172,0.100000,0.102669,0.100000,0.300000
-0.915253,0.107675,0.107682,0.100000,0.600000
-0.859808,0.109603,0.108793,1.000000,0.600000
-0.893939,0.100403,0.101240,1.000000,1.500000
-0.632792,0.102762,0.102578,0.100000,2.000000
-0.813131,0.100000,0.100886,1.000000,2.400000
-0.582000,0.150506,0.151866,0.100000,0.600000
-0.635486,0.121386,0.123057,1.000000,2.000000
-0.967172,0.100000,0.101514,1.000000,2.400000
-0.796728,0.102941,0.102494,0.100000,2.000000
-0.652750,0.141262,0.137886,1.000000,0.600000
-0.505970,0.109141,0.106854,0.100000,2.000000
-0.848334,0.109338,0.109368,1.000000,0.600000
-0.909091,0.101173,0.102488,0.100000,1.800000
-0.977173,0.102090,0.102000,1.000000,2.000000
-0.575381,0.172811,0.157271,1.000000,2.000000
-0.823232,0.100000,0.100786,1.000000,0.900000
-0.957071,0.105096,0.102487,0.100000,1.800000
-0.586328,0.103784,0.102765,0.100000,2.000000
-0.769868,0.102804,0.102497,0.100000,2.000000
-0.354220,0.283375,0.294968,0.100000,0.600000
-0.856484,0.108612,0.108954,1.000000,0.600000
-0.756974,0.101749,0.102499,0.100000,2.000000
-0.780303,0.100000,0.102493,0.100000,3.000000
-0.502775,0.285004,0.296563,0.100000,0.600000
-0.538048,0.104476,0.103718,0.100000,2.000000
-0.987374,0.100000,0.102487,0.100000,2.400000
-0.382140,0.579503,0.618958,1.000000,2.000000
-0.861111,0.100051,0.100553,1.000000,1.200000
-0.510326,0.106075,0.106078,0.100000,2.000000
-0.850929,0.102024,0.102490,0.100000,2.000000
-0.904040,0.105993,0.101664,1.000000,3.000000
-0.810599,0.108878,0.110031,0.100000,0.600000
-0.893939,0.101829,0.108006,0.100000,0.600000
-0.851436,0.108895,0.109207,1.000000,0.600000
-0.332376,0.247647,0.300958,1.000000,0.600000
-0.675529,0.116606,0.114692,1.000000,2.000000
-0.498185,0.445336,0.421960,1.000000,2.000000
-0.815657,0.102755,0.100857,1.000000,0.900000
-0.830808,0.100712,0.102490,0.100000,3.000000
-0.967172,0.101561,0.102487,0.100000,1.800000
-0.460185,0.488944,0.539781,0.100000,2.000000
-0.929041,0.101755,0.102488,0.100000,2.000000
-0.486718,0.111412,0.115951,0.100000,2.000000
-0.797607,0.102419,0.102494,0.100000,2.000000
-0.912228,0.106233,0.106783,1.000000,0.600000
-0.931818,0.102866,0.101236,1.000000,1.500000
-0.848485,0.100760,0.102490,0.100000,1.800000
-0.724894,0.100910,0.102505,0.100000,2.000000
-0.500943,0.355622,0.402416,1.000000,2.000000
-0.613366,0.103958,0.102628,0.100000,2.000000
-0.836160,0.104660,0.104193,1.000000,2.000000
-0.703068,0.103291,0.102512,0.100000,2.000000
-0.775253,0.100722,0.102849,0.100000,0.300000
-0.469510,0.107467,0.198853,0.100000,2.000000
-0.843434,0.101045,0.102724,1.000000,0.300000
-0.570572,0.167629,0.162624,1.000000,2.000000
-0.977273,0.100000,0.102038,1.000000,2.100000
-0.906566,0.100000,0.107809,0.100000,0.600000
-0.465834,0.245638,0.278763,0.100000,2.000000
-0.557552,0.105770,0.103131,0.100000,2.000000
-0.881035,0.106781,0.108224,0.100000,0.600000
-0.946464,0.105937,0.105832,1.000000,0.600000
-0.772776,0.101654,0.102497,0.100000,2.000000
-0.777778,0.104487,0.102494,0.100000,2.700000
-0.886364,0.105848,0.102489,0.100000,1.800000
-0.755868,0.102998,0.102499,0.100000,2.000000
-0.948383,0.108286,0.107236,0.100000,0.600000
-0.302630,0.168787,0.159309,0.100000,0.600000
-0.907399,0.108963,0.107797,0.100000,0.600000
-0.857849,0.101647,0.102490,0.100000,2.000000
-0.800970,0.102926,0.102494,0.100000,2.000000
-0.959596,0.100000,0.102483,0.100000,1.500000
-0.797314,0.101849,0.102494,0.100000,2.000000
-0.876263,0.104470,0.102730,0.100000,0.300000
-0.875893,0.102935,0.103268,1.000000,2.000000
-0.489641,0.383186,0.376185,0.100000,0.600000
-0.561826,0.102344,0.103050,0.100000,2.000000
-0.655519,0.103608,0.102544,0.100000,2.000000
-0.469425,0.173122,0.200163,0.100000,2.000000
-0.700199,0.102766,0.102513,0.100000,2.000000
-0.934343,0.100000,0.102488,0.100000,2.100000
-0.592396,0.102543,0.102724,0.100000,2.000000
-0.514305,0.103670,0.105518,0.100000,2.000000
-0.835859,0.102754,0.103449,1.000000,2.100000
-0.766934,0.113280,0.112268,0.100000,0.600000
-0.755051,0.100000,0.102496,0.100000,3.000000
-0.886364,0.103664,0.102488,0.100000,3.000000
-0.868392,0.111268,0.108459,0.100000,0.600000
-0.551383,0.241478,0.236341,1.000000,0.600000
-0.621611,0.127223,0.127633,1.000000,2.000000
-0.357528,0.399815,0.411414,1.000000,2.000000
-0.719264,0.101603,0.102507,0.100000,2.000000
-0.725818,0.101450,0.102505,0.100000,2.000000
-0.710739,0.111987,0.110572,1.000000,2.000000
-0.592820,0.149357,0.145368,0.100000,0.600000
-0.780604,0.113984,0.114236,1.000000,0.600000
-0.989899,0.104526,0.102601,0.100000,0.900000
-0.592061,0.149812,0.145779,0.100000,0.600000
-0.797980,0.100000,0.102491,0.100000,1.500000
-0.513890,0.278764,0.322483,1.000000,2.000000
-0.616633,0.103276,0.102618,0.100000,2.000000
-0.670642,0.103132,0.102530,0.100000,2.000000
-0.518637,0.105221,0.105028,0.100000,2.000000
-0.543849,0.104044,0.103495,0.100000,2.000000
-0.911616,0.102510,0.102706,0.100000,0.300000
-0.650858,0.125640,0.126506,0.100000,0.600000
-0.949391,0.102439,0.102235,1.000000,2.000000
-0.873737,0.103610,0.102495,0.100000,0.900000
-0.610402,0.133109,0.132351,1.000000,2.000000
-0.967172,0.100000,0.102470,0.100000,1.200000
-0.957071,0.103875,0.102147,1.000000,2.100000
-0.997475,0.104384,0.101471,1.000000,1.800000
-0.752525,0.104360,0.105647,1.000000,1.800000
-0.672613,0.101966,0.102529,0.100000,2.000000
-0.881497,0.107630,0.107853,1.000000,0.600000
-0.664309,0.101907,0.102536,0.100000,2.000000
-0.776652,0.106101,0.106311,1.000000,2.000000
-0.786190,0.102556,0.102495,0.100000,2.000000
-0.305891,0.219978,0.192438,1.000000,2.000000
-0.820537,0.102553,0.102492,0.100000,2.000000
-0.355887,0.427738,0.440920,1.000000,0.600000
-0.532508,0.104339,0.103988,0.100000,2.000000
-0.652957,0.139159,0.137813,1.000000,0.600000
-0.399023,0.715331,0.757050,1.000000,0.600000
-0.676653,0.123911,0.122094,0.100000,0.600000
-0.987374,0.100000,0.101046,1.000000,1.200000
-0.505878,0.107100,0.106873,0.100000,2.000000
-0.800839,0.102200,0.102494,0.100000,2.000000
-0.623624,0.102007,0.102598,0.100000,2.000000
-0.858586,0.101173,0.102490,0.100000,2.400000
-0.303451,0.199006,0.187793,1.000000,2.000000
-0.762626,0.100000,0.101627,1.000000,1.500000
-0.642082,0.103226,0.102562,0.100000,2.000000
-0.787879,0.101354,0.104537,1.000000,2.100000
-0.752525,0.100000,0.100669,1.000000,2.700000
-0.537638,0.103555,0.103736,0.100000,2.000000
-0.815657,0.100081,0.100195,1.000000,1.200000
-0.675269,0.102836,0.102527,0.100000,2.000000
-0.421923,0.892094,0.852875,1.000000,2.000000
-0.941919,0.100000,0.102686,0.100000,0.300000
-0.678498,0.103398,0.102525,0.100000,2.000000
-0.668531,0.103343,0.102532,0.100000,2.000000
-0.810217,0.110959,0.110045,0.100000,0.600000
-0.491191,0.106393,0.112259,0.100000,2.000000
-0.889962,0.107277,0.107532,1.000000,0.600000
-0.792929,0.100503,0.102771,1.000000,0.300000
-0.698352,0.103600,0.102514,0.100000,2.000000
-0.791289,0.112980,0.113269,1.000000,0.600000
-0.851010,0.100000,0.102494,0.100000,0.900000
-0.874444,0.109517,0.108343,0.100000,0.600000
-0.685907,0.102242,0.102520,0.100000,2.000000
-0.778313,0.102758,0.102496,0.100000,2.000000
-0.851010,0.100000,0.101390,1.000000,3.000000
-0.514109,0.370462,0.321297,1.000000,2.000000
-0.974747,0.102582,0.101024,1.000000,1.200000
-0.782115,0.103243,0.102496,0.100000,2.000000
-0.977273,0.100948,0.101217,1.000000,1.500000
-0.734949,0.101053,0.102503,0.100000,2.000000
-0.956907,0.101373,0.102487,0.100000,2.000000
-0.541524,0.102978,0.103578,0.100000,2.000000
-0.716431,0.103256,0.102508,0.100000,2.000000
-0.678350,0.128976,0.130218,1.000000,0.600000
-0.779833,0.102244,0.102496,0.100000,2.000000
-0.612004,0.147846,0.157872,1.000000,0.600000
-0.480433,0.141533,0.126004,0.100000,2.000000
-0.789414,0.106614,0.105762,1.000000,2.000000
-0.856061,0.100000,0.102561,1.000000,1.800000
-0.946970,0.101224,0.107254,0.100000,0.600000
-0.662193,0.118804,0.116893,1.000000,2.000000
-0.957071,0.104815,0.101634,1.000000,1.800000
-0.878953,0.101992,0.102489,0.100000,2.000000
-0.946369,0.102869,0.102488,0.100000,2.000000
-0.470049,0.209692,0.191067,0.100000,2.000000
-0.856061,0.100376,0.102494,0.100000,0.900000
-0.952020,0.101798,0.102487,0.100000,1.800000
-0.358248,0.437570,0.458613,1.000000,0.600000
-0.518531,0.269487,0.239959,0.100000,0.600000
-0.508247,0.102868,0.106424,0.100000,2.000000
-0.786399,0.102487,0.102495,0.100000,2.000000
-0.867385,0.110303,0.108479,0.100000,0.600000
-0.982323,0.100000,0.102013,1.000000,2.100000
-0.317980,0.188485,0.176145,0.100000,0.600000
-0.866162,0.100000,0.102489,0.100000,1.800000
-0.886364,0.102729,0.102488,0.100000,2.700000
-0.851010,0.104512,0.102490,0.100000,2.100000
-0.840083,0.102612,0.102491,0.100000,2.000000
-0.805159,0.103477,0.102493,0.100000,2.000000
-0.520238,0.102517,0.104871,0.100000,2.000000
-0.831093,0.102327,0.102492,0.100000,2.000000
-0.931818,0.100000,0.102488,0.100000,1.800000
-0.715369,0.121243,0.122541,1.000000,0.600000
-0.792759,0.101989,0.102495,0.100000,2.000000
-0.460218,0.533852,0.537732,0.100000,2.000000
-0.964646,0.100000,0.101908,1.000000,3.000000
-0.864568,0.109180,0.108571,1.000000,0.600000
-0.318801,0.258850,0.225774,1.000000,2.000000
-0.895649,0.102636,0.102489,0.100000,2.000000
-0.863636,0.102801,0.101029,1.000000,2.400000
-0.867853,0.109333,0.108470,0.100000,0.600000
-0.728367,0.102936,0.102504,0.100000,2.000000
-0.715683,0.119391,0.116925,0.100000,0.600000
-0.497091,0.344077,0.326420,0.100000,0.600000
-0.901515,0.103309,0.102569,1.000000,2.100000
-0.765152,0.102766,0.101600,1.000000,1.500000
-0.849314,0.101319,0.102491,0.100000,2.000000
-0.825758,0.100000,0.109510,0.100000,0.600000
-0.399893,0.654211,0.671911,0.100000,0.600000
-0.827560,0.103686,0.102492,0.100000,2.000000
-0.808081,0.104610,0.102491,0.100000,1.500000
-0.488485,0.387354,0.385105,0.100000,0.600000
-0.845960,0.104028,0.102755,0.100000,0.300000
-0.940354,0.106910,0.107340,0.100000,0.600000
-0.321265,0.211897,0.233846,1.000000,2.000000
-0.660900,0.137509,0.135161,1.000000,0.600000
-0.524789,0.104843,0.104486,0.100000,2.000000
-0.972222,0.100000,0.102063,1.000000,2.100000
-0.762058,0.102632,0.102498,0.100000,2.000000
-0.914141,0.101309,0.102680,1.000000,0.300000
-0.455296,0.831787,0.807717,0.100000,2.000000
-0.868687,0.100000,0.101241,1.000000,1.500000
-0.994949,0.101352,0.101999,1.000000,3.000000
-0.779037,0.103110,0.102496,0.100000,2.000000
-0.792929,0.100000,0.101103,1.000000,3.000000
-0.334027,0.298469,0.283470,1.000000,2.000000
-0.876390,0.102896,0.102489,0.100000,2.000000
-0.835859,0.106058,0.102920,1.000000,1.800000
-0.832558,0.101696,0.102491,0.100000,2.000000
-0.718181,0.102583,0.102507,0.100000,2.000000
-0.768341,0.101633,0.102497,0.100000,2.000000
-0.444783,0.100000,0.292784,0.100000,2.000000
-0.588798,0.102773,0.102747,0.100000,2.000000
-0.634117,0.101604,0.102576,0.100000,2.000000
-0.584423,0.158199,0.148790,1.000000,2.000000
-0.808081,0.102683,0.101170,1.000000,3.000000
-0.924242,0.102248,0.102488,0.100000,2.100000
-0.497448,0.108519,0.109192,0.100000,2.000000
-0.949495,0.100000,0.100582,1.000000,0.900000
-0.893939,0.100000,0.102489,0.100000,2.100000
-0.692948,0.101307,0.102517,0.100000,2.000000
-0.565083,0.103362,0.102997,0.100000,2.000000
-0.742601,0.119193,0.118480,1.000000,0.600000
-0.757576,0.100000,0.102496,0.100000,2.700000
-0.347793,0.289617,0.270408,0.100000,0.600000
-0.818182,0.100000,0.102782,0.100000,0.300000
-0.764643,0.101248,0.102498,0.100000,2.000000
-0.835859,0.100324,0.102490,0.100000,3.000000
-0.659782,0.102352,0.102540,0.100000,2.000000
-0.406484,0.729390,0.750869,0.100000,0.600000
-0.805759,0.102359,0.102493,0.100000,2.000000
-0.896545,0.107587,0.107297,1.000000,0.600000
-0.562433,0.102583,0.103040,0.100000,2.000000
-0.772727,0.100218,0.102494,0.100000,3.000000
-0.878788,0.102617,0.101092,1.000000,2.400000
-0.981141,0.102934,0.102487,0.100000,2.000000
-0.891055,0.102347,0.102489,0.100000,2.000000
-0.434711,0.843089,0.846261,1.000000,2.000000
-0.724385,0.102218,0.102505,0.100000,2.000000
-0.815657,0.100000,0.102491,0.100000,2.700000
-0.766586,0.114485,0.112292,0.100000,0.600000
-0.821461,0.104706,0.104622,1.000000,2.000000
-0.876263,0.100000,0.102475,0.100000,1.200000
-0.622250,0.103389,0.102602,0.100000,2.000000
-0.555796,0.103355,0.103167,0.100000,2.000000
-0.488379,0.526442,0.498249,1.000000,2.000000
-0.814203,0.103113,0.102493,0.100000,2.000000
-0.516451,0.107473,0.105262,0.100000,2.000000
-0.807594,0.111185,0.111953,1.000000,0.600000
-0.764449,0.102438,0.102498,0.100000,2.000000
-0.924242,0.100000,0.102488,0.100000,2.400000
-0.501565,0.107187,0.107887,0.100000,2.000000
-0.974607,0.105415,0.105163,1.000000,0.600000
-0.458498,0.755841,0.646128,0.100000,2.000000
-0.767537,0.114568,0.112228,0.100000,0.600000
-0.686947,0.101705,0.102520,0.100000,2.000000
-0.819734,0.102406,0.102492,0.100000,2.000000
-0.779868,0.102815,0.102496,0.100000,2.000000
-0.540458,0.103416,0.103619,0.100000,2.000000
-0.820707,0.100000,0.102492,0.100000,1.800000
-0.340575,0.209507,0.242978,0.100000,0.600000
-0.828283,0.100434,0.102492,0.100000,1.800000
-0.808081,0.100583,0.102492,0.100000,2.400000
-0.851010,0.103825,0.101078,1.000000,2.700000
-0.476148,0.145370,0.140412,0.100000,2.000000
-0.931818,0.103046,0.101787,1.000000,3.000000
-0.906566,0.101912,0.102709,0.100000,0.300000
-0.858586,0.101282,0.102744,0.100000,0.300000
-0.767677,0.100000,0.100709,1.000000,2.700000
-0.550305,0.104133,0.103299,0.100000,2.000000
-0.772399,0.107176,0.106508,1.000000,2.000000
-0.558749,0.103326,0.103107,0.100000,2.000000
-0.989899,0.100000,0.102469,0.100000,1.200000
-0.669425,0.100991,0.102531,0.100000,2.000000
-0.818182,0.100000,0.103793,1.000000,2.100000
-0.554998,0.102269,0.103185,0.100000,2.000000
-0.545986,0.103711,0.103425,0.100000,2.000000
-0.813131,0.100000,0.100173,1.000000,1.200000
-0.570591,0.103303,0.102920,0.100000,2.000000
-0.777472,0.102644,0.102496,0.100000,2.000000
-0.785479,0.102585,0.102495,0.100000,2.000000
-0.886364,0.100000,0.101240,1.000000,1.500000
-0.919192,0.101831,0.101863,1.000000,1.800000
-0.768191,0.101715,0.102497,0.100000,2.000000
-0.898990,0.100000,0.102485,0.100000,1.500000
-0.823886,0.109096,0.110808,1.000000,0.600000
-0.989899,0.100000,0.101210,1.000000,1.500000
-0.647419,0.102286,0.102554,0.100000,2.000000
-0.752042,0.114955,0.113369,0.100000,0.600000
-0.782828,0.102383,0.101447,1.000000,1.500000
-0.543627,0.102709,0.103503,0.100000,2.000000
-0.666889,0.102328,0.102533,0.100000,2.000000
-0.788761,0.114713,0.110989,0.100000,0.600000
-0.815657,0.100000,0.101207,1.000000,3.000000
-0.440627,0.333742,0.204505,0.100000,2.000000
-0.856061,0.100916,0.102487,0.100000,1.500000
-0.739196,0.118738,0.118933,1.000000,0.600000
-0.729468,0.102549,0.102504,0.100000,2.000000
-0.815657,0.101748,0.102499,0.100000,0.900000
-0.883838,0.100000,0.102489,0.100000,2.400000
-0.651468,0.103433,0.102549,0.100000,2.000000
-0.648857,0.120750,0.119620,1.000000,2.000000
-0.868687,0.100000,0.101049,1.000000,2.400000
-0.901515,0.100000,0.102488,0.100000,2.700000
-0.665985,0.135567,0.133605,1.000000,0.600000
-0.858586,0.104087,0.101244,1.000000,1.500000
-0.843213,0.102610,0.102491,0.100000,2.000000
-0.891414,0.100000,0.101240,1.000000,1.500000
-0.934343,0.100000,0.101235,1.000000,1.500000
-0.545730,0.102954,0.103433,0.100000,2.000000
-0.898990,0.100000,0.102689,1.000000,0.300000
-0.853535,0.100000,0.109100,1.000000,0.600000
-0.974740,0.109825,0.106911,0.100000,0.600000
-0.724099,0.108371,0.109442,1.000000,2.000000
-0.823618,0.104679,0.104556,1.000000,2.000000
-0.916667,0.100000,0.100856,1.000000,1.200000
-0.764267,0.107899,0.106907,1.000000,2.000000
-0.617597,0.102449,0.102615,0.100000,2.000000
-0.863636,0.100654,0.102489,0.100000,2.700000
-0.906566,0.101188,0.102473,0.100000,1.200000
-0.746499,0.102666,0.102501,0.100000,2.000000
-0.502539,0.264494,0.297683,0.100000,0.600000
-0.459897,0.759011,0.557614,0.100000,2.000000
-0.876263,0.101240,0.101240,1.000000,1.500000
-0.353636,0.377898,0.385798,1.000000,2.000000
-0.617398,0.102336,0.102615,0.100000,2.000000
-0.920787,0.106251,0.106526,1.000000,0.600000
-0.934599,0.108140,0.107415,0.100000,0.600000
-0.650129,0.102626,0.102551,0.100000,2.000000
-0.686879,0.116849,0.113138,1.000000,2.000000
-0.375673,0.577531,0.596750,1.000000,0.600000
-0.517298,0.104653,0.105168,0.100000,2.000000
-0.759312,0.101738,0.102499,0.100000,2.000000
-0.813782,0.111060,0.111499,1.000000,0.600000
-0.668631,0.102745,0.102532,0.100000,2.000000
-0.783140,0.115259,0.113999,1.000000,0.600000
-0.486594,0.117898,0.116082,0.100000,2.000000
-0.492132,0.476434,0.486914,1.000000,0.600000
-0.374815,0.353666,0.399904,0.100000,0.600000
-0.878788,0.100000,0.101538,1.000000,3.000000
-0.555465,0.103208,0.103175,0.100000,2.000000
-0.573706,0.102190,0.102882,0.100000,2.000000
-0.713628,0.100692,0.102509,0.100000,2.000000
-0.803030,0.100000,0.102503,0.100000,0.900000
-0.539600,0.103482,0.103653,0.100000,2.000000
-0.952020,0.104522,0.102487,0.100000,3.000000
-0.986491,0.111334,0.106770,0.100000,0.600000
-0.793413,0.101945,0.102494,0.100000,2.000000
-0.856061,0.103518,0.101000,1.000000,2.400000
-0.962286,0.101913,0.102487,0.100000,2.000000
-0.750000,0.100000,0.102497,0.100000,2.700000
-0.924242,0.101995,0.101755,1.000000,3.000000
-0.911616,0.101834,0.107735,0.100000,0.600000
-0.977273,0.100183,0.102487,0.100000,3.000000
-0.737715,0.103238,0.102502,0.100000,2.000000
-0.619907,0.102857,0.102608,0.100000,2.000000
-0.484858,0.106886,0.118131,0.100000,2.000000
-0.668164,0.102539,0.102532,0.100000,2.000000
-0.838384,0.100000,0.102495,0.100000,0.900000
-0.793091,0.102622,0.102494,0.100000,2.000000
-0.381162,0.665708,0.609878,1.000000,2.000000
-0.729198,0.103252,0.102504,0.100000,2.000000
-0.750000,0.102110,0.105869,1.000000,2.100000
-0.487366,0.112484,0.115297,0.100000,2.000000
-0.977273,0.100136,0.102487,0.100000,2.700000
-0.564265,0.177341,0.166152,0.100000,0.600000
-0.456225,0.537037,0.773638,0.100000,2.000000
-0.845960,0.100000,0.100443,1.000000,1.200000
-0.741046,0.118396,0.118685,1.000000,0.600000
-0.604912,0.104396,0.102660,0.100000,2.000000
-0.883838,0.100377,0.102488,0.100000,3.000000
-0.618187,0.102362,0.102613,0.100000,2.000000
-0.514414,0.103054,0.105505,0.100000,2.000000
-0.854161,0.102902,0.102490,0.100000,2.000000
-0.876263,0.103845,0.100539,1.000000,0.900000
-0.566416,0.102451,0.102977,0.100000,2.000000
-0.663501,0.102846,0.102536,0.100000,2.000000
-0.581814,0.101821,0.102802,0.100000,2.000000
-0.987478,0.102844,0.102487,0.100000,2.000000
-0.895986,0.103002,0.102910,1.000000,2.000000
-0.661903,0.102634,0.102538,0.100000,2.000000
-0.626507,0.102057,0.102591,0.100000,2.000000
-0.699041,0.103754,0.102514,0.100000,2.000000
-0.901515,0.101041,0.102485,0.100000,1.500000
-0.542869,0.101689,0.103529,0.100000,2.000000
-0.818182,0.100072,0.102492,0.100000,1.800000
-0.867499,0.102206,0.102490,0.100000,2.000000
-0.854671,0.112129,0.108747,0.100000,0.600000
-0.431603,0.849110,0.879340,0.100000,0.600000
-0.553758,0.103091,0.103213,0.100000,2.000000
-0.383092,0.621542,0.651947,1.000000,0.600000
-0.685270,0.112464,0.113343,1.000000,2.000000
-0.483071,0.568429,0.549985,1.000000,0.600000
-0.815211,0.105036,0.104821,1.000000,2.000000
-0.593032,0.103300,0.102720,0.100000,2.000000
-0.666338,0.102909,0.102534,0.100000,2.000000
-0.537212,0.203116,0.226735,1.000000,2.000000
-0.550138,0.103108,0.103304,0.100000,2.000000
-0.583673,0.103146,0.102786,0.100000,2.000000
-0.851010,0.100000,0.102643,1.000000,1.800000
-0.359932,0.411061,0.317950,0.100000,0.600000
-0.881313,0.100000,0.102785,1.000000,2.100000
-0.770202,0.100680,0.102495,0.100000,2.400000
-0.750000,0.100000,0.117540,1.000000,0.600000
-0.843256,0.107730,0.109019,0.100000,0.600000
-0.984848,0.101523,0.102487,0.100000,2.700000
-0.649120,0.103230,0.102552,0.100000,2.000000
-0.750862,0.101756,0.102500,0.100000,2.000000
-0.514644,0.105217,0.105476,0.100000,2.000000
-0.472647,0.601482,0.637099,1.000000,2.000000
-0.883838,0.100000,0.102188,1.000000,1.800000
-0.893939,0.100000,0.101161,1.000000,2.400000
-0.795455,0.100429,0.102492,0.100000,3.000000
-0.766515,0.103338,0.102498,0.100000,2.000000
-0.411333,0.794799,0.828136,1.000000,2.000000
-0.860431,0.102151,0.102490,0.100000,2.000000
-0.651747,0.120941,0.118977,1.000000,2.000000
-0.782828,0.100712,0.102494,0.100000,2.400000
-0.695398,0.103074,0.102516,0.100000,2.000000
-0.447893,0.803112,0.806379,1.000000,2.000000
-0.820707,0.100000,0.102481,0.100000,1.200000
-0.888889,0.105957,0.102699,1.000000,2.100000
-0.926768,0.100000,0.102514,0.100000,0.900000
-0.790404,0.100266,0.102492,0.100000,3.000000
-0.836387,0.102186,0.102491,0.100000,2.000000
-0.765152,0.103707,0.102490,0.100000,1.200000
-0.627084,0.103388,0.102590,0.100000,2.000000
-0.912023,0.107898,0.107729,0.100000,0.600000
-0.701551,0.107796,0.111465,1.000000,2.000000
-0.896465,0.101639,0.101173,1.000000,2.400000
-0.840909,0.106760,0.102822,1.000000,1.800000
-0.821299,0.102623,0.102492,0.100000,2.000000
-0.700779,0.111201,0.111545,1.000000,2.000000
-0.640782,0.133978,0.128612,0.100000,0.600000
-0.777778,0.102789,0.114506,1.000000,0.600000
-0.921717,0.102559,0.101238,1.000000,1.500000
-0.675730,0.102648,0.102527,0.100000,2.000000
-0.848485,0.104325,0.108890,0.100000,0.600000
-0.954545,0.105427,0.102537,0.100000,0.900000
-0.750000,0.100000,0.102498,0.100000,1.500000
-0.565769,0.103666,0.102987,0.100000,2.000000
-0.965863,0.105756,0.105364,1.000000,0.600000
-0.709113,0.124218,0.123635,1.000000,0.600000
-0.466327,0.719497,0.679517,1.000000,0.600000
-0.571066,0.104537,0.102914,0.100000,2.000000
-0.785290,0.113328,0.111168,0.100000,0.600000
-0.446943,0.241371,0.390994,0.100000,2.000000
-0.792929,0.100000,0.100001,1.000000,1.200000
-0.603467,0.101842,0.102666,0.100000,2.000000
-0.790934,0.112943,0.113300,1.000000,0.600000
-0.848485,0.101037,0.102490,0.100000,2.400000
-0.622085,0.102249,0.102602,0.100000,2.000000
-0.471757,0.191914,0.170939,0.100000,2.000000
-0.628511,0.102816,0.102587,0.100000,2.000000
-0.595620,0.102372,0.102705,0.100000,2.000000
-0.964646,0.100000,0.102470,0.100000,1.200000
-0.901515,0.100002,0.102488,0.100000,2.400000
-0.783733,0.102339,0.102495,0.100000,2.000000
-0.658645,0.102611,0.102541,0.100000,2.000000
-0.547473,0.104217,0.103379,0.100000,2.000000
-0.825758,0.100000,0.100910,1.000000,2.400000
-0.744404,0.102979,0.102501,0.100000,2.000000
-0.481305,0.120547,0.124052,0.100000,2.000000
-0.986189,0.108778,0.106774,0.100000,0.600000
-0.888889,0.100875,0.101240,1.000000,1.500000
-0.972222,0.100000,0.101933,1.000000,3.000000
-0.528998,0.103212,0.104194,0.100000,2.000000
-0.521299,0.104733,0.104774,0.100000,2.000000
-0.568842,0.167598,0.164716,1.000000,2.000000
-0.983098,0.102458,0.102487,0.100000,2.000000
-0.928488,0.103144,0.102488,0.100000,2.000000
-0.843434,0.100518,0.102489,0.100000,3.000000
-0.959596,0.100000,0.101672,1.000000,2.700000
-0.629640,0.127021,0.124840,1.000000,2.000000
-0.989477,0.102305,0.102487,0.100000,2.000000
-0.507430,0.268442,0.276421,0.100000,0.600000
-0.853535,0.100000,0.102490,0.100000,2.100000
-0.777778,0.103379,0.102496,0.100000,2.100000
-0.715074,0.101073,0.102508,0.100000,2.000000
-0.839300,0.103233,0.102491,0.100000,2.000000
-0.888889,0.100000,0.102498,0.100000,0.900000
-0.920693,0.102539,0.102488,0.100000,2.000000
-0.484741,0.124775,0.118285,0.100000,2.000000
-0.921389,0.106002,0.106509,1.000000,0.600000
-0.785354,0.101747,0.101430,1.000000,1.500000
-0.635444,0.101570,0.102573,0.100000,2.000000
-0.936869,0.102062,0.102487,0.100000,1.800000
-0.883873,0.102331,0.102489,0.100000,2.000000
-0.631927,0.131725,0.130733,0.100000,0.600000
-0.791144,0.103441,0.102495,0.100000,2.000000
-0.969552,0.103197,0.102487,0.100000,2.000000
-0.738708,0.101527,0.102502,0.100000,2.000000
-0.853535,0.100000,0.103157,1.000000,2.100000
-0.780452,0.114138,0.111433,0.100000,0.600000
-0.489080,0.112029,0.113782,0.100000,2.000000
-0.661605,0.116800,0.117001,1.000000,2.000000
-0.833333,0.102319,0.109285,0.100000,0.600000
-0.534432,0.103258,0.103887,0.100000,2.000000
-0.795455,0.100000,0.103937,1.000000,1.800000
-0.969697,0.100000,0.102559,0.100000,0.900000
-0.708600,0.102347,0.102510,0.100000,2.000000
-0.899823,0.100846,0.102489,0.100000,2.000000
-0.610666,0.103765,0.102637,0.100000,2.000000
-0.792929,0.108495,0.100794,1.000000,2.700000
-0.810606,0.101356,0.100152,1.000000,1.200000
-0.989899,0.103966,0.102482,0.100000,1.500000
-0.838517,0.102828,0.102491,0.100000,2.000000
-0.373624,0.368702,0.391402,0.100000,0.600000
-0.630398,0.103487,0.102583,0.100000,2.000000
-0.460097,0.552151,0.545177,0.100000,2.000000
-0.513317,0.107581,0.105647,0.100000,2.000000
-0.984848,0.100000,0.102482,0.100000,1.500000
-0.921717,0.100000,0.101296,1.000000,2.400000
-0.989899,0.107247,0.102655,0.100000,0.300000
-0.777778,0.103513,0.102487,0.100000,1.200000
-0.957071,0.105043,0.102470,0.100000,1.200000
-0.770202,0.100000,0.101549,1.000000,1.500000
-0.527028,0.236390,0.261507,1.000000,2.000000
-0.886364,0.100000,0.102727,1.000000,2.100000
-0.936869,0.100000,0.102471,0.100000,1.200000
-0.458797,0.749403,0.627218,0.100000,2.000000
-0.962920,0.102829,0.102113,1.000000,2.000000
-0.441478,0.858268,0.847909,1.000000,0.600000
-0.664780,0.129672,0.123987,0.100000,0.600000
-0.718842,0.101285,0.102507,0.100000,2.000000
-0.805556,0.100000,0.102483,0.100000,1.200000
-0.724768,0.109665,0.109390,1.000000,2.000000
-0.631274,0.102259,0.102581,0.100000,2.000000
-0.764209,0.103478,0.102498,0.100000,2.000000
-0.803030,0.101175,0.100872,1.000000,2.400000
-0.758791,0.102796,0.102499,0.100000,2.000000
-0.883838,0.100082,0.101114,1.000000,2.400000
-0.445665,0.411328,0.326665,0.100000,2.000000
-0.571390,0.103075,0.102910,0.100000,2.000000
-0.569774,0.104201,0.102930,0.100000,2.000000
-0.523899,0.104770,0.104555,0.100000,2.000000
-0.828283,0.100000,0.110526,1.000000,0.600000
-0.962121,0.100000,0.107064,0.100000,0.600000
-0.911616,0.100589,0.102506,0.100000,0.900000
-0.899223,0.107222,0.107205,1.000000,0.600000
-0.881313,0.100599,0.102217,1.000000,1.800000
-0.851010,0.100117,0.102489,0.100000,2.700000
-0.782216,0.106070,0.106064,1.000000,2.000000
-0.876263,0.100000,0.101081,1.000000,2.400000
-0.408812,0.835970,0.817722,1.000000,2.000000
-0.944444,0.100820,0.100572,1.000000,0.900000
-0.395476,0.706969,0.735011,1.000000,2.000000
-0.881040,0.102880,0.102489,0.100000,2.000000
-0.384533,0.591342,0.641035,1.000000,2.000000
-0.706071,0.123254,0.124193,1.000000,0.600000
-0.860649,0.102492,0.102490,0.100000,2.000000
-0.461289,0.320314,0.474306,0.100000,2.000000
-0.605856,0.131601,0.134595,1.000000,2.000000
-0.984848,0.105170,0.102469,0.100000,1.200000
-0.696219,0.102770,0.102515,0.100000,2.000000
-0.931818,0.101119,0.102488,0.100000,2.400000
-0.569305,0.103896,0.102937,0.100000,2.000000
-0.924242,0.100000,0.101498,1.000000,2.700000
-0.794814,0.105543,0.105548,1.000000,2.000000
-0.592698,0.102602,0.102722,0.100000,2.000000
-0.967172,0.100000,0.101223,1.000000,1.500000
-0.906566,0.103635,0.102485,0.100000,1.500000
-0.708398,0.102906,0.102510,0.100000,2.000000
-0.675625,0.131888,0.130921,1.000000,0.600000
-0.814738,0.104104,0.104837,1.000000,2.000000
-0.553698,0.102429,0.103214,0.100000,2.000000
-0.860170,0.102505,0.102490,0.100000,2.000000
-0.354103,0.447019,0.388758,1.000000,2.000000
-0.710405,0.102196,0.102510,0.100000,2.000000
-0.775253,0.102016,0.101467,1.000000,0.900000
-0.686687,0.102922,0.102520,0.100000,2.000000
-0.930591,0.102234,0.102488,0.100000,2.000000
-0.712424,0.101859,0.102509,0.100000,2.000000
-0.308823,0.215585,0.198689,1.000000,2.000000
-0.968320,0.101726,0.102487,0.100000,2.000000
-0.868010,0.101899,0.102490,0.100000,2.000000
-0.364446,0.536501,0.507226,1.000000,0.600000
-0.791599,0.102631,0.102495,0.100000,2.000000
-0.586820,0.157797,0.146836,1.000000,2.000000
-0.770202,0.102628,0.102802,1.000000,0.300000
-0.972222,0.102255,0.100632,1.000000,0.900000
-0.696078,0.103138,0.102515,0.100000,2.000000
-0.513725,0.105208,0.105593,0.100000,2.000000
-0.669956,0.102561,0.102531,0.100000,2.000000
-0.449344,0.772838,0.805366,1.000000,0.600000
-0.808138,0.105181,0.105059,1.000000,2.000000
-0.304532,0.197117,0.209797,1.000000,0.600000
-0.935155,0.105370,0.106126,1.000000,0.600000
-0.810606,0.106466,0.101312,1.000000,1.500000
-0.568312,0.198532,0.203988,1.000000,0.600000
-0.511665,0.105994,0.105876,0.100000,2.000000
-0.868180,0.108520,0.108409,1.000000,0.600000
-0.340574,0.164662,0.313639,1.000000,2.000000
-0.990629,0.101891,0.102487,0.100000,2.000000
-0.482747,0.124295,0.121307,0.100000,2.000000
-0.873737,0.106772,0.102476,0.100000,1.200000
-0.674165,0.102653,0.102528,0.100000,2.000000
-0.380014,0.426469,0.442257,0.100000,0.600000
-0.595963,0.141621,0.140306,1.000000,2.000000
-0.961122,0.102598,0.102487,0.100000,2.000000
-0.790404,0.100000,0.102493,0.100000,2.700000
-0.878788,0.103849,0.100535,1.000000,0.900000
-0.777942,0.110006,0.111577,0.100000,0.600000
-0.787879,0.103724,0.102494,0.100000,2.400000
-0.383347,0.626525,0.630125,1.000000,2.000000
-0.645771,0.121742,0.120343,1.000000,2.000000
-0.858586,0.100000,0.102490,0.100000,2.100000
-0.964646,0.100000,0.102551,0.100000,0.900000
-0.773399,0.102897,0.102497,0.100000,2.000000
-0.590310,0.102863,0.102737,0.100000,2.000000
-0.319018,0.236924,0.226465,1.000000,2.000000
-0.591468,0.103065,0.102730,0.100000,2.000000
-0.753589,0.103603,0.102499,0.100000,2.000000
-0.917652,0.102452,0.102488,0.100000,2.000000
-0.515147,0.109972,0.105414,0.100000,2.000000
-0.911616,0.102610,0.101921,1.000000,1.800000
-0.537492,0.105624,0.103743,0.100000,2.000000
-0.796255,0.102624,0.102494,0.100000,2.000000
-0.850703,0.103639,0.103818,1.000000,2.000000
-0.868687,0.105790,0.102942,1.000000,2.100000
-0.597466,0.102830,0.102695,0.100000,2.000000
-0.803030,0.100000,0.102483,0.100000,1.200000
-0.908803,0.103544,0.102715,1.000000,2.000000
-0.962121,0.100478,0.102470,0.100000,1.200000
-0.823232,0.100000,0.102490,0.100000,3.000000
-0.785354,0.100000,0.102493,0.100000,3.000000
-0.989899,0.100000,0.102487,0.100000,2.100000
-0.989899,0.101498,0.101978,1.000000,2.100000
-0.623867,0.103552,0.102598,0.100000,2.000000
-0.992424,0.100000,0.102487,0.100000,2.100000
-0.455050,0.781767,0.813969,0.100000,2.000000
-0.805556,0.105966,0.102757,1.000000,0.300000
-0.708644,0.103522,0.102510,0.100000,2.000000
-0.808534,0.109248,0.110110,0.100000,0.600000
-0.791605,0.110058,0.110847,0.100000,0.600000
-0.951999,0.102545,0.102487,0.100000,2.000000
-0.704599,0.101370,0.102512,0.100000,2.000000
-0.623543,0.102326,0.102598,0.100000,2.000000
-0.975875,0.102923,0.102487,0.100000,2.000000
-0.311665,0.180451,0.166949,0.100000,0.600000
-0.934695,0.107424,0.107414,0.100000,0.600000
-0.775830,0.102303,0.102496,0.100000,2.000000
-0.648780,0.102132,0.102553,0.100000,2.000000
-0.476941,0.167896,0.136957,0.100000,2.000000
-0.544248,0.102133,0.103481,0.100000,2.000000
-0.774964,0.102943,0.102496,0.100000,2.000000
-0.861111,0.100570,0.102489,0.100000,2.400000
-0.456088,0.750207,0.779585,0.100000,2.000000
-0.868687,0.102999,0.108387,1.000000,0.600000
-0.848485,0.102616,0.102489,0.100000,2.700000
-0.756206,0.102101,0.102499,0.100000,2.000000
-0.783842,0.112957,0.113934,1.000000,0.600000
-0.683698,0.103195,0.102522,0.100000,2.000000
-0.538258,0.217592,0.223687,1.000000,2.000000
-0.728060,0.107583,0.109140,1.000000,2.000000
-0.736332,0.101753,0.102503,0.100000,2.000000
-0.468183,0.100000,0.221737,0.100000,2.000000
-0.739823,0.102425,0.102502,0.100000,2.000000
-0.563146,0.103569,0.103028,0.100000,2.000000
-0.936869,0.100000,0.102520,0.100000,0.900000
-0.886364,0.103144,0.100528,1.000000,0.900000
-0.373629,0.543312,0.580801,1.000000,0.600000
-0.709200,0.102356,0.102510,0.100000,2.000000
-0.485576,0.404685,0.409015,0.100000,0.600000
-0.445355,0.544743,0.313884,0.100000,2.000000
-0.803765,0.104273,0.105214,1.000000,2.000000
-0.661642,0.101967,0.102538,0.100000,2.000000
-0.987374,0.100000,0.102657,0.100000,0.300000
-0.507986,0.107057,0.106470,0.100000,2.000000
-0.519968,0.102400,0.104897,0.100000,2.000000
-0.567727,0.101796,0.102958,0.100000,2.000000
-0.671998,0.102547,0.102529,0.100000,2.000000
-0.672573,0.133305,0.131736,1.000000,0.600000
-0.575468,0.150675,0.156543,0.100000,0.600000
-0.594640,0.102760,0.102710,0.100000,2.000000
-0.556847,0.103101,0.103145,0.100000,2.000000
-0.849787,0.109444,0.108859,0.100000,0.600000
-0.545176,0.102233,0.103451,0.100000,2.000000
-0.535526,0.103695,0.103833,0.100000,2.000000
-0.777778,0.102926,0.102493,0.100000,3.000000
-0.954515,0.105577,0.105633,1.000000,0.600000
-0.770202,0.100000,0.102494,0.100000,2.700000
-0.770428,0.102318,0.102497,0.100000,2.000000
-0.761424,0.101879,0.102498,0.100000,2.000000
-0.863636,0.102295,0.101242,1.000000,1.500000
-0.835859,0.102254,0.100994,1.000000,2.700000
-0.578898,0.102375,0.102828,0.100000,2.000000
-0.474440,0.149711,0.149606,0.100000,2.000000
-0.972222,0.100000,0.102470,0.100000,1.200000
-0.541036,0.285442,0.262592,1.000000,0.600000
-0.562554,0.102866,0.103038,0.100000,2.000000
-0.482727,0.580483,0.552500,1.000000,0.600000
-0.762881,0.101561,0.102498,0.100000,2.000000
-0.485015,0.111695,0.117927,0.100000,2.000000
-0.982323,0.103866,0.104991,1.000000,0.600000
-0.451102,0.554150,0.706212,0.100000,2.000000
-0.559848,0.208910,0.218723,1.000000,0.600000
-0.904040,0.100000,0.102474,0.100000,1.200000
-0.525349,0.234873,0.268220,1.000000,2.000000
-0.681906,0.102528,0.102523,0.100000,2.000000
-0.738766,0.109312,0.108389,1.000000,2.000000
-0.692325,0.102795,0.102517,0.100000,2.000000
-0.579580,0.149124,0.153099,1.000000,2.000000
-0.913429,0.102371,0.102488,0.100000,2.000000
-0.602513,0.103239,0.102670,0.100000,2.000000
-0.386711,0.496113,0.509854,0.100000,0.600000
-0.747400,0.117245,0.113753,0.100000,0.600000
-0.666107,0.102737,0.102534,0.100000,2.000000
-0.452265,0.872903,0.778766,0.100000,2.000000
-0.866162,0.100000,0.101165,1.000000,2.700000
-0.446886,0.221994,0.387660,0.100000,2.000000
-0.785354,0.102020,0.104270,1.000000,1.800000
-0.347166,0.291230,0.268021,0.100000,0.600000
-0.581848,0.185473,0.185227,1.000000,0.600000
-0.448973,0.517365,0.533868,0.100000,2.000000
-0.868687,0.101540,0.102486,0.100000,1.500000
-0.331710,0.246359,0.273557,1.000000,2.000000
-0.539386,0.104074,0.103662,0.100000,2.000000
-0.737388,0.101606,0.102502,0.100000,2.000000
-0.759344,0.117859,0.116438,1.000000,0.600000
-0.845028,0.114396,0.108975,0.100000,0.600000
-0.797980,0.100000,0.102765,1.000000,0.300000
-0.911616,0.100000,0.101429,1.000000,2.700000
-0.787879,0.102197,0.101229,1.000000,0.900000
-0.840909,0.102086,0.102490,0.100000,2.400000
-0.493897,0.113491,0.110719,0.100000,2.000000
-0.919192,0.100000,0.102488,0.100000,2.700000
-0.469540,0.527791,0.572728,0.100000,0.600000
-0.741315,0.103019,0.102502,0.100000,2.000000
-0.362185,0.360728,0.327765,0.100000,0.600000
-0.853535,0.101772,0.100600,1.000000,0.900000
-0.588670,0.102998,0.102748,0.100000,2.000000
-0.896465,0.105533,0.101627,1.000000,3.000000
-0.931818,0.100000,0.101346,1.000000,2.400000
-0.934343,0.102626,0.101797,1.000000,3.000000
-0.994949,0.101678,0.102482,0.100000,1.500000
-0.815657,0.100851,0.103847,1.000000,2.100000
-0.979798,0.100000,0.102487,0.100000,2.700000
-0.491050,0.113596,0.112351,0.100000,2.000000
-0.795455,0.100563,0.112915,1.000000,0.600000
-0.453677,0.813929,0.822494,0.100000,2.000000
-0.864872,0.102363,0.102490,0.100000,2.000000
-0.815657,0.102536,0.102481,0.100000,1.200000
-0.522333,0.102842,0.104684,0.100000,2.000000
-0.621440,0.102290,0.102604,0.100000,2.000000
-0.999182,0.104824,0.104630,1.000000,0.600000
-0.461445,0.776252,0.729086,1.000000,2.000000
-0.568180,0.102836,0.102952,0.100000,2.000000
-0.902239,0.103134,0.102812,1.000000,2.000000
-0.745384,0.101903,0.102501,0.100000,2.000000
-0.722896,0.108228,0.109537,1.000000,2.000000
-0.457375,0.678349,0.714292,0.100000,2.000000
-0.525995,0.102670,0.104396,0.100000,2.000000
-0.469197,0.234565,0.203751,0.100000,2.000000
-0.540689,0.103721,0.103610,0.100000,2.000000
-0.765536,0.102002,0.102498,0.100000,2.000000
-0.962110,0.110934,0.107064,0.100000,0.600000
-0.896465,0.101190,0.102488,0.100000,3.000000
-0.960271,0.105682,0.105495,1.000000,0.600000
-0.949495,0.100853,0.102532,0.100000,0.900000
-0.896465,0.100000,0.102488,0.100000,1.800000
-0.939394,0.100000,0.102488,0.100000,2.400000
-0.358902,0.471100,0.420982,1.000000,2.000000
-0.830808,0.101766,0.102489,0.100000,1.500000
-0.595627,0.102360,0.102705,0.100000,2.000000
-0.600106,0.103062,0.102681,0.100000,2.000000
-0.568863,0.103141,0.102942,0.100000,2.000000
-0.762626,0.103776,0.105169,1.000000,1.800000
-0.673041,0.102868,0.102529,0.100000,2.000000
-0.650883,0.102958,0.102550,0.100000,2.000000
-0.611554,0.102083,0.102634,0.100000,2.000000
-0.594293,0.102386,0.102712,0.100000,2.000000
-0.472527,0.625741,0.638168,1.000000,2.000000
-0.901910,0.100898,0.102489,0.100000,2.000000
-0.495340,0.110104,0.110043,0.100000,2.000000
-0.823232,0.100000,0.102740,1.000000,0.300000
-0.744770,0.119659,0.113980,0.100000,0.600000
-0.904040,0.100387,0.102545,1.000000,2.100000
-0.437965,0.872023,0.860233,0.100000,0.600000
-0.959596,0.100000,0.102487,0.100000,1.800000
-0.972222,0.100000,0.102648,1.000000,0.300000
-0.853909,0.102226,0.102490,0.100000,2.000000
-0.984848,0.100000,0.102001,1.000000,2.100000
-0.740537,0.102391,0.102502,0.100000,2.000000
-0.743988,0.102498,0.102501,0.100000,2.000000
-0.334878,0.236923,0.222057,0.100000,0.600000
-0.331307,0.286331,0.296082,1.000000,0.600000
-0.638998,0.122438,0.122074,1.000000,2.000000
-0.905720,0.102122,0.102489,0.100000,2.000000
-0.857574,0.108803,0.108901,1.000000,0.600000
-0.530713,0.104608,0.104089,0.100000,2.000000
-0.888889,0.100012,0.101137,1.000000,2.400000
-0.560676,0.102532,0.103071,0.100000,2.000000
-0.727040,0.102600,0.102505,0.100000,2.000000
-0.755051,0.100000,0.105522,1.000000,1.800000
-0.835859,0.100109,0.100691,1.000000,0.900000
-0.494732,0.118857,0.110317,0.100000,2.000000
-0.751908,0.103770,0.102500,0.100000,2.000000
-0.989899,0.104674,0.101985,1.000000,3.000000
-0.582946,0.102546,0.102792,0.100000,2.000000
-0.762626,0.100000,0.099777,1.000000,1.200000
-0.813131,0.100000,0.102482,0.100000,1.200000
-0.763385,0.104052,0.102498,0.100000,2.000000
-0.742668,0.102160,0.102501,0.100000,2.000000
-0.712208,0.122234,0.123085,1.000000,0.600000
-0.868687,0.100000,0.100604,1.000000,1.200000
-0.780020,0.103018,0.102496,0.100000,2.000000
-0.548944,0.104048,0.103337,0.100000,2.000000
-0.901515,0.100000,0.107886,0.100000,0.600000
-0.842850,0.102371,0.102491,0.100000,2.000000
-0.638946,0.102747,0.102567,0.100000,2.000000
-0.752525,0.100000,0.100879,1.000000,2.400000
-0.820707,0.105033,0.100809,1.000000,0.900000
-0.828283,0.102174,0.102492,0.100000,2.100000
-0.761698,0.103038,0.102498,0.100000,2.000000
-0.656867,0.102513,0.102543,0.100000,2.000000
-0.863636,0.100000,0.102490,0.100000,2.400000
-0.772727,0.100000,0.102855,0.100000,0.300000
-0.497290,0.105673,0.109251,0.100000,2.000000
-0.974747,0.100000,0.106910,0.100000,0.600000
-1.000000,0.103189,0.101830,1.000000,2.700000
-0.803671,0.105022,0.105217,1.000000,2.000000
-0.671079,0.102262,0.102530,0.100000,2.000000
-0.792401,0.112602,0.113174,1.000000,0.600000
-0.866162,0.100000,0.102489,0.100000,2.400000
-0.818182,0.100000,0.102490,0.100000,1.500000
-0.729756,0.101414,0.102504,0.100000,2.000000
-0.775253,0.103082,0.099861,1.000000,1.200000
-0.764167,0.102174,0.102498,0.100000,2.000000
-0.691121,0.102464,0.102518,0.100000,2.000000
-0.955582,0.101919,0.102177,1.000000,2.000000
-0.760226,0.101713,0.102498,0.100000,2.000000
-0.447097,0.475561,0.400100,0.100000,2.000000
-0.699254,0.101835,0.102514,0.100000,2.000000
-0.669398,0.102949,0.102531,0.100000,2.000000
-0.853535,0.100000,0.102748,0.100000,0.300000
-0.658937,0.121601,0.117505,1.000000,2.000000
-0.871212,0.100000,0.102476,0.100000,1.200000
-0.492597,0.102345,0.111410,0.100000,2.000000
-0.709668,0.102658,0.102510,0.100000,2.000000
-0.964646,0.100000,0.107033,0.100000,0.600000
-0.926385,0.102920,0.102488,0.100000,2.000000
-0.930535,0.106622,0.107470,0.100000,0.600000
-0.968017,0.102029,0.102070,1.000000,2.000000
-0.559639,0.102991,0.103090,0.100000,2.000000
-0.744534,0.102697,0.102501,0.100000,2.000000
-0.878788,0.103099,0.107961,1.000000,0.600000
-0.609160,0.102470,0.102643,0.100000,2.000000
-0.851010,0.101008,0.102490,0.100000,1.800000
-0.840909,0.100347,0.101022,1.000000,2.700000
-0.529378,0.105704,0.104170,0.100000,2.000000
-0.757188,0.102379,0.102499,0.100000,2.000000
-0.647298,0.103834,0.102554,0.100000,2.000000
-0.821231,0.102601,0.102492,0.100000,2.000000
-0.374438,0.538598,0.587143,1.000000,0.600000
-0.764299,0.101698,0.102498,0.100000,2.000000
-0.866162,0.102380,0.101472,1.000000,3.000000
-0.347328,0.384350,0.382208,1.000000,0.600000
-0.475697,0.152559,0.142584,0.100000,2.000000
-0.914141,0.100000,0.102488,0.100000,2.700000
-0.703079,0.116982,0.118442,0.100000,0.600000
-0.687227,0.103303,0.102520,0.100000,2.000000
-0.825758,0.104153,0.102490,0.100000,3.000000
-0.906566,0.103578,0.102489,0.100000,2.100000
-0.673174,0.102296,0.102528,0.100000,2.000000
-0.449583,0.795612,0.803850,1.000000,0.600000
-0.618995,0.124265,0.128642,1.000000,2.000000
-0.936869,0.101513,0.102487,0.100000,3.000000
-1.000000,0.108478,0.106612,0.100000,0.600000
-0.943209,0.101127,0.102488,0.100000,2.000000
-0.624336,0.151866,0.150386,1.000000,0.600000
-0.861111,0.100159,0.101243,1.000000,1.500000
-0.638265,0.103099,0.102568,0.100000,2.000000
-0.453581,0.773409,0.821243,0.100000,2.000000
-0.501391,0.456321,0.429492,1.000000,0.600000
-0.579698,0.103234,0.102820,0.100000,2.000000
-0.390979,0.747410,0.705855,1.000000,0.600000
-0.909091,0.101655,0.101234,1.000000,2.400000
-0.767677,0.100000,0.102497,0.100000,2.100000
-0.624806,0.125345,0.126470,1.000000,2.000000
-0.677987,0.102896,0.102525,0.100000,2.000000
-0.734770,0.119788,0.114902,0.100000,0.600000
-0.623904,0.102427,0.102598,0.100000,2.000000
-0.772727,0.100000,0.100724,1.000000,2.700000
-0.650509,0.139922,0.138691,1.000000,0.600000
-0.906891,0.107664,0.106951,1.000000,0.600000
-0.487777,0.585290,0.503259,1.000000,2.000000
-0.686815,0.112251,0.113146,1.000000,2.000000
-0.759993,0.102594,0.102499,0.100000,2.000000
-0.987374,0.103319,0.102482,0.100000,1.500000
-0.800505,0.100319,0.102805,0.100000,0.300000
-0.466785,0.320904,0.252735,0.100000,2.000000
-0.781466,0.100824,0.102496,0.100000,2.000000
-0.592771,0.101482,0.102721,0.100000,2.000000
-0.895245,0.103008,0.102489,0.100000,2.000000
-0.676596,0.103408,0.102526,0.100000,2.000000
-0.598579,0.137607,0.138674,1.000000,2.000000
-0.989432,0.102675,0.102487,0.100000,2.000000
-0.752525,0.100000,0.102545,0.100000,0.900000
-0.736921,0.103029,0.102502,0.100000,2.000000
-0.633468,0.102726,0.102577,0.100000,2.000000
-0.989979,0.101848,0.101910,1.000000,2.000000
-0.856061,0.100000,0.101107,1.000000,2.700000
-0.871212,0.100000,0.102488,0.100000,3.000000
-0.988301,0.101538,0.101921,1.000000,2.000000
-0.871212,0.100000,0.102486,0.100000,1.500000
-0.483202,0.113974,0.120545,0.100000,2.000000
-0.891414,0.100165,0.108047,0.100000,0.600000
-0.466597,0.212112,0.257522,0.100000,2.000000
-0.982323,0.100101,0.102660,0.100000,0.300000
-0.759828,0.102335,0.102498,0.100000,2.000000
-0.810534,0.102136,0.102493,0.100000,2.000000
-0.898651,0.102149,0.102489,0.100000,2.000000
-0.347771,0.247571,0.270323,0.100000,0.600000
-0.962121,0.100677,0.102487,0.100000,2.400000
-0.659507,0.101402,0.102540,0.100000,2.000000
-0.617582,0.101613,0.102615,0.100000,2.000000
-0.907525,0.102550,0.102733,1.000000,2.000000
-0.523546,0.102769,0.104583,0.100000,2.000000
-0.589525,0.154819,0.147197,0.100000,0.600000
-0.924242,0.100000,0.101237,1.000000,1.500000
-0.622944,0.126553,0.127139,1.000000,2.000000
-0.909091,0.100000,0.102488,0.100000,2.700000
-0.893150,0.101831,0.102489,0.100000,2.000000
-0.392996,0.641820,0.584521,0.100000,0.600000
-0.604936,0.102919,0.102659,0.100000,2.000000
-0.448767,0.544722,0.517401,0.100000,2.000000
-0.650351,0.125941,0.126605,0.100000,0.600000
-0.584317,0.103339,0.102781,0.100000,2.000000
-0.868687,0.100000,0.108454,0.100000,0.600000
-0.657729,0.102702,0.102542,0.100000,2.000000
-0.883838,0.105012,0.102725,0.100000,0.300000
-0.314212,0.180934,0.170197,0.100000,0.600000
-0.531726,0.104703,0.104031,0.100000,2.000000
-0.486097,0.134976,0.116625,0.100000,2.000000
-0.750972,0.117064,0.117422,1.000000,0.600000
-0.803030,0.102810,0.102493,0.100000,1.800000
-0.858586,0.100199,0.108661,0.100000,0.600000
-0.650140,0.101772,0.102551,0.100000,2.000000
-0.992424,0.102660,0.106701,0.100000,0.600000
-0.451092,0.728705,0.705428,0.100000,2.000000
-0.516558,0.333730,0.351323,1.000000,0.600000
-0.898990,0.100745,0.101357,1.000000,2.700000
-0.601594,0.143257,0.141059,0.100000,0.600000
-0.954545,0.100000,0.101646,1.000000,1.800000
-0.934343,0.100000,0.102690,0.100000,0.300000
-0.645939,0.103274,0.102556,0.100000,2.000000
-0.926768,0.100000,0.102472,0.100000,1.200000
-0.570518,0.103901,0.102921,0.100000,2.000000
-0.816342,0.101949,0.102493,0.100000,2.000000
-0.926768,0.102333,0.102487,0.100000,3.000000
-0.784473,0.113817,0.111212,0.100000,0.600000
-0.773994,0.115415,0.111814,0.100000,0.600000
-0.913709,0.102738,0.102646,1.000000,2.000000
-0.564668,0.177717,0.165768,0.100000,0.600000
-0.969697,0.100000,0.106972,0.100000,0.600000
-0.893939,0.101134,0.102081,1.000000,1.800000
-0.485523,0.497082,0.522351,1.000000,2.000000
-0.878485,0.103220,0.102489,0.100000,2.000000
-0.906566,0.102914,0.106962,1.000000,0.600000
-0.675455,0.116494,0.114703,1.000000,2.000000
-0.795499,0.101721,0.102494,0.100000,2.000000
-0.916667,0.100000,0.102432,1.000000,2.100000
-0.929293,0.102356,0.102694,0.100000,0.300000
-0.686114,0.102884,0.102520,0.100000,2.000000
-0.492594,0.107685,0.111412,0.100000,2.000000
-0.936869,0.102511,0.102689,0.100000,0.300000
-0.692944,0.103062,0.102517,0.100000,2.000000
-0.458158,0.738069,0.667379,0.100000,2.000000
-0.618615,0.140732,0.134564,0.100000,0.600000
-0.586906,0.103361,0.102761,0.100000,2.000000
-0.546082,0.103715,0.103422,0.100000,2.000000
-0.557004,0.223393,0.224295,1.000000,0.600000
-0.746066,0.117477,0.118032,1.000000,0.600000
-0.597243,0.102630,0.102696,0.100000,2.000000
-0.573528,0.102522,0.102884,0.100000,2.000000
-0.820707,0.103311,0.111019,1.000000,0.600000
-0.814255,0.102622,0.102493,0.100000,2.000000
-0.934343,0.100000,0.102484,0.100000,1.500000
-0.424808,0.893116,0.877596,0.100000,0.600000
-0.752525,0.102198,0.102499,0.100000,2.100000
-0.717637,0.102204,0.102507,0.100000,2.000000
-1.000000,0.100001,0.101203,1.000000,1.500000
-0.466855,0.119748,0.250974,0.100000,2.000000
-0.881313,0.101959,0.102488,0.100000,2.700000
-0.556298,0.103686,0.103157,0.100000,2.000000
-0.969697,0.100000,0.105275,1.000000,0.600000
-0.756036,0.102493,0.102499,0.100000,2.000000
-0.468141,0.169778,0.222562,0.100000,2.000000
-0.856319,0.111033,0.108710,0.100000,0.600000
-0.770202,0.103125,0.102524,0.100000,0.900000
-0.964646,0.100000,0.100614,1.000000,0.900000
-0.967445,0.102839,0.102487,0.100000,2.000000
-0.775253,0.100000,0.102494,0.100000,3.000000
-0.330209,0.288127,0.291195,1.000000,0.600000
-0.815737,0.111579,0.111360,1.000000,0.600000
-0.717992,0.102803,0.102507,0.100000,2.000000
-0.873317,0.103608,0.102490,0.100000,2.000000
-0.894895,0.103364,0.102928,1.000000,2.000000
-0.888889,0.105020,0.102488,0.100000,2.700000
-0.671620,0.118423,0.122873,0.100000,0.600000
-0.815657,0.100000,0.100892,1.000000,2.700000
-0.635521,0.119011,0.123046,1.000000,2.000000
-0.762626,0.100000,0.102495,0.100000,2.700000
-0.660077,0.103526,0.102540,0.100000,2.000000
-0.937905,0.106049,0.106053,1.000000,0.600000
-0.629179,0.101903,0.102586,0.100000,2.000000
-0.929293,0.103848,0.102472,0.100000,1.200000
-0.610324,0.103388,0.102638,0.100000,2.000000
-0.928164,0.110335,0.107502,0.100000,0.600000
-0.501909,0.106805,0.107795,0.100000,2.000000
-0.600930,0.103158,0.102677,0.100000,2.000000
-0.777760,0.102850,0.102496,0.100000,2.000000
-0.762626,0.100000,0.102495,0.100000,3.000000
-0.661675,0.118483,0.116988,1.000000,2.000000
-0.597623,0.142863,0.142915,0.100000,0.600000
-0.789211,0.102004,0.102495,0.100000,2.000000
-0.926768,0.100000,0.101766,1.000000,3.000000
-0.566442,0.176752,0.167779,1.000000,2.000000
-0.554436,0.184628,0.176534,0.100000,0.600000
-0.775907,0.103320,0.102496,0.100000,2.000000
-0.966209,0.101732,0.102487,0.100000,2.000000
-0.503858,0.110794,0.107312,0.100000,2.000000
-0.905275,0.109011,0.107829,0.100000,0.600000
-0.470487,0.476360,0.562047,0.100000,0.600000
-0.906566,0.103330,0.101676,1.000000,3.000000
-0.695999,0.117902,0.119356,0.100000,0.600000
-0.721398,0.102392,0.102507,0.100000,2.000000
-0.674017,0.101718,0.102528,0.100000,2.000000
-0.883838,0.102633,0.101240,1.000000,1.500000
-0.561496,0.177710,0.174738,1.000000,2.000000
-0.355870,0.392536,0.301416,0.100000,0.600000
-0.495256,0.105464,0.110080,0.100000,2.000000
-0.545898,0.100976,0.103427,0.100000,2.000000
-0.951899,0.105467,0.105697,1.000000,0.600000
-0.966142,0.105685,0.105357,1.000000,0.600000
-0.481614,0.558414,0.560695,1.000000,0.600000
-0.958096,0.103155,0.102487,0.100000,2.000000
-0.929293,0.100000,0.101792,1.000000,1.800000
-0.760101,0.104339,0.105457,1.000000,2.100000
-0.824127,0.102335,0.102492,0.100000,2.000000
-0.619012,0.129896,0.134436,0.100000,0.600000
-0.541188,0.103469,0.103591,0.100000,2.000000
-0.871700,0.108244,0.108256,1.000000,0.600000
-0.972142,0.105488,0.105219,1.000000,0.600000
-0.624989,0.101995,0.102595,0.100000,2.000000
-0.768880,0.107124,0.106677,1.000000,2.000000
-0.797980,0.100000,0.100043,1.000000,1.200000
-0.472246,0.185259,0.166247,0.100000,2.000000
-0.848485,0.100517,0.101064,1.000000,2.700000
-0.693169,0.111486,0.112379,1.000000,2.000000
-0.861262,0.106593,0.108604,0.100000,0.600000
-0.662198,0.101688,0.102537,0.100000,2.000000
-0.893939,0.100000,0.102485,0.100000,1.500000
-0.667427,0.102586,0.102533,0.100000,2.000000
-0.991536,0.104513,0.104792,1.000000,0.600000
-0.770138,0.102463,0.102497,0.100000,2.000000
-0.916061,0.106813,0.107670,0.100000,0.600000
-0.937952,0.106347,0.106052,1.000000,0.600000
-0.441211,0.843505,0.849061,1.000000,0.600000
-0.481458,0.100000,0.123735,0.100000,2.000000
-0.828283,0.100000,0.102480,0.100000,1.200000
-0.833333,0.100176,0.103495,1.000000,2.100000
-0.941360,0.102519,0.102315,1.000000,2.000000
-0.725712,0.103405,0.102505,0.100000,2.000000
-0.698251,0.127735,0.125710,1.000000,0.600000
-0.741742,0.102452,0.102502,0.100000,2.000000
-0.649000,0.114714,0.119587,1.000000,2.000000
-0.941227,0.109767,0.107328,0.100000,0.600000
-0.794199,0.102864,0.102494,0.100000,2.000000
-0.608822,0.101920,0.102644,0.100000,2.000000
-0.690565,0.122548,0.120088,0.100000,0.600000
-0.580306,0.101987,0.102815,0.100000,2.000000
-0.858586,0.100000,0.100536,1.000000,1.200000
-0.851010,0.100000,0.102718,1.000000,0.300000
-0.565088,0.103164,0.102997,0.100000,2.000000
-0.749841,0.108007,0.107698,1.000000,2.000000
-0.891414,0.100000,0.102486,0.100000,1.500000
-0.863419,0.109111,0.108624,1.000000,0.600000
-0.599032,0.102937,0.102687,0.100000,2.000000
-0.497068,0.112191,0.109335,0.100000,2.000000
-0.449809,0.797353,0.802399,1.000000,0.600000
-0.534782,0.219514,0.204620,0.100000,0.600000
-0.760101,0.100000,0.102535,0.100000,0.900000
-0.492167,0.366833,0.357844,0.100000,0.600000
-0.499033,0.449277,0.443415,1.000000,0.600000
-0.815125,0.107489,0.109864,0.100000,0.600000
-0.808081,0.106329,0.100130,1.000000,1.200000
-0.778599,0.103497,0.102496,0.100000,2.000000
-0.856430,0.103584,0.103682,1.000000,2.000000
-0.903373,0.102827,0.102795,1.000000,2.000000
-0.602170,0.164249,0.165133,1.000000,0.600000
-0.519204,0.106354,0.104971,0.100000,2.000000
-0.452472,0.823771,0.788517,0.100000,2.000000
-0.979798,0.100000,0.102487,0.100000,3.000000
-0.926768,0.100000,0.102487,0.100000,1.800000
-0.727898,0.102098,0.102505,0.100000,2.000000
-0.506710,0.103963,0.106707,0.100000,2.000000
-0.775091,0.107640,0.106382,1.000000,2.000000
-0.856061,0.101634,0.102490,0.100000,2.100000
-0.802076,0.104784,0.105275,1.000000,2.000000
-0.888889,0.107765,0.101590,1.000000,3.000000
-0.866162,0.100417,0.100559,1.000000,0.900000
-0.915101,0.107163,0.107684,0.100000,0.600000
-0.782828,0.102596,0.102493,0.100000,2.700000
-0.613902,0.103074,0.102626,0.100000,2.000000
-0.936652,0.100871,0.102488,0.100000,2.000000
-0.924220,0.109327,0.107556,0.100000,0.600000
-0.943651,0.102275,0.102488,0.100000,2.000000
-0.615989,0.101849,0.102619,0.100000,2.000000
-0.459212,0.690767,0.688419,0.100000,0.600000
-0.881313,0.103386,0.101254,1.000000,2.700000
-0.970574,0.105087,0.105255,1.000000,0.600000
-0.514508,0.105603,0.105493,0.100000,2.000000
-0.979798,0.100000,0.102469,0.100000,1.200000
-0.621100,0.135300,0.133779,0.100000,0.600000
-0.664215,0.123565,0.124082,0.100000,0.600000
-0.833333,0.100000,0.102489,0.100000,1.500000
-0.982323,0.100000,0.100659,1.000000,0.900000
-0.904040,0.102448,0.100525,1.000000,0.900000
-0.442722,0.304568,0.237911,0.100000,2.000000
-0.926768,0.100000,0.102695,0.100000,0.300000
-0.689643,0.103616,0.102518,0.100000,2.000000
-0.763438,0.102874,0.102498,0.100000,2.000000
-0.581018,0.102193,0.102808,0.100000,2.000000
-0.734435,0.108078,0.108682,1.000000,2.000000
-0.851010,0.100000,0.101247,1.000000,1.500000
-0.468105,0.240510,0.223266,0.100000,2.000000
-0.815657,0.100000,0.111366,1.000000,0.600000
-0.501702,0.339901,0.397192,1.000000,2.000000
-0.513398,0.107293,0.105636,0.100000,2.000000
-0.693853,0.103091,0.102516,0.100000,2.000000
-0.647294,0.102951,0.102555,0.100000,2.000000
-0.719075,0.101798,0.102507,0.100000,2.000000
-0.974755,0.103071,0.102487,0.100000,2.000000
-0.785354,0.100990,0.102493,0.100000,1.500000
-0.946126,0.104198,0.105841,1.000000,0.600000
-0.957071,0.100000,0.101468,1.000000,2.400000
-0.916667,0.100000,0.102473,0.100000,1.200000
-0.866162,0.101824,0.102490,0.100000,2.100000
-0.892317,0.101912,0.102489,0.100000,2.000000
-0.904040,0.100000,0.102711,0.100000,0.300000
-0.914141,0.100000,0.101711,1.000000,3.000000
-0.643760,0.140875,0.127960,0.100000,0.600000
-0.889202,0.102707,0.103024,1.000000,2.000000
-0.854316,0.102399,0.102490,0.100000,2.000000
-0.774348,0.103761,0.102497,0.100000,2.000000
-0.545279,0.102362,0.103447,0.100000,2.000000
-0.506062,0.407461,0.403336,1.000000,0.600000
-0.823232,0.101647,0.100905,1.000000,2.400000
-0.640871,0.102994,0.102564,0.100000,2.000000
-0.534226,0.103626,0.103897,0.100000,2.000000
-0.707666,0.103280,0.102511,0.100000,2.000000
-0.444345,0.247971,0.278600,0.100000,2.000000
-0.728791,0.118111,0.115499,0.100000,0.600000
-0.630598,0.102867,0.102582,0.100000,2.000000
-0.921874,0.101513,0.102488,0.100000,2.000000
-0.591638,0.103038,0.102728,0.100000,2.000000
-0.754037,0.109949,0.113210,0.100000,0.600000
-0.838384,0.100907,0.102490,0.100000,2.400000
-0.534556,0.103020,0.103881,0.100000,2.000000
-0.767677,0.100000,0.104950,1.000000,1.800000
-0.772174,0.103370,0.102497,0.100000,2.000000
-0.871212,0.100647,0.100548,1.000000,0.900000
-0.830097,0.104441,0.104364,1.000000,2.000000
-0.868687,0.100000,0.102489,0.100000,2.400000
-0.802304,0.102303,0.102494,0.100000,2.000000
-0.947825,0.102062,0.102488,0.100000,2.000000
-0.812897,0.105534,0.104898,1.000000,2.000000
-0.795455,0.102334,0.102493,0.100000,2.400000
-0.859957,0.102902,0.102490,0.100000,2.000000
-0.537211,0.104142,0.103755,0.100000,2.000000
-0.845960,0.100547,0.102494,0.100000,0.900000
-0.891414,0.103554,0.102488,0.100000,3.000000
-0.901148,0.103226,0.102489,0.100000,2.000000
-0.748594,0.104011,0.102500,0.100000,2.000000
-0.875911,0.102755,0.102489,0.100000,2.000000
-0.784210,0.102841,0.102495,0.100000,2.000000
-0.936869,0.102010,0.100559,1.000000,0.900000
-0.973768,0.102657,0.102487,0.100000,2.000000
-0.902109,0.101696,0.102489,0.100000,2.000000
-0.510154,0.312524,0.266135,0.100000,0.600000
-0.424416,0.869522,0.872556,1.000000,0.600000
-0.497061,0.110011,0.109337,0.100000,2.000000
-0.547833,0.103009,0.103369,0.100000,2.000000
-0.726103,0.108906,0.109288,1.000000,2.000000
-0.853535,0.100000,0.100991,1.000000,2.400000
-0.645718,0.101232,0.102556,0.100000,2.000000
-0.767677,0.100000,0.105178,1.000000,2.100000
-0.919065,0.102891,0.102575,1.000000,2.000000
-0.474167,0.207389,0.151340,0.100000,2.000000
-0.886364,0.100000,0.102489,0.100000,2.100000
-0.515812,0.105906,0.105335,0.100000,2.000000
-0.750000,0.101523,0.102497,0.100000,3.000000
-0.703460,0.102890,0.102512,0.100000,2.000000
-0.541231,0.207446,0.194100,0.100000,0.600000
-0.527919,0.104503,0.104263,0.100000,2.000000
-0.475372,0.155707,0.144257,0.100000,2.000000
-0.902038,0.111484,0.107878,0.100000,0.600000
-0.820707,0.100959,0.100238,1.000000,1.200000
-0.459511,0.786653,0.581917,0.100000,2.000000
-0.941919,0.100000,0.102242,1.000000,2.100000
-0.810606,0.100000,0.100912,1.000000,0.900000
-0.568423,0.103292,0.102949,0.100000,2.000000
-0.709510,0.115078,0.117650,0.100000,0.600000
-0.562658,0.183739,0.173019,1.000000,2.000000
-0.543298,0.102134,0.103514,0.100000,2.000000
-0.797980,0.101505,0.102494,0.100000,1.800000
-0.808081,0.100726,0.103569,1.000000,1.800000
-0.475711,0.566351,0.504632,0.100000,0.600000
-0.564657,0.103588,0.103004,0.100000,2.000000
-0.638164,0.103050,0.102568,0.100000,2.000000
-0.507464,0.101332,0.106565,0.100000,2.000000
-0.862257,0.103742,0.102490,0.100000,2.000000
-0.813131,0.100000,0.103902,1.000000,2.100000
-0.699163,0.103443,0.102514,0.100000,2.000000
-0.870113,0.108787,0.108426,0.100000,0.600000
-0.974747,0.101920,0.102483,0.100000,1.500000
-0.772727,0.100404,0.101026,1.000000,3.000000
-0.301029,0.159483,0.158434,0.100000,0.600000
-0.888976,0.107724,0.108087,0.100000,0.600000
-0.856061,0.100000,0.101418,1.000000,3.000000
-0.599603,0.101224,0.102684,0.100000,2.000000
-0.475376,0.100000,0.144238,0.100000,2.000000
-0.324004,0.323328,0.265805,1.000000,0.600000
-0.651721,0.121068,0.118982,1.000000,2.000000
-0.457903,0.709551,0.702379,0.100000,0.600000
-0.916667,0.102142,0.102488,0.100000,2.100000
-0.941919,0.100000,0.100568,1.000000,0.900000
-0.683588,0.124067,0.121069,0.100000,0.600000
-0.987374,0.103145,0.101506,1.000000,1.800000
-0.861111,0.100860,0.100574,1.000000,0.900000
-0.522607,0.294032,0.279842,1.000000,2.000000
-0.987641,0.105509,0.104875,1.000000,0.600000
-0.809576,0.112650,0.111805,1.000000,0.600000
-0.448199,0.793888,0.805073,1.000000,2.000000
-0.878788,0.100393,0.102496,0.100000,0.900000
-0.529193,0.105589,0.104181,0.100000,2.000000
-0.569106,0.103517,0.102939,0.100000,2.000000
-0.864172,0.102645,0.102490,0.100000,2.000000
-0.790404,0.100000,0.102485,0.100000,1.200000
-0.876263,0.101827,0.102489,0.100000,2.100000
-0.934343,0.106345,0.102294,1.000000,2.100000
-0.780303,0.100000,0.101366,1.000000,0.900000
-0.746146,0.101659,0.102501,0.100000,2.000000
-0.717588,0.102593,0.102507,0.100000,2.000000
-0.840909,0.100838,0.100950,1.000000,2.400000
-0.450037,0.799115,0.800935,1.000000,0.600000
-0.994949,0.100000,0.102486,0.100000,1.800000
-0.594012,0.102753,0.102714,0.100000,2.000000
-0.906324,0.101361,0.102489,0.100000,2.000000
-0.706810,0.125553,0.124056,1.000000,0.600000
-0.837869,0.109592,0.109160,0.100000,0.600000
-0.949495,0.100000,0.102487,0.100000,2.400000
-0.399454,0.614285,0.666369,0.100000,0.600000
-0.970782,0.102971,0.102487,0.100000,2.000000
-0.545030,0.102592,0.103455,0.100000,2.000000
-0.750000,0.101542,0.102498,0.100000,2.400000
-0.616860,0.103888,0.102617,0.100000,2.000000
-0.548626,0.103788,0.103346,0.100000,2.000000
-0.863636,0.100000,0.102495,0.100000,0.900000
-0.969697,0.100344,0.102483,0.100000,1.500000
-0.848485,0.100881,0.102489,0.100000,3.000000
-0.714079,0.103342,0.102509,0.100000,2.000000
-0.624712,0.102722,0.102596,0.100000,2.000000
-0.904217,0.102100,0.102488,0.100000,2.000000
-0.856061,0.100000,0.102477,0.100000,1.200000
-0.509951,0.388273,0.382993,1.000000,0.600000
-0.755595,0.103431,0.102499,0.100000,2.000000
-0.808081,0.103937,0.100941,1.000000,0.900000
-0.755051,0.100000,0.100876,1.000000,2.400000
-0.787879,0.104751,0.104184,1.000000,1.800000
-0.755051,0.100041,0.100975,1.000000,3.000000
-0.464745,0.276518,0.314310,0.100000,2.000000
-0.634298,0.101782,0.102575,0.100000,2.000000
-0.636471,0.116602,0.122775,1.000000,2.000000
-0.711731,0.102505,0.102509,0.100000,2.000000
-0.982254,0.101687,0.101963,1.000000,2.000000
-0.522379,0.101883,0.104680,0.100000,2.000000
-0.876263,0.100000,0.102278,1.000000,1.800000
-0.792929,0.100000,0.102816,0.100000,0.300000
-0.425155,0.868201,0.878281,0.100000,0.600000
-0.858586,0.102087,0.101431,1.000000,3.000000
-0.790404,0.100000,0.102821,0.100000,0.300000
-0.977273,0.100000,0.102487,0.100000,2.100000
-0.598275,0.103845,0.102691,0.100000,2.000000
-0.637169,0.139201,0.129443,0.100000,0.600000
-0.643398,0.102966,0.102560,0.100000,2.000000
-0.753715,0.115694,0.113235,0.100000,0.600000
-0.567106,0.102966,0.102967,0.100000,2.000000
-0.911616,0.104490,0.102681,1.000000,0.300000
-0.480587,0.130542,0.125640,0.100000,2.000000
-0.914141,0.100000,0.102507,0.100000,0.900000
-0.460872,0.723428,0.733185,1.000000,2.000000
-0.320743,0.167224,0.181474,0.100000,0.600000
-0.624824,0.102178,0.102595,0.100000,2.000000
-0.766864,0.102189,0.102498,0.100000,2.000000
-0.973724,0.102173,0.102026,1.000000,2.000000
-0.553639,0.103303,0.103216,0.100000,2.000000
-0.537457,0.103941,0.103744,0.100000,2.000000
-0.997819,0.104951,0.104658,1.000000,0.600000
-0.966476,0.102313,0.102487,0.100000,2.000000
-0.989323,0.101627,0.101914,1.000000,2.000000
-0.757576,0.100000,0.102499,0.100000,1.800000
-0.851010,0.100000,0.102478,0.100000,1.200000
-0.876263,0.100955,0.102489,0.100000,2.700000
-0.782170,0.109248,0.111337,0.100000,0.600000
-0.911616,0.100651,0.102488,0.100000,2.100000
-0.899045,0.102158,0.102489,0.100000,2.000000
-0.526592,0.105169,0.104354,0.100000,2.000000
-0.919192,0.100000,0.101471,1.000000,2.700000
-0.503551,0.113579,0.107384,0.100000,2.000000
-0.486333,0.120069,0.116363,0.100000,2.000000
-0.454882,0.820532,0.817472,0.100000,2.000000
-0.905354,0.103019,0.102489,0.100000,2.000000
-0.747516,0.102818,0.102500,0.100000,2.000000
-0.840909,0.100000,0.101255,1.000000,1.500000
-0.334927,0.316592,0.313067,1.000000,0.600000
-0.636550,0.103439,0.102571,0.100000,2.000000
-0.795455,0.100000,0.102812,0.100000,0.300000
-0.499860,0.430084,0.409990,1.000000,2.000000
-0.726074,0.102043,0.102505,0.100000,2.000000
-0.873737,0.100000,0.102489,0.100000,1.800000
-0.794690,0.102756,0.102494,0.100000,2.000000
-0.957071,0.100000,0.100986,1.000000,1.200000
-0.750868,0.102941,0.102500,0.100000,2.000000
-0.856104,0.110049,0.108973,1.000000,0.600000
-0.703145,0.102572,0.102512,0.100000,2.000000
-0.744153,0.103092,0.102501,0.100000,2.000000
-0.657655,0.133639,0.136210,1.000000,0.600000
-0.866162,0.105939,0.102487,0.100000,1.500000
-0.471984,0.244314,0.168700,0.100000,2.000000
-0.901515,0.102216,0.102489,0.100000,2.100000
-0.934343,0.100000,0.107419,0.100000,0.600000
-0.380081,0.506104,0.442861,0.100000,0.600000
-0.755051,0.102595,0.102499,0.100000,1.800000
-0.722427,0.103134,0.102506,0.100000,2.000000
-0.512440,0.326666,0.330446,1.000000,2.000000
-0.747769,0.101981,0.102500,0.100000,2.000000
-0.876263,0.101406,0.102486,0.100000,1.500000
-0.994949,0.101637,0.106671,0.100000,0.600000
-0.440385,0.219333,0.201606,0.100000,2.000000
-0.526523,0.104829,0.104359,0.100000,2.000000
-0.495446,0.106905,0.109996,0.100000,2.000000
-0.838384,0.100000,0.102728,1.000000,0.300000
-0.790299,0.102335,0.102495,0.100000,2.000000
-0.669469,0.101930,0.102531,0.100000,2.000000
-0.874234,0.108720,0.108149,1.000000,0.600000
-0.846468,0.102257,0.102491,0.100000,2.000000
-0.862064,0.102112,0.102490,0.100000,2.000000
-0.592718,0.144201,0.142469,1.000000,2.000000
-0.826235,0.103522,0.102492,0.100000,2.000000
-0.595901,0.103036,0.102703,0.100000,2.000000
-0.720673,0.122803,0.121666,1.000000,0.600000
-0.714977,0.101608,0.102508,0.100000,2.000000
-0.987374,0.100000,0.104881,1.000000,0.600000
-0.813131,0.100000,0.102493,0.100000,1.800000
-0.503745,0.109779,0.107338,0.100000,2.000000
-0.808081,0.100000,0.102483,0.100000,1.200000
-0.964646,0.101538,0.102487,0.100000,2.100000
-0.561345,0.171718,0.174965,1.000000,2.000000
-0.553304,0.208080,0.188518,1.000000,2.000000
-0.492832,0.457261,0.482314,1.000000,0.600000
-0.473904,0.666318,0.625853,1.000000,2.000000
-0.498677,0.103031,0.108759,0.100000,2.000000
-0.805556,0.100000,0.102502,0.100000,0.900000
-0.778953,0.105905,0.106207,1.000000,2.000000
-0.459704,0.780764,0.569751,0.100000,2.000000
-0.808081,0.100000,0.102501,0.100000,0.900000
-0.785354,0.101498,0.100766,1.000000,2.700000
-0.561726,0.102597,0.103052,0.100000,2.000000
-0.955655,0.106128,0.107144,0.100000,0.600000
-0.927400,0.102489,0.102488,0.100000,2.000000
-0.818169,0.102335,0.102492,0.100000,2.000000
-0.843064,0.110219,0.109653,1.000000,0.600000
-0.992008,0.102050,0.101897,1.000000,2.000000
-0.516047,0.355612,0.353647,1.000000,0.600000
-0.810606,0.100000,0.110030,0.100000,0.600000
-0.757514,0.106198,0.107264,1.000000,2.000000
-0.702201,0.113382,0.111398,1.000000,2.000000
-0.919192,0.100138,0.102411,1.000000,2.100000
-0.815924,0.110337,0.111347,1.000000,0.600000
-0.449407,0.795927,0.804966,1.000000,0.600000
-0.755051,0.101602,0.105657,1.000000,2.100000
-0.873737,0.100000,0.102310,1.000000,1.800000
-0.680260,0.115115,0.114013,1.000000,2.000000
-0.554527,0.102833,0.103195,0.100000,2.000000
-0.724868,0.101220,0.102505,0.100000,2.000000
-0.701357,0.102737,0.102513,0.100000,2.000000
-0.964130,0.102452,0.102102,1.000000,2.000000
-0.881313,0.100337,0.102497,0.100000,0.900000
-0.706079,0.111983,0.111011,1.000000,2.000000
-0.504298,0.110170,0.107212,0.100000,2.000000
-0.562405,0.174323,0.167965,0.100000,0.600000
-0.674487,0.102085,0.102528,0.100000,2.000000
-0.665276,0.117295,0.116343,1.000000,2.000000
-0.722698,0.103116,0.102506,0.100000,2.000000
-0.926768,0.100000,0.101237,1.000000,1.500000
-0.725690,0.114554,0.115822,0.100000,0.600000
-0.881313,0.101079,0.101103,1.000000,2.400000
-0.444280,0.861293,0.824161,0.100000,0.600000
-0.594697,0.103268,0.102710,0.100000,2.000000
-0.608424,0.102198,0.102646,0.100000,2.000000
-0.571259,0.152693,0.159903,0.100000,0.600000
-0.781273,0.103078,0.102496,0.100000,2.000000
-0.514212,0.338328,0.362158,1.000000,0.600000
-0.527082,0.106795,0.104320,0.100000,2.000000
-0.495825,0.101638,0.109833,0.100000,2.000000
-0.931818,0.100000,0.107453,0.100000,0.600000
-0.541194,0.103476,0.103591,0.100000,2.000000
-0.785298,0.102478,0.102495,0.100000,2.000000
-0.664787,0.103055,0.102535,0.100000,2.000000
-0.549935,0.197018,0.195154,1.000000,2.000000
-0.432781,0.825901,0.873418,1.000000,0.600000
-0.897340,0.102859,0.102489,0.100000,2.000000
-0.640765,0.102248,0.102564,0.100000,2.000000
-0.992424,0.100221,0.102487,0.100000,3.000000
-0.790404,0.100928,0.102509,0.100000,0.900000
-0.770670,0.102593,0.102497,0.100000,2.000000
-0.813131,0.100000,0.103436,1.000000,1.800000
-0.488631,0.113357,0.114152,0.100000,2.000000
-0.878788,0.103715,0.102815,1.000000,2.100000
-0.876263,0.106090,0.102489,0.100000,1.800000
-0.474189,0.613614,0.617313,1.000000,0.600000
-0.750376,0.108316,0.107667,1.000000,2.000000
-0.794741,0.102355,0.102494,0.100000,2.000000
-0.875664,0.108135,0.108321,0.100000,0.600000
-0.944444,0.104968,0.102664,1.000000,0.300000
-0.757576,0.100000,0.100681,1.000000,2.700000
-0.602257,0.102580,0.102671,0.100000,2.000000
-0.820707,0.100711,0.101286,1.000000,1.500000
-0.707098,0.101805,0.102511,0.100000,2.000000
-0.613402,0.102120,0.102628,0.100000,2.000000
-0.800505,0.100653,0.102493,0.100000,2.400000
-0.999992,0.103083,0.102487,0.100000,2.000000
-0.873737,0.100000,0.102486,0.100000,1.500000
-0.986862,0.101782,0.101931,1.000000,2.000000
-0.833333,0.100000,0.102731,1.000000,0.300000
-0.686635,0.101513,0.102520,0.100000,2.000000
-0.984742,0.106484,0.106791,0.100000,0.600000
-0.747624,0.103176,0.102500,0.100000,2.000000
-0.952020,0.100000,0.101444,1.000000,2.400000
-0.512838,0.268921,0.328234,1.000000,2.000000
-0.895274,0.102460,0.102922,1.000000,2.000000
-0.828343,0.102281,0.102492,0.100000,2.000000
-0.929293,0.102333,0.102331,1.000000,2.100000
-0.814922,0.102831,0.102493,0.100000,2.000000
-0.568426,0.103127,0.102948,0.100000,2.000000
-0.871212,0.100000,0.102489,0.100000,1.800000
-0.964646,0.101041,0.102671,0.100000,0.300000
-0.911616,0.101903,0.100835,1.000000,1.200000
-0.950584,0.102812,0.102487,0.100000,2.000000
-0.477671,0.117342,0.134150,0.100000,2.000000
-0.711356,0.108593,0.110515,1.000000,2.000000
-0.786758,0.103309,0.102495,0.100000,2.000000
-0.795455,0.100000,0.100804,1.000000,2.700000
-0.734398,0.101658,0.102503,0.100000,2.000000
-0.936869,0.104217,0.101234,1.000000,1.500000
-0.969697,0.100000,0.102470,0.100000,1.200000
-0.600278,0.162599,0.166688,1.000000,0.600000
-0.904040,0.100000,0.102488,0.100000,2.700000
-0.753993,0.102885,0.102499,0.100000,2.000000
-0.535656,0.235308,0.231431,1.000000,2.000000
-0.580267,0.142927,0.153047,0.100000,0.600000
-0.381130,0.417682,0.452511,0.100000,0.600000
-1.000000,0.100749,0.102487,0.100000,2.700000
-0.752525,0.100000,0.100969,1.000000,3.000000
-0.447201,0.395575,0.406428,0.100000,2.000000
-0.974956,0.103278,0.102487,0.100000,2.000000
-0.474611,0.693302,0.619492,1.000000,2.000000
-0.558077,0.161087,0.172452,0.100000,0.600000
-0.944444,0.100000,0.102527,0.100000,0.900000
-0.801733,0.102718,0.102494,0.100000,2.000000
-0.746628,0.103586,0.102501,0.100000,2.000000
-0.419020,0.802494,0.856398,0.100000,0.600000
-0.492077,0.115959,0.111711,0.100000,2.000000
-0.845960,0.100000,0.102489,0.100000,3.000000
-0.538266,0.239646,0.223665,1.000000,2.000000
-0.909091,0.100591,0.100527,1.000000,0.900000
-0.602828,0.101682,0.102669,0.100000,2.000000
-0.758139,0.102192,0.102499,0.100000,2.000000
-0.841234,0.101389,0.102491,0.100000,2.000000
-0.725533,0.101831,0.102505,0.100000,2.000000
-0.432919,0.885310,0.873220,1.000000,0.600000
-0.736775,0.101535,0.102502,0.100000,2.000000
-0.703198,0.102159,0.102512,0.100000,2.000000
-0.853535,0.105226,0.108773,0.100000,0.600000
