-0.300000,13.360651
-0.299590,13.363807
-0.299180,13.366961
-0.298770,13.370113
-0.298360,13.373268
-0.297950,13.376421
-0.297540,13.379573
-0.297130,13.382725
-0.296720,13.385874
-0.296310,13.389025
-0.295900,13.392174
-0.295490,13.395322
-0.295080,13.398469
-0.294670,13.401616
-0.294260,13.404763
-0.293850,13.407908
-0.293440,13.411051
-0.293030,13.414195
-0.292620,13.417339
-0.292210,13.420479
-0.291800,13.423621
-0.291390,13.426762
-0.290980,13.429900
-0.290570,13.433038
-0.290160,13.436174
-0.289750,13.439312
-0.289340,13.442447
-0.288930,13.445580
-0.288520,13.448713
-0.288110,13.451845
-0.287700,13.454977
-0.287290,13.458106
-0.286880,13.461235
-0.286470,13.464363
-0.286060,13.467488
-0.285650,13.470613
-0.285240,13.473738
-0.284829,13.476860
-0.284419,13.479983
-0.284009,13.483102
-0.283599,13.486220
-0.283189,13.489339
-0.282779,13.492455
-0.282369,13.495569
-0.281959,13.498684
-0.281549,13.501797
-0.281139,13.504907
-0.280729,13.508016
-0.280319,13.511124
-0.279909,13.514231
-0.279499,13.517337
-0.279089,13.520439
-0.278679,13.523541
-0.278269,13.526644
-0.277859,13.529742
-0.277449,13.532840
-0.277039,13.535936
-0.276629,13.539030
-0.276219,13.542122
-0.275809,13.545214
-0.275399,13.548304
-0.274989,13.551390
-0.274579,13.554478
-0.274169,13.557561
-0.273759,13.560645
-0.273349,13.563725
-0.272939,13.566804
-0.272529,13.569882
-0.272119,13.572958
-0.271709,13.576033
-0.271299,13.579104
-0.270889,13.582175
-0.270479,13.585244
-0.270069,13.588310
-0.269659,13.591375
-0.269249,13.594439
-0.268839,13.597499
-0.268429,13.600557
-0.268019,13.603614
-0.267609,13.606669
-0.267199,13.609724
-0.266789,13.612773
-0.266379,13.615824
-0.265969,13.618872
-0.265559,13.621915
-0.265149,13.624958
-0.264739,13.627998
-0.264329,13.631038
-0.263919,13.634073
-0.263509,13.637108
-0.263099,13.640140
-0.262689,13.643170
-0.262279,13.646198
-0.261869,13.649224
-0.261459,13.652247
-0.261049,13.655269
-0.260639,13.658287
-0.260229,13.661304
-0.259819,13.664319
-0.259409,13.667331
-0.258999,13.670340
-0.258589,13.673347
-0.258179,13.676353
-0.257769,13.679356
-0.257359,13.682356
-0.256949,13.685354
-0.256539,13.688350
-0.256129,13.691342
-0.255719,13.694332
-0.255309,13.697320
-0.254898,13.700307
-0.254488,13.703290
-0.254078,13.706269
-0.253668,13.709249
-0.253258,13.712223
-0.252848,13.715197
-0.252438,13.718166
-0.252028,13.721136
-0.251618,13.724101
-0.251208,13.727062
-0.250798,13.730023
-0.250388,13.732981
-0.249978,13.735935
-0.249568,13.738889
-0.249158,13.741836
-0.248748,13.744782
-0.248338,13.747727
-0.247928,13.750669
-0.247518,13.753608
-0.247108,13.756541
-0.246698,13.759475
-0.246288,13.762404
-0.245878,13.765332
-0.245468,13.768257
-0.245058,13.771180
-0.244648,13.774097
-0.244238,13.777012
-0.243828,13.779925
-0.243418,13.782836
-0.243008,13.785744
-0.242598,13.788646
-0.242188,13.791548
-0.241778,13.794448
-0.241368,13.797342
-0.240958,13.800236
-0.240548,13.803124
-0.240138,13.806010
-0.239728,13.808896
-0.239318,13.811773
-0.238908,13.814651
-0.238498,13.817527
-0.238088,13.820398
-0.237678,13.823264
-0.237268,13.826130
-0.236858,13.828992
-0.236448,13.831851
-0.236038,13.834707
-0.235628,13.837560
-0.235218,13.840408
-0.234808,13.843256
-0.234398,13.846098
-0.233988,13.848937
-0.233578,13.851775
-0.233168,13.854607
-0.232758,13.857437
-0.232348,13.860265
-0.231938,13.863089
-0.231528,13.865908
-0.231118,13.868726
-0.230708,13.871539
-0.230298,13.874351
-0.229888,13.877157
-0.229478,13.879961
-0.229068,13.882761
-0.228658,13.885559
-0.228248,13.888353
-0.227838,13.891143
-0.227428,13.893930
-0.227018,13.896715
-0.226608,13.899494
-0.226198,13.902270
-0.225788,13.905045
-0.225378,13.907814
-0.224967,13.910582
-0.224557,13.913344
-0.224147,13.916104
-0.223737,13.918859
-0.223327,13.921612
-0.222917,13.924362
-0.222507,13.927107
-0.222097,13.929850
-0.221687,13.932588
-0.221277,13.935324
-0.220867,13.938055
-0.220457,13.940784
-0.220047,13.943506
-0.219637,13.946228
-0.219227,13.948945
-0.218817,13.951658
-0.218407,13.954369
-0.217997,13.957075
-0.217587,13.959777
-0.217177,13.962476
-0.216767,13.965172
-0.216357,13.967864
-0.215947,13.970552
-0.215537,13.973237
-0.215127,13.975916
-0.214717,13.978594
-0.214307,13.981268
-0.213897,13.983938
-0.213487,13.986603
-0.213077,13.989265
-0.212667,13.991923
-0.212257,13.994579
-0.211847,13.997230
-0.211437,13.999876
-0.211027,14.002522
-0.210617,14.005161
-0.210207,14.007797
-0.209797,14.010428
-0.209387,14.013057
-0.208977,14.015681
-0.208567,14.018303
-0.208157,14.020919
-0.207747,14.023533
-0.207337,14.026143
-0.206927,14.028747
-0.206517,14.031349
-0.206107,14.033945
-0.205697,14.036542
-0.205287,14.039130
-0.204877,14.041716
-0.204467,14.044298
-0.204057,14.046877
-0.203647,14.049453
-0.203237,14.052023
-0.202827,14.054588
-0.202417,14.057151
-0.202007,14.059710
-0.201597,14.062265
-0.201187,14.064816
-0.200777,14.067364
-0.200367,14.069907
-0.199957,14.072445
-0.199547,14.074981
-0.199137,14.077512
-0.198727,14.080039
-0.198317,14.082561
-0.197907,14.085082
-0.197497,14.087597
-0.197087,14.090108
-0.196677,14.092615
-0.196267,14.095119
-0.195857,14.097618
-0.195447,14.100113
-0.195037,14.102603
-0.194626,14.105090
-0.194216,14.107575
-0.193806,14.110054
-0.193396,14.112530
-0.192986,14.115002
-0.192576,14.117467
-0.192166,14.119930
-0.191756,14.122389
-0.191346,14.124844
-0.190936,14.127295
-0.190526,14.129742
-0.190116,14.132184
-0.189706,14.134623
-0.189296,14.137057
-0.188886,14.139487
-0.188476,14.141913
-0.188066,14.144337
-0.187656,14.146752
-0.187246,14.149169
-0.186836,14.151579
-0.186426,14.153984
-0.186016,14.156386
-0.185606,14.158783
-0.185196,14.161178
-0.184786,14.163567
-0.184376,14.165953
-0.183966,14.168334
-0.183556,14.170710
-0.183146,14.173083
-0.182736,14.175451
-0.182326,14.177815
-0.181916,14.180177
-0.181506,14.182533
-0.181096,14.184886
-0.180686,14.187234
-0.180276,14.189578
-0.179866,14.191917
-0.179456,14.194253
-0.179046,14.196585
-0.178636,14.198912
-0.178226,14.201235
-0.177816,14.203554
-0.177406,14.205870
-0.176996,14.208179
-0.176586,14.210487
-0.176176,14.212789
-0.175766,14.215086
-0.175356,14.217381
-0.174946,14.219670
-0.174536,14.221957
-0.174126,14.224238
-0.173716,14.226515
-0.173306,14.228787
-0.172896,14.231057
-0.172486,14.233324
-0.172076,14.235582
-0.171666,14.237841
-0.171256,14.240091
-0.170846,14.242339
-0.170436,14.244584
-0.170026,14.246823
-0.169616,14.249059
-0.169206,14.251289
-0.168796,14.253519
-0.168386,14.255741
-0.167976,14.257958
-0.167566,14.260173
-0.167156,14.262385
-0.166746,14.264590
-0.166336,14.266793
-0.165926,14.268990
-0.165516,14.271184
-0.165106,14.273375
-0.164695,14.275560
-0.164285,14.277740
-0.163875,14.279918
-0.163465,14.282091
-0.163055,14.284260
-0.162645,14.286423
-0.162235,14.288584
-0.161825,14.290740
-0.161415,14.292892
-0.161005,14.295040
-0.160595,14.297184
-0.160185,14.299323
-0.159775,14.301458
-0.159365,14.303588
-0.158955,14.305717
-0.158545,14.307839
-0.158135,14.309958
-0.157725,14.312071
-0.157315,14.314183
-0.156905,14.316288
-0.156495,14.318391
-0.156085,14.320488
-0.155675,14.322581
-0.155265,14.324671
-0.154855,14.326756
-0.154445,14.328837
-0.154035,14.330914
-0.153625,14.332988
-0.153215,14.335055
-0.152805,14.337120
-0.152395,14.339181
-0.151985,14.341237
-0.151575,14.343288
-0.151165,14.345336
-0.150755,14.347380
-0.150345,14.349421
-0.149935,14.351456
-0.149525,14.353487
-0.149115,14.355515
-0.148705,14.357538
-0.148295,14.359557
-0.147885,14.361573
-0.147475,14.363584
-0.147065,14.365590
-0.146655,14.367593
-0.146245,14.369591
-0.145835,14.371584
-0.145425,14.373576
-0.145015,14.375563
-0.144605,14.377543
-0.144195,14.379521
-0.143785,14.381495
-0.143375,14.383464
-0.142965,14.385431
-0.142555,14.387393
-0.142145,14.389350
-0.141735,14.391303
-0.141325,14.393253
-0.140915,14.395200
-0.140505,14.397140
-0.140095,14.399077
-0.139685,14.401011
-0.139275,14.402940
-0.138865,14.404864
-0.138455,14.406785
-0.138045,14.408704
-0.137635,14.410616
-0.137225,14.412525
-0.136815,14.414431
-0.136405,14.416331
-0.135995,14.418228
-0.135585,14.420120
-0.135175,14.422009
-0.134764,14.423895
-0.134354,14.425775
-0.133944,14.427652
-0.133534,14.429524
-0.133124,14.431395
-0.132714,14.433258
-0.132304,14.435121
-0.131894,14.436975
-0.131484,14.438831
-0.131074,14.440678
-0.130664,14.442523
-0.130254,14.444366
-0.129844,14.446201
-0.129434,14.448034
-0.129024,14.449863
-0.128614,14.451689
-0.128204,14.453510
-0.127794,14.455330
-0.127384,14.457142
-0.126974,14.458952
-0.126564,14.460757
-0.126154,14.462559
-0.125744,14.464356
-0.125334,14.466151
-0.124924,14.467941
-0.124514,14.469726
-0.124104,14.471510
-0.123694,14.473288
-0.123284,14.475062
-0.122874,14.476832
-0.122464,14.478600
-0.122054,14.480363
-0.121644,14.482120
-0.121234,14.483876
-0.120824,14.485626
-0.120414,14.487374
-0.120004,14.489119
-0.119594,14.490858
-0.119184,14.492595
-0.118774,14.494328
-0.118364,14.496055
-0.117954,14.497780
-0.117544,14.499502
-0.117134,14.501218
-0.116724,14.502931
-0.116314,14.504640
-0.115904,14.506347
-0.115494,14.508049
-0.115084,14.509745
-0.114674,14.511441
-0.114264,14.513132
-0.113854,14.514819
-0.113444,14.516502
-0.113034,14.518181
-0.112624,14.519857
-0.112214,14.521529
-0.111804,14.523197
-0.111394,14.524863
-0.110984,14.526524
-0.110574,14.528179
-0.110164,14.529833
-0.109754,14.531483
-0.109344,14.533129
-0.108934,14.534771
-0.108524,14.536411
-0.108114,14.538045
-0.107704,14.539679
-0.107294,14.541305
-0.106884,14.542929
-0.106474,14.544550
-0.106064,14.546167
-0.105654,14.547779
-0.105244,14.549389
-0.104833,14.550995
-0.104423,14.552598
-0.104013,14.554198
-0.103603,14.555792
-0.103193,14.557383
-0.102783,14.558971
-0.102373,14.560555
-0.101963,14.562137
-0.101553,14.563715
-0.101143,14.565289
-0.100733,14.566857
-0.100323,14.568424
-0.099913,14.569988
-0.099503,14.571548
-0.099093,14.573104
-0.098683,14.574657
-0.098273,14.576207
-0.097863,14.577751
-0.097453,14.579295
-0.097043,14.580833
-0.096633,14.582367
-0.096223,14.583899
-0.095813,14.585427
-0.095403,14.586951
-0.094993,14.588474
-0.094583,14.589993
-0.094173,14.591506
-0.093763,14.593017
-0.093353,14.594524
-0.092943,14.596028
-0.092533,14.597530
-0.092123,14.599028
-0.091713,14.600521
-0.091303,14.602012
-0.090893,14.603499
-0.090483,14.604982
-0.090073,14.606464
-0.089663,14.607940
-0.089253,14.609414
-0.088843,14.610886
-0.088433,14.612351
-0.088023,14.613816
-0.087613,14.615277
-0.087203,14.616733
-0.086793,14.618186
-0.086383,14.619637
-0.085973,14.621084
-0.085563,14.622528
-0.085153,14.623970
-0.084743,14.625406
-0.084333,14.626842
-0.083923,14.628270
-0.083513,14.629700
-0.083103,14.631124
-0.082693,14.632545
-0.082283,14.633962
-0.081873,14.635377
-0.081463,14.636788
-0.081053,14.638198
-0.080643,14.639602
-0.080233,14.641004
-0.079823,14.642402
-0.079413,14.643800
-0.079003,14.645190
-0.078593,14.646579
-0.078183,14.647964
-0.077773,14.649346
-0.077363,14.650727
-0.076953,14.652104
-0.076543,14.653478
-0.076133,14.654846
-0.075723,14.656215
-0.075313,14.657578
-0.074902,14.658939
-0.074492,14.660297
-0.074082,14.661653
-0.073672,14.663005
-0.073262,14.664353
-0.072852,14.665699
-0.072442,14.667041
-0.072032,14.668380
-0.071622,14.669715
-0.071212,14.671048
-0.070802,14.672379
-0.070392,14.673707
-0.069982,14.675031
-0.069572,14.676353
-0.069162,14.677670
-0.068752,14.678987
-0.068342,14.680298
-0.067932,14.681608
-0.067522,14.682914
-0.067112,14.684216
-0.066702,14.685517
-0.066292,14.686816
-0.065882,14.688110
-0.065472,14.689402
-0.065062,14.690691
-0.064652,14.691976
-0.064242,14.693258
-0.063832,14.694539
-0.063422,14.695815
-0.063012,14.697090
-0.062602,14.698360
-0.062192,14.699629
-0.061782,14.700895
-0.061372,14.702158
-0.060962,14.703418
-0.060552,14.704674
-0.060142,14.705928
-0.059732,14.707178
-0.059322,14.708428
-0.058912,14.709674
-0.058502,14.710915
-0.058092,14.712156
-0.057682,14.713394
-0.057272,14.714628
-0.056862,14.715860
-0.056452,14.717090
-0.056042,14.718316
-0.055632,14.719539
-0.055222,14.720758
-0.054812,14.721977
-0.054402,14.723192
-0.053992,14.724403
-0.053582,14.725614
-0.053172,14.726821
-0.052762,14.728024
-0.052352,14.729226
-0.051942,14.730425
-0.051532,14.731621
-0.051122,14.732814
-0.050712,14.734006
-0.050302,14.735193
-0.049892,14.736379
-0.049482,14.737563
-0.049072,14.738742
-0.048662,14.739919
-0.048252,14.741095
-0.047842,14.742268
-0.047432,14.743436
-0.047022,14.744603
-0.046612,14.745769
-0.046202,14.746930
-0.045792,14.748091
-0.045382,14.749247
-0.044971,14.750401
-0.044561,14.751553
-0.044151,14.752701
-0.043741,14.753848
-0.043331,14.754992
-0.042921,14.756132
-0.042511,14.757272
-0.042101,14.758410
-0.041691,14.759542
-0.041281,14.760674
-0.040871,14.761802
-0.040461,14.762929
-0.040051,14.764051
-0.039641,14.765174
-0.039231,14.766293
-0.038821,14.767408
-0.038411,14.768522
-0.038001,14.769634
-0.037591,14.770743
-0.037181,14.771850
-0.036771,14.772954
-0.036361,14.774057
-0.035951,14.775155
-0.035541,14.776251
-0.035131,14.777347
-0.034721,14.778438
-0.034311,14.779528
-0.033901,14.780615
-0.033491,14.781700
-0.033081,14.782784
-0.032671,14.783863
-0.032261,14.784942
-0.031851,14.786016
-0.031441,14.787089
-0.031031,14.788159
-0.030621,14.789228
-0.030211,14.790295
-0.029801,14.791359
-0.029391,14.792420
-0.028981,14.793479
-0.028571,14.794538
-0.028161,14.795591
-0.027751,14.796643
-0.027341,14.797692
-0.026931,14.798741
-0.026521,14.799787
-0.026111,14.800830
-0.025701,14.801871
-0.025291,14.802911
-0.024881,14.803946
-0.024471,14.804982
-0.024061,14.806015
-0.023651,14.807043
-0.023241,14.808070
-0.022831,14.809096
-0.022421,14.810121
-0.022011,14.811140
-0.021601,14.812160
-0.021191,14.813175
-0.020781,14.814192
-0.020371,14.815204
-0.019961,14.816214
-0.019551,14.817222
-0.019141,14.818229
-0.018731,14.819231
-0.018321,14.820233
-0.017911,14.821232
-0.017501,14.822231
-0.017091,14.823226
-0.016681,14.824218
-0.016271,14.825210
-0.015861,14.826199
-0.015451,14.827186
-0.015041,14.828172
-0.014630,14.829153
-0.014220,14.830134
-0.013810,14.831114
-0.013400,14.832089
-0.012990,14.833064
-0.012580,14.834037
-0.012170,14.835006
-0.011760,14.835975
-0.011350,14.836942
-0.010940,14.837906
-0.010530,14.838868
-0.010120,14.839828
-0.009710,14.840787
-0.009300,14.841743
-0.008890,14.842698
-0.008480,14.843650
-0.008070,14.844600
-0.007660,14.845549
-0.007250,14.846495
-0.006840,14.847440
-0.006430,14.848382
-0.006020,14.849323
-0.005610,14.850262
-0.005200,14.851198
-0.004790,14.852134
-0.004380,14.852036
-0.003970,14.851321
-0.003560,14.850606
-0.003150,14.849891
-0.002740,14.849174
-0.002330,14.848455
-0.001920,14.847736
-0.001510,14.847017
-0.001100,14.846298
-0.000690,14.845576
-0.000280,14.844855
0.000130,14.844132
0.000540,14.843409
0.000950,14.842683
0.001360,14.841958
0.001770,14.841230
0.002180,14.840504
0.002590,14.839777
0.003000,14.839047
0.003410,14.838317
0.003820,14.837586
0.004230,14.836855
0.004640,14.836122
0.005050,14.835388
0.005460,14.834652
0.005870,14.833919
0.006280,14.833182
0.006690,14.832445
0.007100,14.831706
0.007510,14.830967
0.007920,14.830227
0.008330,14.829488
0.008740,14.828745
0.009150,14.828003
0.009560,14.827260
0.009970,14.826515
0.010380,14.825768
0.010790,14.825023
0.011200,14.824276
0.011610,14.823527
0.012020,14.822778
0.012430,14.822028
0.012840,14.821277
0.013250,14.820525
0.013660,14.819772
0.014070,14.819017
0.014480,14.818263
0.014890,14.817508
0.015301,14.816751
0.015711,14.815993
0.016121,14.815235
0.016531,14.814475
0.016941,14.813714
0.017351,14.812953
0.017761,14.812191
0.018171,14.811427
0.018581,14.810662
0.018991,14.809898
0.019401,14.809133
0.019811,14.808365
0.020221,14.807597
0.020631,14.806828
0.021041,14.806057
0.021451,14.805287
0.021861,14.804514
0.022271,14.803741
0.022681,14.802969
0.023091,14.802193
0.023501,14.801416
0.023911,14.800641
0.024321,14.799862
0.024731,14.799085
0.025141,14.798303
0.025551,14.797523
0.025961,14.796741
0.026371,14.795958
0.026781,14.795173
0.027191,14.794390
0.027601,14.793604
0.028011,14.792816
0.028421,14.792028
0.028831,14.791241
0.029241,14.790449
0.029651,14.789660
0.030061,14.788867
0.030471,14.788074
0.030881,14.787281
0.031291,14.786486
0.031701,14.785689
0.032111,14.784894
0.032521,14.784096
0.032931,14.783297
0.033341,14.782496
0.033751,14.781696
0.034161,14.780893
0.034571,14.780091
0.034981,14.779286
0.035391,14.778482
0.035801,14.777675
0.036211,14.776869
0.036621,14.776061
0.037031,14.775250
0.037441,14.774441
0.037851,14.773631
0.038261,14.772818
0.038671,14.772005
0.039081,14.771190
0.039491,14.770374
0.039901,14.769558
0.040311,14.768741
0.040721,14.767921
0.041131,14.767103
0.041541,14.766282
0.041951,14.765460
0.042361,14.764637
0.042771,14.763813
0.043181,14.762989
0.043591,14.762161
0.044001,14.761335
0.044411,14.760507
0.044821,14.759679
0.045232,14.758849
0.045642,14.758017
0.046052,14.757185
0.046462,14.756351
0.046872,14.755517
0.047282,14.754680
0.047692,14.753843
0.048102,14.753007
0.048512,14.752170
0.048922,14.751329
0.049332,14.750487
0.049742,14.749645
0.050152,14.748802
0.050562,14.747957
0.050972,14.747113
0.051382,14.746266
0.051792,14.745418
0.052202,14.744570
0.052612,14.743720
0.053022,14.742868
0.053432,14.742018
0.053842,14.741166
0.054252,14.740312
0.054662,14.739456
0.055072,14.738599
0.055482,14.737743
0.055892,14.736883
0.056302,14.736024
0.056712,14.735165
0.057122,14.734303
0.057532,14.733438
0.057942,14.732575
0.058352,14.731709
0.058762,14.730844
0.059172,14.729976
0.059582,14.729107
0.059992,14.728238
0.060402,14.727366
0.060812,14.726495
0.061222,14.725622
0.061632,14.724748
0.062042,14.723872
0.062452,14.722996
0.062862,14.722118
0.063272,14.721240
0.063682,14.720361
0.064092,14.719480
0.064502,14.718597
0.064912,14.717713
0.065322,14.716829
0.065732,14.715943
0.066142,14.715057
0.066552,14.714170
0.066962,14.713280
0.067372,14.712390
0.067782,14.711499
0.068192,14.710608
0.068602,14.709713
0.069012,14.708818
0.069422,14.707922
0.069832,14.707026
0.070242,14.706126
0.070652,14.705228
0.071062,14.704327
0.071472,14.703426
0.071882,14.702522
0.072292,14.701619
0.072702,14.700714
0.073112,14.699806
0.073522,14.698899
0.073932,14.697989
0.074342,14.697081
0.074752,14.696170
0.075163,14.695256
0.075573,14.694344
0.075983,14.693429
0.076393,14.692513
0.076803,14.691597
0.077213,14.690679
0.077623,14.689759
0.078033,14.688838
0.078443,14.687916
0.078853,14.686994
0.079263,14.686069
0.079673,14.685143
0.080083,14.684217
0.080493,14.683290
0.080903,14.682362
0.081313,14.681430
0.081723,14.680499
0.082133,14.679566
0.082543,14.678633
0.082953,14.677699
0.083363,14.676763
0.083773,14.675824
0.084183,14.674887
0.084593,14.673946
0.085003,14.673004
0.085413,14.672062
0.085823,14.671120
0.086233,14.670175
0.086643,14.669229
0.087053,14.668283
0.087463,14.667334
0.087873,14.666385
0.088283,14.665434
0.088693,14.664482
0.089103,14.663528
0.089513,14.662575
0.089923,14.661618
0.090333,14.660664
0.090743,14.659704
0.091153,14.658745
0.091563,14.657784
0.091973,14.656823
0.092383,14.655860
0.092793,14.654896
0.093203,14.653929
0.093613,14.652963
0.094023,14.651995
0.094433,14.651025
0.094843,14.650056
0.095253,14.649084
0.095663,14.648109
0.096073,14.647137
0.096483,14.646161
0.096893,14.645185
0.097303,14.644207
0.097713,14.643228
0.098123,14.642246
0.098533,14.641265
0.098943,14.640282
0.099353,14.639299
0.099763,14.638311
0.100173,14.637326
0.100583,14.636337
0.100993,14.635349
0.101403,14.634357
0.101813,14.633367
0.102223,14.632373
0.102633,14.631378
0.103043,14.630384
0.103453,14.629386
0.103863,14.628387
0.104273,14.627388
0.104683,14.626388
0.105094,14.625387
0.105504,14.624383
0.105914,14.623379
0.106324,14.622373
0.106734,14.621365
0.107144,14.620358
0.107554,14.619348
0.107964,14.618337
0.108374,14.617325
0.108784,14.616310
0.109194,14.615296
0.109604,14.614279
0.110014,14.613263
0.110424,14.612245
0.110834,14.611223
0.111244,14.610204
0.111654,14.609180
0.112064,14.608156
0.112474,14.607132
0.112884,14.606105
0.113294,14.605078
0.113704,14.604048
0.114114,14.603019
0.114524,14.601986
0.114934,14.600954
0.115344,14.599918
0.115754,14.598885
0.116164,14.597848
0.116574,14.596808
0.116984,14.595769
0.117394,14.594729
0.117804,14.593687
0.118214,14.592642
0.118624,14.591599
0.119034,14.590553
0.119444,14.589505
0.119854,14.588458
0.120264,14.587407
0.120674,14.586355
0.121084,14.585302
0.121494,14.584249
0.121904,14.583193
0.122314,14.582136
0.122724,14.581079
0.123134,14.580021
0.123544,14.578959
0.123954,14.577898
0.124364,14.576834
0.124774,14.575769
0.125184,14.574705
0.125594,14.573637
0.126004,14.572569
0.126414,14.571499
0.126824,14.570427
0.127234,14.569354
0.127644,14.568282
0.128054,14.567207
0.128464,14.566130
0.128874,14.565051
0.129284,14.563972
0.129694,14.562892
0.130104,14.561810
0.130514,14.560726
0.130924,14.559643
0.131334,14.558557
0.131744,14.557470
0.132154,14.556381
0.132564,14.555291
0.132974,14.554200
0.133384,14.553107
0.133794,14.552012
0.134204,14.550919
0.134614,14.549821
0.135025,14.548723
0.135435,14.547622
0.135845,14.546524
0.136255,14.545421
0.136665,14.544316
0.137075,14.543213
0.137485,14.542108
0.137895,14.540998
0.138305,14.539890
0.138715,14.538780
0.139125,14.537668
0.139535,14.536555
0.139945,14.535440
0.140355,14.534326
0.140765,14.533208
0.141175,14.532089
0.141585,14.530971
0.141995,14.529849
0.142405,14.528727
0.142815,14.527602
0.143225,14.526478
0.143635,14.525350
0.144045,14.524223
0.144455,14.523093
0.144865,14.521962
0.145275,14.520830
0.145685,14.519697
0.146095,14.518561
0.146505,14.517426
0.146915,14.516289
0.147325,14.515149
0.147735,14.514009
0.148145,14.512867
0.148555,14.511724
0.148965,14.510579
0.149375,14.509434
0.149785,14.508286
0.150195,14.507138
0.150605,14.505987
0.151015,14.504836
0.151425,14.503682
0.151835,14.502528
0.152245,14.501374
0.152655,14.500216
0.153065,14.499059
0.153475,14.497898
0.153885,14.496737
0.154295,14.495576
0.154705,14.494410
0.155115,14.493245
0.155525,14.492079
0.155935,14.490911
0.156345,14.489741
0.156755,14.488571
0.157165,14.487397
0.157575,14.486224
0.157985,14.485049
0.158395,14.483871
0.158805,14.482694
0.159215,14.481515
0.159625,14.480335
0.160035,14.479152
0.160445,14.477968
0.160855,14.476784
0.161265,14.475597
0.161675,14.474410
0.162085,14.473221
0.162495,14.472030
0.162905,14.470839
0.163315,14.469646
0.163725,14.468451
0.164135,14.467254
0.164545,14.466057
0.164955,14.464859
0.165366,14.463658
0.165776,14.462457
0.166186,14.461253
0.166596,14.460048
0.167006,14.458841
0.167416,14.457635
0.167826,14.456426
0.168236,14.455215
0.168646,14.454004
0.169056,14.452791
0.169466,14.451577
0.169876,14.450361
0.170286,14.449143
0.170696,14.447926
0.171106,14.446705
0.171516,14.445484
0.171926,14.444261
0.172336,14.443036
0.172746,14.441810
0.173156,14.440583
0.173566,14.439354
0.173976,14.438126
0.174386,14.436893
0.174796,14.435660
0.175206,14.434427
0.175616,14.433190
0.176026,14.431953
0.176436,14.430716
0.176846,14.429474
0.177256,14.428233
0.177666,14.426991
0.178076,14.425746
0.178486,14.424500
0.178896,14.423254
0.179306,14.422005
0.179716,14.420756
0.180126,14.419504
0.180536,14.418251
0.180946,14.416997
0.181356,14.415741
0.181766,14.414483
0.182176,14.413226
0.182586,14.411966
0.182996,14.410705
0.183406,14.409442
0.183816,14.408177
0.184226,14.406913
0.184636,14.405645
0.185046,14.404377
0.185456,14.403108
0.185866,14.401836
0.186276,14.400562
0.186686,14.399288
0.187096,14.398013
0.187506,14.396736
0.187916,14.395457
0.188326,14.394177
0.188736,14.392896
0.189146,14.391614
0.189556,14.390330
0.189966,14.389044
0.190376,14.387757
0.190786,14.386468
0.191196,14.385179
0.191606,14.383887
0.192016,14.382594
0.192426,14.381300
0.192836,14.380004
0.193246,14.378708
0.193656,14.377408
0.194066,14.376108
0.194476,14.374806
0.194886,14.373505
0.195297,14.372201
0.195707,14.370894
0.196117,14.369587
0.196527,14.368279
0.196937,14.366968
0.197347,14.365657
0.197757,14.364345
0.198167,14.363029
0.198577,14.361714
0.198987,14.360397
0.199397,14.359078
0.199807,14.357759
0.200217,14.356437
0.200627,14.355114
0.201037,14.353788
0.201447,14.352464
0.201857,14.351137
0.202267,14.349807
0.202677,14.348478
0.203087,14.347147
0.203497,14.345814
0.203907,14.344478
0.204317,14.343143
0.204727,14.341805
0.205137,14.340466
0.205547,14.339128
0.205957,14.337785
0.206367,14.336441
0.206777,14.335096
0.207187,14.333751
0.207597,14.332404
0.208007,14.331056
0.208417,14.329705
0.208827,14.328354
0.209237,14.326999
0.209647,14.325645
0.210057,14.324289
0.210467,14.322932
0.210877,14.321573
0.211287,14.320213
0.211697,14.318851
0.212107,14.317488
0.212517,14.316123
0.212927,14.314757
0.213337,14.313390
0.213747,14.312021
0.214157,14.310650
0.214567,14.309279
0.214977,14.307905
0.215387,14.306531
0.215797,14.305156
0.216207,14.303778
0.216617,14.302398
0.217027,14.301017
0.217437,14.299636
0.217847,14.298253
0.218257,14.296867
0.218667,14.295482
0.219077,14.294093
0.219487,14.292705
0.219897,14.291314
0.220307,14.289922
0.220717,14.288528
0.221127,14.287134
0.221537,14.285738
0.221947,14.284340
0.222357,14.282942
0.222767,14.281540
0.223177,14.280139
0.223587,14.278735
0.223997,14.277331
0.224407,14.275924
0.224817,14.274516
0.225228,14.273108
0.225638,14.271697
0.226048,14.270286
0.226458,14.268871
0.226868,14.267458
0.227278,14.266040
0.227688,14.264622
0.228098,14.263204
0.228508,14.261783
0.228918,14.260361
0.229328,14.258937
0.229738,14.257512
0.230148,14.256086
0.230558,14.254658
0.230968,14.253229
0.231378,14.251799
0.231788,14.250367
0.232198,14.248933
0.232608,14.247499
0.233018,14.246063
0.233428,14.244625
0.233838,14.243185
0.234248,14.241745
0.234658,14.240302
0.235068,14.238860
0.235478,14.237413
0.235888,14.235969
0.236298,14.234522
0.236708,14.233071
0.237118,14.231621
0.237528,14.230169
0.237938,14.228715
0.238348,14.227260
0.238758,14.225804
0.239168,14.224347
0.239578,14.222888
0.239988,14.221428
0.240398,14.219965
0.240808,14.218503
0.241218,14.217036
0.241628,14.215571
0.242038,14.214104
0.242448,14.212634
0.242858,14.211164
0.243268,14.209692
0.243678,14.208219
0.244088,14.206744
0.244498,14.205269
0.244908,14.203792
0.245318,14.202312
0.245728,14.200831
0.246138,14.199349
0.246548,14.197867
0.246958,14.196382
0.247368,14.194897
0.247778,14.193409
0.248188,14.191920
0.248598,14.190431
0.249008,14.188938
0.249418,14.187445
0.249828,14.185950
0.250238,14.184455
0.250648,14.182958
0.251058,14.181458
0.251468,14.179959
0.251878,14.178458
0.252288,14.176955
0.252698,14.175450
0.253108,14.173944
0.253518,14.172437
0.253928,14.170930
0.254338,14.169418
0.254748,14.167908
0.255159,14.166395
0.255569,14.164883
0.255979,14.163365
0.256389,14.161848
0.256799,14.160331
0.257209,14.158812
0.257619,14.157290
0.258029,14.155768
0.258439,14.154244
0.258849,14.152719
0.259259,14.151193
0.259669,14.149664
0.260079,14.148134
0.260489,14.146604
0.260899,14.145072
0.261309,14.143538
0.261719,14.142003
0.262129,14.140467
0.262539,14.138928
0.262949,14.137390
0.263359,14.135850
0.263769,14.134307
0.264179,14.132765
0.264589,14.131219
0.264999,14.129674
0.265409,14.128125
0.265819,14.126577
0.266229,14.125028
0.266639,14.123476
0.267049,14.121922
0.267459,14.120368
0.267869,14.118813
0.268279,14.117255
0.268689,14.115697
0.269099,14.114138
0.269509,14.112576
0.269919,14.111014
0.270329,14.109449
0.270739,14.107884
0.271149,14.106318
0.271559,14.104751
0.271969,14.103182
0.272379,14.101609
0.272789,14.100038
0.273199,14.098464
0.273609,14.096889
0.274019,14.095312
0.274429,14.093736
0.274839,14.092157
0.275249,14.090576
0.275659,14.088995
0.276069,14.087412
0.276479,14.085828
0.276889,14.084241
0.277299,14.082655
0.277709,14.081066
0.278119,14.079476
0.278529,14.077887
0.278939,14.076292
0.279349,14.074699
0.279759,14.073104
0.280169,14.071507
0.280579,14.069911
0.280989,14.068311
0.281399,14.066710
0.281809,14.065108
0.282219,14.063504
0.282629,14.061900
0.283039,14.060293
0.283449,14.058688
0.283859,14.057078
0.284269,14.055469
0.284679,14.053857
0.285090,14.052244
0.285500,14.050632
0.285910,14.049016
0.286320,14.047399
0.286730,14.045781
0.287140,14.044162
0.287550,14.042542
0.287960,14.040918
0.288370,14.039295
0.288780,14.037672
0.289190,14.036046
0.289600,14.034419
0.290010,14.032790
0.290420,14.031159
0.290830,14.029529
0.291240,14.027898
0.291650,14.026263
0.292060,14.024629
0.292470,14.022991
0.292880,14.021354
0.293290,14.019714
0.293700,14.018074
0.294110,14.016433
0.294520,14.014790
0.294930,14.013145
0.295340,14.011501
0.295750,14.009852
0.296160,14.008205
0.296570,14.006555
0.296980,14.004905
0.297390,14.003252
0.297800,14.001599
0.298210,13.999945
0.298620,13.998288
0.299030,13.996632
0.299440,13.994973
0.299850,13.993314
0.300260,13.991652
0.300670,13.989989
0.301080,13.988325
0.301490,13.986660
0.301900,13.984995
0.302310,13.983326
0.302720,13.981659
0.303130,13.979988
0.303540,13.978317
0.303950,13.976644
0.304360,13.974970
0.304770,13.973294
0.305180,13.971617
0.305590,13.969940
0.306000,13.968262
0.306410,13.966580
0.306820,13.964898
0.307230,13.963217
0.307640,13.961533
0.308050,13.959847
0.308460,13.958159
0.308870,13.956472
0.309280,13.954783
0.309690,13.953093
0.310100,13.951402
0.310510,13.949708
0.310920,13.948014
0.311330,13.946318
0.311740,13.944621
0.312150,13.942924
0.312560,13.941225
0.312970,13.939524
0.313380,13.937822
0.313790,13.936120
0.314200,13.934417
0.314610,13.932711
0.315021,13.931004
0.315431,13.929296
0.315841,13.927587
0.316251,13.925877
0.316661,13.924166
0.317071,13.922453
0.317481,13.920737
0.317891,13.919023
0.318301,13.917308
0.318711,13.915589
0.319121,13.913869
0.319531,13.912149
0.319941,13.910428
0.320351,13.908706
0.320761,13.906981
0.321171,13.905256
0.321581,13.903531
0.321991,13.901804
0.322401,13.900074
0.322811,13.898345
0.323221,13.896613
0.323631,13.894881
0.324041,13.893148
0.324451,13.891413
0.324861,13.889677
0.325271,13.887940
0.325681,13.886201
0.326091,13.884462
0.326501,13.882722
0.326911,13.880980
0.327321,13.879236
0.327731,13.877492
0.328141,13.875748
0.328551,13.874001
0.328961,13.872252
0.329371,13.870503
0.329781,13.868753
0.330191,13.867002
0.330601,13.865249
0.331011,13.863496
0.331421,13.861741
0.331831,13.859984
0.332241,13.858226
0.332651,13.856469
0.333061,13.854710
0.333471,13.852948
0.333881,13.851186
0.334291,13.849424
0.334701,13.847659
0.335111,13.845895
0.335521,13.844128
0.335931,13.842359
0.336341,13.840590
0.336751,13.838820
0.337161,13.837049
0.337571,13.835279
0.337981,13.833504
0.338391,13.831730
0.338801,13.829952
0.339211,13.828176
0.339621,13.826399
0.340031,13.824620
0.340441,13.822838
0.340851,13.821057
0.341261,13.819275
0.341671,13.817491
0.342081,13.815706
0.342491,13.813920
0.342901,13.812134
0.343311,13.810346
0.343721,13.808556
0.344131,13.806766
0.344541,13.804974
0.344951,13.803181
0.345362,13.801388
0.345772,13.799591
0.346182,13.797795
0.346592,13.796000
0.347002,13.794201
0.347412,13.792401
0.347822,13.790600
0.348232,13.788798
0.348642,13.786996
0.349052,13.785192
0.349462,13.783388
0.349872,13.781582
0.350282,13.779776
0.350692,13.777966
0.351102,13.776157
0.351512,13.774346
0.351922,13.772536
0.352332,13.770722
0.352742,13.768910
0.353152,13.767095
0.353562,13.765279
0.353972,13.763463
0.354382,13.761643
0.354792,13.759826
0.355202,13.758005
0.355612,13.756185
0.356022,13.754362
0.356432,13.752538
0.356842,13.750714
0.357252,13.748889
0.357662,13.747063
0.358072,13.745235
0.358482,13.743406
0.358892,13.741577
0.359302,13.739746
0.359712,13.737915
0.360122,13.736082
0.360532,13.734247
0.360942,13.732412
0.361352,13.730577
0.361762,13.728741
0.362172,13.726903
0.362582,13.725063
0.362992,13.723224
0.363402,13.721383
0.363812,13.719541
0.364222,13.717696
0.364632,13.715853
0.365042,13.714007
0.365452,13.712162
0.365862,13.710315
0.366272,13.708466
0.366682,13.706617
0.367092,13.704766
0.367502,13.702915
0.367912,13.701065
0.368322,13.699209
0.368732,13.697357
0.369142,13.695501
0.369552,13.693645
0.369962,13.691788
0.370372,13.689928
0.370782,13.688069
0.371192,13.686210
0.371602,13.684349
0.372012,13.682487
0.372422,13.680623
0.372832,13.678759
0.373242,13.676893
0.373652,13.675029
0.374062,13.673161
0.374472,13.671292
0.374882,13.669424
0.375293,13.667554
0.375703,13.665682
0.376113,13.663811
0.376523,13.661937
0.376933,13.660063
0.377343,13.658188
0.377753,13.656312
0.378163,13.654437
0.378573,13.652559
0.378983,13.650680
0.379393,13.648799
0.379803,13.646920
0.380213,13.645038
0.380623,13.643154
0.381033,13.641273
0.381443,13.639388
0.381853,13.637502
0.382263,13.635615
0.382673,13.633729
0.383083,13.631842
0.383493,13.629951
0.383903,13.628061
0.384313,13.626171
0.384723,13.624279
0.385133,13.622385
0.385543,13.620492
0.385953,13.618597
0.386363,13.616701
0.386773,13.614806
0.387183,13.612908
0.387593,13.611011
0.388003,13.609110
0.388413,13.607211
0.388823,13.605309
0.389233,13.603407
0.389643,13.601505
0.390053,13.599602
0.390463,13.597697
0.390873,13.595793
0.391283,13.593885
0.391693,13.591979
0.392103,13.590070
0.392513,13.588161
0.392923,13.586251
0.393333,13.584341
0.393743,13.582429
0.394153,13.580518
0.394563,13.578605
0.394973,13.576690
0.395383,13.574774
0.395793,13.572859
0.396203,13.570941
0.396613,13.569022
0.397023,13.567105
0.397433,13.565186
0.397843,13.563265
0.398253,13.561345
0.398663,13.559422
0.399073,13.557500
0.399483,13.555576
0.399893,13.553653
0.400303,13.551726
0.400713,13.549801
0.401123,13.547873
0.401533,13.545944
0.401943,13.544017
0.402353,13.542087
0.402763,13.540157
0.403173,13.538225
0.403583,13.536294
0.403993,13.534362
0.404403,13.532428
0.404813,13.530494
0.405224,13.528558
0.405634,13.526622
0.406044,13.524685
0.406454,13.522747
0.406864,13.520809
0.407274,13.518869
0.407684,13.516930
0.408094,13.514989
0.408504,13.513046
0.408914,13.511105
0.409324,13.509162
0.409734,13.507218
0.410144,13.505273
0.410554,13.503327
0.410964,13.501381
0.411374,13.499433
0.411784,13.497486
0.412194,13.495538
0.412604,13.493587
0.413014,13.491637
0.413424,13.489686
0.413834,13.487734
0.414244,13.485783
0.414654,13.483829
0.415064,13.481876
0.415474,13.479919
0.415884,13.477964
0.416294,13.476007
0.416704,13.474051
0.417114,13.472093
0.417524,13.470135
0.417934,13.468176
0.418344,13.466214
0.418754,13.464255
0.419164,13.462294
0.419574,13.460331
0.419984,13.458368
0.420394,13.456404
0.420804,13.454440
0.421214,13.452475
0.421624,13.450507
0.422034,13.448542
0.422444,13.446573
0.422854,13.444606
0.423264,13.442637
0.423674,13.440668
0.424084,13.438698
0.424494,13.436727
0.424904,13.434755
0.425314,13.432783
0.425724,13.430810
0.426134,13.428837
0.426544,13.426862
0.426954,13.424887
0.427364,13.422911
0.427774,13.420934
0.428184,13.418959
0.428594,13.416981
0.429004,13.415003
0.429414,13.413022
0.429824,13.411041
0.430234,13.409061
0.430644,13.407080
0.431054,13.405099
0.431464,13.403115
0.431874,13.401134
0.432284,13.399149
0.432694,13.397164
0.433104,13.395180
0.433514,13.393194
0.433924,13.391207
0.434334,13.389219
0.434744,13.387232
0.435155,13.385244
0.435565,13.383254
0.435975,13.381264
0.436385,13.379274
0.436795,13.377283
0.437205,13.375292
0.437615,13.373299
0.438025,13.371305
0.438435,13.369312
0.438845,13.367317
0.439255,13.365323
0.439665,13.363327
0.440075,13.361331
0.440485,13.359335
0.440895,13.357338
0.441305,13.355340
0.441715,13.353342
0.442125,13.351342
0.442535,13.349341
0.442945,13.347342
0.443355,13.345342
0.443765,13.343339
0.444175,13.341337
0.444585,13.339334
0.444995,13.337331
0.445405,13.335327
0.445815,13.333323
0.446225,13.331317
0.446635,13.329312
0.447045,13.327306
0.447455,13.325298
0.447865,13.323292
0.448275,13.321282
0.448685,13.319276
0.449095,13.317265
0.449505,13.315256
0.449915,13.313246
0.450325,13.311235
0.450735,13.309223
0.451145,13.307211
0.451555,13.305200
0.451965,13.303185
0.452375,13.301172
0.452785,13.299158
0.453195,13.297142
0.453605,13.295128
0.454015,13.293113
0.454425,13.291096
0.454835,13.289079
0.455245,13.287063
0.455655,13.285044
0.456065,13.283025
0.456475,13.281006
0.456885,13.278987
0.457295,13.276968
0.457705,13.274947
0.458115,13.272923
0.458525,13.270904
0.458935,13.268882
0.459345,13.266859
0.459755,13.264835
0.460165,13.262813
0.460575,13.260788
0.460985,13.258763
0.461395,13.256738
0.461805,13.254712
0.462215,13.252686
0.462625,13.250659
0.463035,13.248631
0.463445,13.246604
0.463855,13.244576
0.464265,13.242547
0.464675,13.240519
0.465086,13.238489
0.465496,13.236459
0.465906,13.234427
0.466316,13.232397
0.466726,13.230366
0.467136,13.228333
0.467546,13.226301
0.467956,13.224270
0.468366,13.222235
0.468776,13.220201
0.469186,13.218167
0.469596,13.216132
0.470006,13.214097
0.470416,13.212062
0.470826,13.210025
0.471236,13.207989
0.471646,13.205951
0.472056,13.203914
0.472466,13.201876
0.472876,13.199839
0.473286,13.197800
0.473696,13.195761
0.474106,13.193722
0.474516,13.191681
0.474926,13.189640
0.475336,13.187598
0.475746,13.185559
0.476156,13.183516
0.476566,13.181475
0.476976,13.179432
0.477386,13.177389
0.477796,13.175344
0.478206,13.173302
0.478616,13.171256
0.479026,13.169212
0.479436,13.167168
0.479846,13.165122
0.480256,13.163075
0.480666,13.161031
0.481076,13.158982
0.481486,13.156936
0.481896,13.154888
0.482306,13.152842
0.482716,13.150793
0.483126,13.148744
0.483536,13.146695
0.483946,13.144646
0.484356,13.142595
0.484766,13.140547
0.485176,13.138495
0.485586,13.136445
0.485996,13.134393
0.486406,13.132342
0.486816,13.130290
0.487226,13.128238
0.487636,13.126184
0.488046,13.124132
0.488456,13.122079
0.488866,13.120025
0.489276,13.117970
0.489686,13.115915
0.490096,13.113861
0.490506,13.111807
0.490916,13.109751
0.491326,13.107696
0.491736,13.105639
0.492146,13.103582
0.492556,13.101525
0.492966,13.099468
0.493376,13.097410
0.493786,13.095352
0.494196,13.093294
0.494606,13.091235
0.495017,13.089178
0.495427,13.087117
0.495837,13.085058
0.496247,13.082999
0.496657,13.080938
0.497067,13.078878
0.497477,13.076818
0.497887,13.074758
0.498297,13.072695
0.498707,13.070634
0.499117,13.068571
0.499527,13.066509
0.499937,13.064447
0.500347,13.062385
0.500757,13.060323
0.501167,13.058258
0.501577,13.056195
0.501987,13.054131
0.502397,13.052067
0.502807,13.050003
0.503217,13.047938
0.503627,13.045872
0.504037,13.043806
0.504447,13.041741
0.504857,13.039674
0.505267,13.037609
0.505677,13.035542
0.506087,13.033476
0.506497,13.031409
0.506907,13.029341
0.507317,13.027274
0.507727,13.025207
0.508137,13.023138
0.508547,13.021070
0.508957,13.019000
0.509367,13.016932
0.509777,13.014863
0.510187,13.012794
0.510597,13.010725
0.511007,13.008656
0.511417,13.006584
0.511827,13.004517
0.512237,13.002443
0.512647,13.000373
0.513057,12.998302
0.513467,12.996232
0.513877,12.994160
0.514287,12.992088
0.514697,12.990017
0.515107,12.987946
0.515517,12.985871
0.515927,12.983800
0.516337,12.981727
0.516747,12.979653
0.517157,12.977581
0.517567,12.975507
0.517977,12.973434
0.518387,12.971360
0.518797,12.969285
0.519207,12.967211
0.519617,12.965138
0.520027,12.963064
0.520437,12.960989
0.520847,12.958912
0.521257,12.956839
0.521667,12.954762
0.522077,12.952687
0.522487,12.950612
0.522897,12.948535
0.523307,12.946460
0.523717,12.944383
0.524127,12.942307
0.524537,12.940229
0.524947,12.938153
0.525358,12.936077
0.525768,12.934000
0.526178,12.931922
0.526588,12.929846
0.526998,12.927767
0.527408,12.925689
0.527818,12.923611
0.528228,12.921532
0.528638,12.919455
0.529048,12.917377
0.529458,12.915298
0.529868,12.913219
0.530278,12.911140
0.530688,12.909061
0.531098,12.906982
0.531508,12.904901
0.531918,12.902823
0.532328,12.900743
0.532738,12.898663
0.533148,12.896583
0.533558,12.894503
0.533968,12.892424
0.534378,12.890342
0.534788,12.888262
0.535198,12.886182
0.535608,12.884100
0.536018,12.882021
0.536428,12.879940
0.536838,12.877859
0.537248,12.875776
0.537658,12.873695
0.538068,12.871613
0.538478,12.869533
0.538888,12.867451
0.539298,12.865370
0.539708,12.863287
0.540118,12.861205
0.540528,12.859123
0.540938,12.857040
0.541348,12.854959
0.541758,12.852876
0.542168,12.850793
0.542578,12.848711
0.542988,12.846629
0.543398,12.844545
0.543808,12.842463
0.544218,12.840379
0.544628,12.838297
0.545038,12.836213
0.545448,12.834130
0.545858,12.832048
0.546268,12.829964
0.546678,12.827880
0.547088,12.825795
0.547498,12.823714
0.547908,12.821630
0.548318,12.819546
0.548728,12.817461
0.549138,12.815379
0.549548,12.813293
0.549958,12.811210
0.550368,12.809126
0.550778,12.807042
0.551188,12.804957
0.551598,12.802873
0.552008,12.800789
0.552418,12.798705
0.552828,12.796619
0.553238,12.794536
0.553648,12.792452
0.554058,12.790368
0.554468,12.788283
0.554878,12.786200
0.555289,12.784112
0.555699,12.782027
0.556109,12.779943
0.556519,12.777858
0.556929,12.775773
0.557339,12.773687
0.557749,12.771604
0.558159,12.769519
0.558569,12.767433
0.558979,12.765347
0.559389,12.763263
0.559799,12.761179
0.560209,12.759093
0.560619,12.757008
0.561029,12.754923
0.561439,12.752837
0.561849,12.750752
0.562259,12.748668
0.562669,12.746583
0.563079,12.744497
0.563489,12.742411
0.563899,12.740326
0.564309,12.738242
0.564719,12.736156
0.565129,12.734071
0.565539,12.731985
0.565949,12.729900
0.566359,12.727816
0.566769,12.725730
0.567179,12.723645
0.567589,12.721560
0.567999,12.719473
0.568409,12.717389
0.568819,12.715302
0.569229,12.713218
0.569639,12.711133
0.570049,12.709046
0.570459,12.706962
0.570869,12.704878
0.571279,12.702792
0.571689,12.700708
0.572099,12.698623
0.572509,12.696537
0.572919,12.694452
0.573329,12.692368
0.573739,12.690283
0.574149,12.688196
0.574559,12.686112
0.574969,12.684027
0.575379,12.681943
0.575789,12.679858
0.576199,12.677773
0.576609,12.675688
0.577019,12.673603
0.577429,12.671520
0.577839,12.669435
0.578249,12.667349
0.578659,12.665265
0.579069,12.663180
0.579479,12.661096
0.579889,12.659013
0.580299,12.656927
0.580709,12.654844
0.581119,12.652760
0.581529,12.650675
0.581939,12.648591
0.582349,12.646506
0.582759,12.644423
0.583169,12.642338
0.583579,12.640254
0.583989,12.638172
0.584399,12.636088
0.584809,12.634004
0.585220,12.631921
0.585630,12.629836
0.586040,12.627754
0.586450,12.625671
0.586860,12.623586
0.587270,12.621504
0.587680,12.619419
0.588090,12.617337
0.588500,12.615253
0.588910,12.613171
0.589320,12.611089
0.589730,12.609007
0.590140,12.606923
0.590550,12.604841
0.590960,12.602757
0.591370,12.600677
0.591780,12.598594
0.592190,12.596511
0.592600,12.594429
0.593010,12.592347
0.593420,12.590265
0.593830,12.588184
0.594240,12.586101
0.594650,12.584021
0.595060,12.581940
0.595470,12.579857
0.595880,12.577777
0.596290,12.575696
0.596700,12.573614
0.597110,12.571532
0.597520,12.569451
0.597930,12.567372
0.598340,12.565290
0.598750,12.563210
0.599160,12.561130
0.599570,12.559050
0.599980,12.556969
0.600390,12.554890
0.600800,12.552811
0.601210,12.550729
0.601620,12.548651
0.602030,12.546570
0.602440,12.544491
0.602850,12.542412
0.603260,12.540333
0.603670,12.538254
0.604080,12.536174
0.604490,12.534097
0.604900,12.532017
0.605310,12.529939
0.605720,12.527860
0.606130,12.525783
0.606540,12.523704
0.606950,12.521626
0.607360,12.519549
0.607770,12.517471
0.608180,12.515393
0.608590,12.513316
0.609000,12.511238
0.609410,12.509162
0.609820,12.507086
0.610230,12.505008
0.610640,12.502932
0.611050,12.500854
0.611460,12.498779
0.611870,12.496702
0.612280,12.494625
0.612690,12.492549
0.613100,12.490475
0.613510,12.488399
0.613920,12.486324
0.614330,12.484247
0.614740,12.482174
0.615151,12.480099
0.615561,12.478024
0.615971,12.475949
0.616381,12.473875
0.616791,12.471800
0.617201,12.469728
0.617611,12.467653
0.618021,12.465579
0.618431,12.463506
0.618841,12.461431
0.619251,12.459359
0.619661,12.457285
0.620071,12.455213
0.620481,12.453139
0.620891,12.451069
0.621301,12.448996
0.621711,12.446924
0.622121,12.444852
0.622531,12.442780
0.622941,12.440709
0.623351,12.438636
0.623761,12.436565
0.624171,12.434495
0.624581,12.432425
0.624991,12.430354
0.625401,12.428282
0.625811,12.426213
0.626221,12.424142
0.626631,12.422072
0.627041,12.420004
0.627451,12.417933
0.627861,12.415865
0.628271,12.413795
0.628681,12.411727
0.629091,12.409658
0.629501,12.407589
0.629911,12.405520
0.630321,12.403453
0.630731,12.401385
0.631141,12.399318
0.631551,12.397251
0.631961,12.395183
0.632371,12.393116
0.632781,12.391050
0.633191,12.388984
0.633601,12.386916
0.634011,12.384851
0.634421,12.382785
0.634831,12.380719
0.635241,12.378654
0.635651,12.376589
0.636061,12.374524
0.636471,12.372458
0.636881,12.370395
0.637291,12.368329
0.637701,12.366265
0.638111,12.364202
0.638521,12.362139
0.638931,12.360075
0.639341,12.358011
0.639751,12.355949
0.640161,12.353887
0.640571,12.351823
0.640981,12.349761
0.641391,12.347699
0.641801,12.345638
0.642211,12.343576
0.642621,12.341515
0.643031,12.339453
0.643441,12.337393
0.643851,12.335331
0.644261,12.333271
0.644671,12.331211
0.645082,12.329151
0.645492,12.327092
0.645902,12.325032
0.646312,12.322972
0.646722,12.320914
0.647132,12.318855
0.647542,12.316796
0.647952,12.314739
0.648362,12.312682
0.648772,12.310623
0.649182,12.308566
0.649592,12.306510
0.650002,12.304451
0.650412,12.302397
0.650822,12.300340
0.651232,12.298284
0.651642,12.296227
0.652052,12.294172
0.652462,12.292116
0.652872,12.290060
0.653282,12.288007
0.653692,12.285952
0.654102,12.283897
0.654512,12.281843
0.654922,12.279790
0.655332,12.277736
0.655742,12.275682
0.656152,12.273630
0.656562,12.271577
0.656972,12.269524
0.657382,12.267473
0.657792,12.265422
0.658202,12.263370
0.658612,12.261318
0.659022,12.259267
0.659432,12.257216
0.659842,12.255166
0.660252,12.253116
0.660662,12.251065
0.661072,12.249015
0.661482,12.246966
0.661892,12.244917
0.662302,12.242868
0.662712,12.240819
0.663122,12.238770
0.663532,12.236723
0.663942,12.234675
0.664352,12.232629
0.664762,12.230581
0.665172,12.228536
0.665582,12.226488
0.665992,12.224442
0.666402,12.222397
0.666812,12.220350
0.667222,12.218305
0.667632,12.216260
0.668042,12.214215
0.668452,12.212172
0.668862,12.210126
0.669272,12.208082
0.669682,12.206038
0.670092,12.203996
0.670502,12.201952
0.670912,12.199910
0.671322,12.197867
0.671732,12.195826
0.672142,12.193784
0.672552,12.191742
0.672962,12.189700
0.673372,12.187661
0.673782,12.185619
0.674192,12.183580
0.674602,12.181540
0.675013,12.179500
0.675423,12.177461
0.675833,12.175422
0.676243,12.173383
0.676653,12.171344
0.677063,12.169307
0.677473,12.167268
0.677883,12.165231
0.678293,12.163194
0.678703,12.161157
0.679113,12.159120
0.679523,12.157084
0.679933,12.155047
0.680343,12.153012
0.680753,12.150977
0.681163,12.148942
0.681573,12.146908
0.681983,12.144875
0.682393,12.142840
0.682803,12.140807
0.683213,12.138774
0.683623,12.136741
0.684033,12.134708
0.684443,12.132675
0.684853,12.130644
0.685263,12.128612
0.685673,12.126580
0.686083,12.124550
0.686493,12.122519
0.686903,12.120488
0.687313,12.118459
0.687723,12.116429
0.688133,12.114399
0.688543,12.112370
0.688953,12.110341
0.689363,12.108314
0.689773,12.106286
0.690183,12.104258
0.690593,12.102231
0.691003,12.100204
0.691413,12.098178
0.691823,12.096150
0.692233,12.094125
0.692643,12.092099
0.693053,12.090075
0.693463,12.088050
0.693873,12.086024
0.694283,12.084001
0.694693,12.081977
0.695103,12.079952
0.695513,12.077929
0.695923,12.075907
0.696333,12.073884
0.696743,12.071862
0.697153,12.069840
0.697563,12.067821
0.697973,12.065798
0.698383,12.063777
0.698793,12.061757
0.699203,12.059737
0.699613,12.057717
0.700023,12.055698
0.700433,12.053679
0.700843,12.051661
0.701253,12.049643
0.701663,12.047625
0.702073,12.045608
0.702483,12.043591
0.702893,12.041573
0.703303,12.039557
0.703713,12.037541
0.704123,12.035525
0.704533,12.033510
0.704943,12.031495
0.705354,12.029481
0.705764,12.027468
0.706174,12.025453
0.706584,12.023440
0.706994,12.021425
0.707404,12.019414
0.707814,12.017401
0.708224,12.015388
0.708634,12.013377
0.709044,12.011366
0.709454,12.009355
0.709864,12.007345
0.710274,12.005334
0.710684,12.003325
0.711094,12.001316
0.711504,11.999307
0.711914,11.997299
0.712324,11.995290
0.712734,11.993283
0.713144,11.991275
0.713554,11.989267
0.713964,11.987261
0.714374,11.985254
0.714784,11.983249
0.715194,11.981242
0.715604,11.979238
0.716014,11.977233
0.716424,11.975228
0.716834,11.973224
0.717244,11.971221
0.717654,11.969218
0.718064,11.967215
0.718474,11.965213
0.718884,11.963211
0.719294,11.961208
0.719704,11.959207
0.720114,11.957207
0.720524,11.955206
0.720934,11.953205
0.721344,11.951206
0.721754,11.949206
0.722164,11.947207
0.722574,11.945209
0.722984,11.943211
0.723394,11.941214
0.723804,11.939216
0.724214,11.937219
0.724624,11.935223
0.725034,11.933226
0.725444,11.931231
0.725854,11.929235
0.726264,11.927240
0.726674,11.925246
0.727084,11.923251
0.727494,11.921259
0.727904,11.919265
0.728314,11.917273
0.728724,11.915280
0.729134,11.913287
0.729544,11.911296
0.729954,11.909305
0.730364,11.907313
0.730774,11.905323
0.731184,11.903333
0.731594,11.901343
0.732004,11.899355
0.732414,11.897366
0.732824,11.895376
0.733234,11.893390
0.733644,11.891402
0.734054,11.889414
0.734464,11.887427
0.734874,11.885441
0.735285,11.883455
0.735695,11.881469
0.736105,11.879485
0.736515,11.877501
0.736925,11.875516
0.737335,11.873533
0.737745,11.871550
0.738155,11.869567
0.738565,11.867583
0.738975,11.865602
0.739385,11.863620
0.739795,11.861638
0.740205,11.859658
0.740615,11.857678
0.741025,11.855697
0.741435,11.853718
0.741845,11.851738
0.742255,11.849761
0.742665,11.847781
0.743075,11.845803
0.743485,11.843826
0.743895,11.841849
0.744305,11.839874
0.744715,11.837898
0.745125,11.835921
0.745535,11.833946
0.745945,11.831971
0.746355,11.829997
0.746765,11.828023
0.747175,11.826050
0.747585,11.824076
0.747995,11.822104
0.748405,11.820132
0.748815,11.818160
0.749225,11.816189
0.749635,11.814218
0.750045,11.812247
0.750455,11.810277
0.750865,11.808308
0.751275,11.806337
0.751685,11.804371
0.752095,11.802403
0.752505,11.800434
0.752915,11.798468
0.753325,11.796500
0.753735,11.794534
0.754145,11.792568
0.754555,11.790602
0.754965,11.788637
0.755375,11.786673
0.755785,11.784709
0.756195,11.782744
0.756605,11.780782
0.757015,11.778819
0.757425,11.776856
0.757835,11.774895
0.758245,11.772934
0.758655,11.770972
0.759065,11.769011
0.759475,11.767052
0.759885,11.765092
0.760295,11.763133
0.760705,11.761174
0.761115,11.759216
0.761525,11.757258
0.761935,11.755301
0.762345,11.753344
0.762755,11.751388
0.763165,11.749432
0.763575,11.747478
0.763985,11.745522
0.764395,11.743567
0.764805,11.741612
0.765216,11.739660
0.765626,11.737706
0.766036,11.735752
0.766446,11.733801
0.766856,11.731851
0.767266,11.729898
0.767676,11.727947
0.768086,11.725997
0.768496,11.724048
0.768906,11.722098
0.769316,11.720150
0.769726,11.718201
0.770136,11.716253
0.770546,11.714306
0.770956,11.712359
0.771366,11.710412
0.771776,11.708466
0.772186,11.706521
0.772596,11.704576
0.773006,11.702631
0.773416,11.700686
0.773826,11.698744
0.774236,11.696801
0.774646,11.694858
0.775056,11.692916
0.775466,11.690973
0.775876,11.689033
0.776286,11.687092
0.776696,11.685151
0.777106,11.683211
0.777516,11.681271
0.777926,11.679334
0.778336,11.677396
0.778746,11.675457
0.779156,11.673520
0.779566,11.671583
0.779976,11.669646
0.780386,11.667711
0.780796,11.665775
0.781206,11.663841
0.781616,11.661906
0.782026,11.659973
0.782436,11.658039
0.782846,11.656105
0.783256,11.654173
0.783666,11.652242
0.784076,11.650310
0.784486,11.648378
0.784896,11.646449
0.785306,11.644520
0.785716,11.642590
0.786126,11.640661
0.786536,11.638732
0.786946,11.636805
0.787356,11.634876
0.787766,11.632951
0.788176,11.631023
0.788586,11.629098
0.788996,11.627172
0.789406,11.625248
0.789816,11.623324
0.790226,11.621400
0.790636,11.619476
0.791046,11.617554
0.791456,11.615631
0.791866,11.613709
0.792276,11.611789
0.792686,11.609867
0.793096,11.607946
0.793506,11.606027
0.793916,11.604107
0.794326,11.602189
0.794736,11.600271
0.795147,11.598353
0.795557,11.596436
0.795967,11.594520
0.796377,11.592603
0.796787,11.590689
0.797197,11.588773
0.797607,11.586857
0.798017,11.584943
0.798427,11.583031
0.798837,11.581117
0.799247,11.579205
0.799657,11.577293
0.800067,11.575381
0.800477,11.573470
0.800887,11.571559
0.801297,11.569650
0.801707,11.567740
0.802117,11.565832
0.802527,11.563924
0.802937,11.562016
0.803347,11.560108
0.803757,11.558202
0.804167,11.556295
0.804577,11.554390
0.804987,11.552485
0.805397,11.550580
0.805807,11.548676
0.806217,11.546773
0.806627,11.544869
0.807037,11.542967
0.807447,11.541066
0.807857,11.539164
0.808267,11.537264
0.808677,11.535362
0.809087,11.533463
0.809497,11.531564
0.809907,11.529665
0.810317,11.527766
0.810727,11.525869
0.811137,11.523972
0.811547,11.522075
0.811957,11.520180
0.812367,11.518284
0.812777,11.516389
0.813187,11.514495
0.813597,11.512601
0.814007,11.510708
0.814417,11.508815
0.814827,11.506923
0.815237,11.505033
0.815647,11.503141
0.816057,11.501251
0.816467,11.499360
0.816877,11.497471
0.817287,11.495582
0.817697,11.493694
0.818107,11.491806
0.818517,11.489919
0.818927,11.488031
0.819337,11.486147
0.819747,11.484260
0.820157,11.482375
0.820567,11.480491
0.820977,11.478606
0.821387,11.476724
0.821797,11.474841
0.822207,11.472959
0.822617,11.471078
0.823027,11.469196
0.823437,11.467316
0.823847,11.465436
0.824257,11.463557
0.824667,11.461678
0.825078,11.459800
0.825488,11.457923
0.825898,11.456044
0.826308,11.454167
0.826718,11.452292
0.827128,11.450418
0.827538,11.448543
0.827948,11.446669
0.828358,11.444794
0.828768,11.442922
0.829178,11.441050
0.829588,11.439176
0.829998,11.437305
0.830408,11.435434
0.830818,11.433564
0.831228,11.431695
0.831638,11.429826
0.832048,11.427958
0.832458,11.426089
0.832868,11.424222
0.833278,11.422355
0.833688,11.420488
0.834098,11.418623
0.834508,11.416759
0.834918,11.414894
0.835328,11.413031
0.835738,11.411166
0.836148,11.409305
0.836558,11.407442
0.836968,11.405581
0.837378,11.403720
0.837788,11.401859
0.838198,11.400000
0.838608,11.398140
0.839018,11.396281
0.839428,11.394423
0.839838,11.392566
0.840248,11.390710
0.840658,11.388853
0.841068,11.386998
0.841478,11.385142
0.841888,11.383287
0.842298,11.381434
0.842708,11.379581
0.843118,11.377728
0.843528,11.375876
0.843938,11.374024
0.844348,11.372173
0.844758,11.370323
0.845168,11.368475
0.845578,11.366625
0.845988,11.364777
0.846398,11.362929
0.846808,11.361081
0.847218,11.359234
0.847628,11.357388
0.848038,11.355544
0.848448,11.353699
0.848858,11.351853
0.849268,11.350011
0.849678,11.348167
0.850088,11.346325
0.850498,11.344483
0.850908,11.342641
0.851318,11.340801
0.851728,11.338962
0.852138,11.337123
0.852548,11.335283
0.852958,11.333446
0.853368,11.331608
0.853778,11.329771
0.854188,11.327934
0.854598,11.326098
0.855009,11.324264
0.855419,11.322429
0.855829,11.320595
0.856239,11.318763
0.856649,11.316930
0.857059,11.315098
0.857469,11.313266
0.857879,11.311436
0.858289,11.309607
0.858699,11.307776
0.859109,11.305947
0.859519,11.304119
0.859929,11.302291
0.860339,11.300465
0.860749,11.298637
0.861159,11.296812
0.861569,11.294987
0.861979,11.293163
0.862389,11.291339
0.862799,11.289515
0.863209,11.287694
0.863619,11.285872
0.864029,11.284050
0.864439,11.282229
0.864849,11.280410
0.865259,11.278590
0.865669,11.276772
0.866079,11.274954
0.866489,11.273136
0.866899,11.271318
0.867309,11.269503
0.867719,11.267686
0.868129,11.265871
0.868539,11.264056
0.868949,11.262243
0.869359,11.260430
0.869769,11.258617
0.870179,11.256806
0.870589,11.254995
0.870999,11.253184
0.871409,11.251375
0.871819,11.249565
0.872229,11.247756
0.872639,11.245949
0.873049,11.244143
0.873459,11.242334
0.873869,11.240529
0.874279,11.238725
0.874689,11.236918
0.875099,11.235115
0.875509,11.233312
0.875919,11.231509
0.876329,11.229707
0.876739,11.227905
0.877149,11.226105
0.877559,11.224304
0.877969,11.222506
0.878379,11.220706
0.878789,11.218908
0.879199,11.217110
0.879609,11.215313
0.880019,11.213518
0.880429,11.211722
0.880839,11.209927
0.881249,11.208133
0.881659,11.206340
0.882069,11.204547
0.882479,11.202754
0.882889,11.200963
0.883299,11.199172
0.883709,11.197382
0.884119,11.195591
0.884529,11.193803
0.884939,11.192016
0.885350,11.190228
0.885760,11.188440
0.886170,11.186654
0.886580,11.184869
0.886990,11.183084
0.887400,11.181300
0.887810,11.179517
0.888220,11.177733
0.888630,11.175951
0.889040,11.174170
0.889450,11.172388
0.889860,11.170609
0.890270,11.168829
0.890680,11.167050
0.891090,11.165272
0.891500,11.163495
0.891910,11.161718
0.892320,11.159942
0.892730,11.158166
0.893140,11.156391
0.893550,11.154617
0.893960,11.152844
0.894370,11.151072
0.894780,11.149300
0.895190,11.147529
0.895600,11.145758
0.896010,11.143988
0.896420,11.142219
0.896830,11.140450
0.897240,11.138681
0.897650,11.136913
0.898060,11.135147
0.898470,11.133382
0.898880,11.131617
0.899290,11.129852
0.899700,11.128089
0.900110,11.126326
0.900520,11.124562
0.900930,11.122801
0.901340,11.121040
0.901750,11.119279
0.902160,11.117520
0.902570,11.115761
0.902980,11.114002
0.903390,11.112246
0.903800,11.110489
0.904210,11.108732
0.904620,11.106976
0.905030,11.105222
0.905440,11.103468
0.905850,11.101714
0.906260,11.099962
0.906670,11.098209
0.907080,11.096459
0.907490,11.094708
0.907900,11.092958
0.908310,11.091209
0.908720,11.089460
0.909130,11.087712
0.909540,11.085966
0.909950,11.084219
0.910360,11.082474
0.910770,11.080729
0.911180,11.078984
0.911590,11.077241
0.912000,11.075499
0.912410,11.073756
0.912820,11.072015
0.913230,11.070274
0.913640,11.068534
0.914050,11.066795
0.914460,11.065057
0.914870,11.063318
0.915281,11.061582
0.915691,11.059846
0.916101,11.058109
0.916511,11.056374
0.916921,11.054641
0.917331,11.052907
0.917741,11.051174
0.918151,11.049441
0.918561,11.047710
0.918971,11.045979
0.919381,11.044250
0.919791,11.042521
0.920201,11.040792
0.920611,11.039064
0.921021,11.037337
0.921431,11.035611
0.921841,11.033885
0.922251,11.032160
0.922661,11.030437
0.923071,11.028713
0.923481,11.026989
0.923891,11.025268
0.924301,11.023546
0.924711,11.021828
0.925121,11.020107
0.925531,11.018388
0.925941,11.016668
0.926351,11.014952
0.926761,11.013235
0.927171,11.011518
0.927581,11.009803
0.927991,11.008088
0.928401,11.006374
0.928811,11.004662
0.929221,11.002949
0.929631,11.001237
0.930041,10.999526
0.930451,10.997815
0.930861,10.996105
0.931271,10.994398
0.931681,10.992689
0.932091,10.990982
0.932501,10.989275
0.932911,10.987570
0.933321,10.985864
0.933731,10.984159
0.934141,10.982456
0.934551,10.980753
0.934961,10.979052
0.935371,10.977350
0.935781,10.975649
0.936191,10.973949
0.936601,10.972250
0.937011,10.970551
0.937421,10.968854
0.937831,10.967157
0.938241,10.965460
0.938651,10.963766
0.939061,10.962071
0.939471,10.960376
0.939881,10.958684
0.940291,10.956991
0.940701,10.955299
0.941111,10.953609
0.941521,10.951918
0.941931,10.950229
0.942341,10.948542
0.942751,10.946853
0.943161,10.945167
0.943571,10.943480
0.943981,10.941793
0.944391,10.940107
0.944801,10.938425
0.945212,10.936741
0.945622,10.935059
0.946032,10.933376
0.946442,10.931695
0.946852,10.930015
0.947262,10.928335
0.947672,10.926656
0.948082,10.924978
0.948492,10.923301
0.948902,10.921624
0.949312,10.919949
0.949722,10.918275
0.950132,10.916599
0.950542,10.914927
0.950952,10.913253
0.951362,10.911581
0.951772,10.909910
0.952182,10.908239
0.952592,10.906569
0.953002,10.904901
0.953412,10.903233
0.953822,10.901565
0.954232,10.899899
0.954642,10.898232
0.955052,10.896567
0.955462,10.894902
0.955872,10.893239
0.956282,10.891577
0.956692,10.889915
0.957102,10.888253
0.957512,10.886592
0.957922,10.884933
0.958332,10.883274
0.958742,10.881617
0.959152,10.879959
0.959562,10.878302
0.959972,10.876646
0.960382,10.874991
0.960792,10.873336
0.961202,10.871684
0.961612,10.870031
0.962022,10.868379
0.962432,10.866728
0.962842,10.865077
0.963252,10.863426
0.963662,10.861778
0.964072,10.860130
0.964482,10.858483
0.964892,10.856837
0.965302,10.855191
0.965712,10.853546
0.966122,10.851902
0.966532,10.850259
0.966942,10.848616
0.967352,10.846974
0.967762,10.845333
0.968172,10.843693
0.968582,10.842052
0.968992,10.840415
0.969402,10.838777
0.969812,10.837140
0.970222,10.835504
0.970632,10.833868
0.971042,10.832232
0.971452,10.830599
0.971862,10.828965
0.972272,10.827333
0.972682,10.825702
0.973092,10.824071
0.973502,10.822440
0.973912,10.820811
0.974322,10.819183
0.974732,10.817555
0.975143,10.815929
0.975553,10.814302
0.975963,10.812677
0.976373,10.811052
0.976783,10.809428
0.977193,10.807806
0.977603,10.806184
0.978013,10.804562
0.978423,10.802941
0.978833,10.801322
0.979243,10.799703
0.979653,10.798085
0.980063,10.796468
0.980473,10.794851
0.980883,10.793236
0.981293,10.791620
0.981703,10.790006
0.982113,10.788393
0.982523,10.786780
0.982933,10.785168
0.983343,10.783558
0.983753,10.781947
0.984163,10.780337
0.984573,10.778729
0.984983,10.777122
0.985393,10.775515
0.985803,10.773909
0.986213,10.772303
0.986623,10.770699
0.987033,10.769095
0.987443,10.767491
0.987853,10.765889
0.988263,10.764288
0.988673,10.762688
0.989083,10.761087
0.989493,10.759488
0.989903,10.757891
0.990313,10.756293
0.990723,10.754696
0.991133,10.753100
0.991543,10.751506
0.991953,10.749912
0.992363,10.748318
0.992773,10.746725
0.993183,10.745133
0.993593,10.743543
0.994003,10.741953
0.994413,10.740364
0.994823,10.738775
0.995233,10.737188
0.995643,10.735600
0.996053,10.734015
0.996463,10.732430
0.996873,10.730844
0.997283,10.729261
0.997693,10.727678
0.998103,10.726097
0.998513,10.724515
0.998923,10.722936
0.999333,10.721355
0.999743,10.719776
1.000153,10.718199
1.000563,10.716621
1.000973,10.715045
1.001383,10.713470
1.001793,10.711896
1.002203,10.710320
1.002613,10.708748
1.003023,10.707176
1.003433,10.705604
1.003843,10.704034
1.004253,10.702463
1.004663,10.700894
1.005074,10.699327
1.005484,10.697759
1.005894,10.696193
1.006304,10.694627
1.006714,10.693063
1.007124,10.691498
1.007534,10.689935
1.007944,10.688372
1.008354,10.686810
1.008764,10.685248
1.009174,10.683689
1.009584,10.682129
1.009994,10.680572
1.010404,10.679014
1.010814,10.677457
1.011224,10.675901
1.011634,10.674346
1.012044,10.672791
1.012454,10.671239
1.012864,10.669686
1.013274,10.668134
1.013684,10.666583
1.014094,10.665033
1.014504,10.663484
1.014914,10.661936
1.015324,10.660386
1.015734,10.658840
1.016144,10.657293
1.016554,10.655749
1.016964,10.654205
1.017374,10.652660
1.017784,10.651118
1.018194,10.649576
1.018604,10.648034
1.019014,10.646494
1.019424,10.644955
1.019834,10.643415
1.020244,10.641878
1.020654,10.640341
1.021064,10.638804
1.021474,10.637270
1.021884,10.635735
1.022294,10.634202
1.022704,10.632668
1.023114,10.631136
1.023524,10.629605
1.023934,10.628075
1.024344,10.626545
1.024754,10.625015
1.025164,10.623488
1.025574,10.621961
1.025984,10.620435
1.026394,10.618909
1.026804,10.617385
1.027214,10.615861
1.027624,10.614338
1.028034,10.612816
1.028444,10.611294
1.028854,10.609774
1.029264,10.608253
1.029674,10.606735
1.030084,10.605217
1.030494,10.603700
1.030904,10.602183
1.031314,10.600668
1.031724,10.599154
1.032134,10.597639
1.032544,10.596127
1.032954,10.594614
1.033364,10.593102
1.033774,10.591592
1.034184,10.590083
1.034594,10.588573
1.035005,10.587065
1.035415,10.585558
1.035825,10.584051
1.036235,10.582546
1.036645,10.581040
1.037055,10.579537
1.037465,10.578033
1.037875,10.576531
1.038285,10.575030
1.038695,10.573529
1.039105,10.572030
1.039515,10.570530
1.039925,10.569033
1.040335,10.567534
1.040745,10.566038
1.041155,10.564543
1.041565,10.563048
1.041975,10.561554
1.042385,10.560061
1.042795,10.558568
1.043205,10.557077
1.043615,10.555587
1.044025,10.554096
1.044435,10.552608
1.044845,10.551119
1.045255,10.549632
1.045665,10.548144
1.046075,10.546659
1.046485,10.545176
1.046895,10.543691
1.047305,10.542209
1.047715,10.540725
1.048125,10.539244
1.048535,10.537763
1.048945,10.536283
1.049355,10.534803
1.049765,10.533326
1.050175,10.531849
1.050585,10.530371
1.050995,10.528896
1.051405,10.527421
1.051815,10.525947
1.052225,10.524473
1.052635,10.523002
1.053045,10.521529
1.053455,10.520060
1.053865,10.518590
1.054275,10.517120
1.054685,10.515653
1.055095,10.514185
1.055505,10.512718
1.055915,10.511252
1.056325,10.509788
1.056735,10.508324
1.057145,10.506860
1.057555,10.505398
1.057965,10.503936
1.058375,10.502475
1.058785,10.501016
1.059195,10.499557
1.059605,10.498097
1.060015,10.496641
1.060425,10.495183
1.060835,10.493729
1.061245,10.492274
1.061655,10.490819
1.062065,10.489366
1.062475,10.487914
1.062885,10.486462
1.063295,10.485011
1.063705,10.483562
1.064115,10.482111
1.064525,10.480663
1.064935,10.479216
1.065346,10.477769
1.065756,10.476323
1.066166,10.474878
1.066576,10.473434
1.066986,10.471991
1.067396,10.470549
1.067806,10.469107
1.068216,10.467667
1.068626,10.466226
1.069036,10.464787
1.069446,10.463349
1.069856,10.461911
1.070266,10.460475
1.070676,10.459038
1.071086,10.457603
1.071496,10.456168
1.071906,10.454736
1.072316,10.453304
1.072726,10.451871
1.073136,10.450440
1.073546,10.449011
1.073956,10.447582
1.074366,10.446154
1.074776,10.444727
1.075186,10.443299
1.075596,10.441874
1.076006,10.440448
1.076416,10.439024
1.076826,10.437601
1.077236,10.436177
1.077646,10.434756
1.078056,10.433334
1.078466,10.431914
1.078876,10.430495
1.079286,10.429077
1.079696,10.427660
1.080106,10.426243
1.080516,10.424827
1.080926,10.423411
1.081336,10.421998
1.081746,10.420585
1.082156,10.419171
1.082566,10.417759
1.082976,10.416348
1.083386,10.414939
1.083796,10.413529
1.084206,10.412121
1.084616,10.410712
1.085026,10.409306
1.085436,10.407900
1.085846,10.406495
1.086256,10.405090
1.086666,10.403686
1.087076,10.402284
1.087486,10.400882
1.087896,10.399481
1.088306,10.398082
1.088716,10.396682
1.089126,10.395283
1.089536,10.393884
1.089946,10.392487
1.090356,10.391091
1.090766,10.389696
1.091176,10.388301
1.091586,10.386908
1.091996,10.385515
1.092406,10.384122
1.092816,10.382731
1.093226,10.381341
1.093636,10.379951
1.094046,10.378563
1.094456,10.377174
1.094866,10.375788
1.095277,10.374402
1.095687,10.373015
1.096097,10.371632
1.096507,10.370247
1.096917,10.368864
1.097327,10.367482
1.097737,10.366100
1.098147,10.364720
1.098557,10.363340
1.098967,10.361961
1.099377,10.360583
1.099787,10.359206
1.100197,10.357830
1.100607,10.356455
1.101017,10.355079
1.101427,10.353705
1.101837,10.352332
1.102247,10.350959
1.102657,10.349587
1.103067,10.348216
1.103477,10.346847
1.103887,10.345478
1.104297,10.344110
1.104707,10.342743
1.105117,10.341374
1.105527,10.340009
1.105937,10.338644
1.106347,10.337280
1.106757,10.335917
1.107167,10.334554
1.107577,10.333192
1.107987,10.331831
1.108397,10.330471
1.108807,10.329112
1.109217,10.327753
1.109627,10.326395
1.110037,10.325038
1.110447,10.323682
1.110857,10.322327
1.111267,10.320972
1.111677,10.319618
1.112087,10.318266
1.112497,10.316914
1.112907,10.315562
1.113317,10.314211
1.113727,10.312862
1.114137,10.311513
1.114547,10.310165
1.114957,10.308817
1.115367,10.307471
1.115777,10.306126
1.116187,10.304782
1.116597,10.303437
1.117007,10.302094
1.117417,10.300752
1.117827,10.299409
1.118237,10.298069
1.118647,10.296729
1.119057,10.295389
1.119467,10.294052
1.119877,10.292713
1.120287,10.291377
1.120697,10.290041
1.121107,10.288706
1.121517,10.287371
1.121927,10.286038
1.122337,10.284705
1.122747,10.283373
1.123157,10.282042
1.123567,10.280711
1.123977,10.279382
1.124387,10.278052
1.124797,10.276725
1.125208,10.275397
1.125618,10.274073
1.126028,10.272746
1.126438,10.271420
1.126848,10.270098
1.127258,10.268774
1.127668,10.267451
1.128078,10.266129
1.128488,10.264810
1.128898,10.263489
1.129308,10.262170
1.129718,10.260851
1.130128,10.259534
1.130538,10.258217
1.130948,10.256901
1.131358,10.255586
1.131768,10.254272
1.132178,10.252957
1.132588,10.251645
1.132998,10.250332
1.133408,10.249022
1.133818,10.247711
1.134228,10.246401
1.134638,10.245092
1.135048,10.243784
1.135458,10.242476
1.135868,10.241170
1.136278,10.239864
1.136688,10.238560
1.137098,10.237255
1.137508,10.235951
1.137918,10.234650
1.138328,10.233348
1.138738,10.232045
1.139148,10.230746
1.139558,10.229445
1.139968,10.228148
1.140378,10.226851
1.140788,10.225552
1.141198,10.224257
1.141608,10.222961
1.142018,10.221665
1.142428,10.220372
1.142838,10.219078
1.143248,10.217787
1.143658,10.216495
1.144068,10.215204
1.144478,10.213914
1.144888,10.212625
1.145298,10.211336
1.145708,10.210049
1.146118,10.208761
1.146528,10.207474
1.146938,10.206189
1.147348,10.204904
1.147758,10.203621
1.148168,10.202337
1.148578,10.201056
1.148988,10.199774
1.149398,10.198492
1.149808,10.197212
1.150218,10.195934
1.150628,10.194655
1.151038,10.193377
1.151448,10.192101
1.151858,10.190824
1.152268,10.189549
1.152678,10.188273
1.153088,10.187000
1.153498,10.185727
1.153908,10.184455
1.154318,10.183184
1.154728,10.181912
1.155139,10.180642
1.155549,10.179373
1.155959,10.178104
1.156369,10.176837
1.156779,10.175570
1.157189,10.174303
1.157599,10.173038
1.158009,10.171773
1.158419,10.170509
1.158829,10.169247
1.159239,10.167984
1.159649,10.166722
1.160059,10.165462
1.160469,10.164202
1.160879,10.162942
1.161289,10.161683
1.161699,10.160425
1.162109,10.159168
1.162519,10.157912
1.162929,10.156656
1.163339,10.155401
1.163749,10.154148
1.164159,10.152895
1.164569,10.151643
1.164979,10.150391
1.165389,10.149138
1.165799,10.147889
1.166209,10.146639
1.166619,10.145391
1.167029,10.144142
1.167439,10.142895
1.167849,10.141648
1.168259,10.140403
1.168669,10.139157
1.169079,10.137914
1.169489,10.136669
1.169899,10.135427
1.170309,10.134185
1.170719,10.132943
1.171129,10.131703
1.171539,10.130463
1.171949,10.129225
1.172359,10.127986
1.172769,10.126749
1.173179,10.125511
1.173589,10.124276
1.173999,10.123040
1.174409,10.121806
1.174819,10.120572
1.175229,10.119338
1.175639,10.118106
1.176049,10.116874
1.176459,10.115644
1.176869,10.114413
1.177279,10.113184
1.177689,10.111955
1.178099,10.110727
1.178509,10.109501
1.178919,10.108273
1.179329,10.107048
1.179739,10.105824
1.180149,10.104599
1.180559,10.103374
1.180969,10.102153
1.181379,10.100930
1.181789,10.099710
1.182199,10.098489
1.182609,10.097268
1.183019,10.096048
1.183429,10.094830
1.183839,10.093613
1.184249,10.092396
1.184659,10.091180
1.185070,10.089964
1.185480,10.088749
1.185890,10.087535
1.186300,10.086321
1.186710,10.085109
1.187120,10.083898
1.187530,10.082685
1.187940,10.081475
1.188350,10.080266
1.188760,10.079056
1.189170,10.077848
1.189580,10.076641
1.189990,10.075433
1.190400,10.074227
1.190810,10.073021
1.191220,10.071817
1.191630,10.070613
1.192040,10.069410
1.192450,10.068207
1.192860,10.067005
1.193270,10.065804
1.193680,10.064604
1.194090,10.063403
1.194500,10.062204
1.194910,10.061007
1.195320,10.059809
1.195730,10.058612
1.196140,10.057417
1.196550,10.056219
1.196960,10.055025
1.197370,10.053831
1.197780,10.052638
1.198190,10.051445
1.198600,10.050253
1.199010,10.049062
1.199420,10.047871
1.199830,10.046681
1.200240,10.045492
1.200650,10.044304
1.201060,10.043116
1.201470,10.041929
1.201880,10.040743
1.202290,10.039557
1.202700,10.038372
1.203110,10.037188
1.203520,10.036004
1.203930,10.034821
1.204340,10.033639
1.204750,10.032457
1.205160,10.031277
1.205570,10.030097
1.205980,10.028917
1.206390,10.027739
1.206800,10.026561
1.207210,10.025383
1.207620,10.024207
1.208030,10.023030
1.208440,10.021854
1.208850,10.020680
1.209260,10.019506
1.209670,10.018334
1.210080,10.017160
1.210490,10.015989
1.210900,10.014818
1.211310,10.013647
1.211720,10.012478
1.212130,10.011309
1.212540,10.010139
1.212950,10.008972
1.213360,10.007806
1.213770,10.006639
1.214180,10.005473
1.214590,10.004309
1.215001,10.003144
1.215411,10.001980
1.215821,10.000817
1.216231,9.999655
1.216641,9.998493
1.217051,9.997332
1.217461,9.996171
1.217871,9.995012
1.218281,9.993853
1.218691,9.992695
1.219101,9.991537
1.219511,9.990380
1.219921,9.989224
1.220331,9.988068
1.220741,9.986914
1.221151,9.985760
1.221561,9.984606
1.221971,9.983453
1.222381,9.982300
1.222791,9.981149
1.223201,9.979998
1.223611,9.978848
1.224021,9.977697
1.224431,9.976549
1.224841,9.975401
1.225251,9.974253
1.225661,9.973105
1.226071,9.971959
1.226481,9.970814
1.226891,9.969669
1.227301,9.968524
1.227711,9.967381
1.228121,9.966238
1.228531,9.965096
1.228941,9.963953
1.229351,9.962812
1.229761,9.961672
1.230171,9.960532
1.230581,9.959394
1.230991,9.958254
1.231401,9.957116
1.231811,9.955980
1.232221,9.954843
1.232631,9.953707
1.233041,9.952573
1.233451,9.951437
1.233861,9.950303
1.234271,9.949169
1.234681,9.948037
1.235091,9.946905
1.235501,9.945774
1.235911,9.944642
1.236321,9.943512
1.236731,9.942384
1.237141,9.941254
1.237551,9.940126
1.237961,9.938998
1.238371,9.937872
1.238781,9.936746
1.239191,9.935619
1.239601,9.934495
1.240011,9.933370
1.240421,9.932245
1.240831,9.931124
1.241241,9.930000
1.241651,9.928878
1.242061,9.927758
1.242471,9.926636
1.242881,9.925516
1.243291,9.924397
1.243701,9.923278
1.244111,9.922160
1.244521,9.921042
1.244931,9.919926
1.245342,9.918809
1.245752,9.917694
1.246162,9.916578
1.246572,9.915464
1.246982,9.914351
1.247392,9.913238
1.247802,9.912126
1.248212,9.911014
1.248622,9.909902
1.249032,9.908791
1.249442,9.907681
1.249852,9.906571
1.250262,9.905462
1.250672,9.904355
1.251082,9.903247
1.251492,9.902141
1.251902,9.901032
1.252312,9.899926
1.252722,9.898823
1.253132,9.897718
1.253542,9.896614
1.253952,9.895511
1.254362,9.894407
1.254772,9.893305
1.255182,9.892204
1.255592,9.891104
1.256002,9.890003
1.256412,9.888903
1.256822,9.887804
1.257232,9.886704
1.257642,9.885608
1.258052,9.884509
1.258462,9.883412
1.258872,9.882317
1.259282,9.881221
1.259692,9.880126
1.260102,9.879031
1.260512,9.877938
1.260922,9.876844
1.261332,9.875752
1.261742,9.874660
1.262152,9.873569
1.262562,9.872478
1.262972,9.871387
1.263382,9.870298
1.263792,9.869208
1.264202,9.868121
1.264612,9.867033
1.265022,9.865945
1.265432,9.864859
1.265842,9.863773
1.266252,9.862686
1.266662,9.861601
1.267072,9.860518
1.267482,9.859433
1.267892,9.858350
1.268302,9.857268
1.268712,9.856186
1.269122,9.855103
1.269532,9.854024
1.269942,9.852942
1.270352,9.851863
1.270762,9.850783
1.271172,9.849706
1.271582,9.848627
1.271992,9.847549
1.272402,9.846473
1.272812,9.845397
1.273222,9.844321
1.273632,9.843246
1.274042,9.842171
1.274452,9.841096
1.274862,9.840023
1.275273,9.838950
1.275683,9.837877
1.276093,9.836805
1.276503,9.835734
1.276913,9.834664
1.277323,9.833593
1.277733,9.832524
1.278143,9.831454
1.278553,9.830385
1.278963,9.829319
1.279373,9.828251
1.279783,9.827185
1.280193,9.826118
1.280603,9.825053
1.281013,9.823988
1.281423,9.822923
1.281833,9.821858
1.282243,9.820795
1.282653,9.819733
1.283063,9.818670
1.283473,9.817609
1.283883,9.816547
1.284293,9.815486
1.284703,9.814425
1.285113,9.813366
1.285523,9.812307
1.285933,9.811249
1.286343,9.810190
1.286753,9.809133
1.287163,9.808076
1.287573,9.807020
1.287983,9.805964
1.288393,9.804908
1.288803,9.803853
1.289213,9.802799
1.289623,9.801745
1.290033,9.800693
1.290443,9.799641
1.290853,9.798587
1.291263,9.797536
1.291673,9.796485
1.292083,9.795435
1.292493,9.794385
1.292903,9.793336
1.293313,9.792286
1.293723,9.791237
1.294133,9.790191
1.294543,9.789142
1.294953,9.788096
1.295363,9.787049
1.295773,9.786003
1.296183,9.784958
1.296593,9.783914
1.297003,9.782869
1.297413,9.781826
1.297823,9.780783
1.298233,9.779740
1.298643,9.778698
1.299053,9.777656
1.299463,9.776615
1.299873,9.775575
1.300283,9.774534
1.300693,9.773495
1.301103,9.772455
1.301513,9.771417
1.301923,9.770379
1.302333,9.769342
1.302743,9.768305
1.303153,9.767268
1.303563,9.766232
1.303973,9.765197
1.304383,9.764161
1.304793,9.763127
1.305204,9.762093
1.305614,9.761060
1.306024,9.760028
1.306434,9.758994
1.306844,9.757962
1.307254,9.756931
1.307664,9.755899
1.308074,9.754869
1.308484,9.753839
1.308894,9.752810
1.309304,9.751781
1.309714,9.750753
1.310124,9.749725
1.310534,9.748696
1.310944,9.747670
1.311354,9.746643
1.311764,9.745617
1.312174,9.744593
1.312584,9.743567
1.312994,9.742542
1.313404,9.741518
1.313814,9.740494
1.314224,9.739472
1.314634,9.738448
1.315044,9.737427
1.315454,9.736405
1.315864,9.735384
1.316274,9.734364
1.316684,9.733344
1.317094,9.732324
1.317504,9.731303
1.317914,9.730286
1.318324,9.729267
1.318734,9.728249
1.319144,9.727232
1.319554,9.726215
1.319964,9.725199
1.320374,9.724183
1.320784,9.723166
1.321194,9.722152
1.321604,9.721137
1.322014,9.720122
1.322424,9.719110
1.322834,9.718097
1.323244,9.717084
1.323654,9.716072
1.324064,9.715060
1.324474,9.714049
1.324884,9.713038
1.325294,9.712028
1.325704,9.711018
1.326114,9.710009
1.326524,9.709000
1.326934,9.707993
1.327344,9.706984
1.327754,9.705976
1.328164,9.704969
1.328574,9.703962
1.328984,9.702956
1.329394,9.701950
1.329804,9.700946
1.330214,9.699940
1.330624,9.698936
1.331034,9.697931
1.331444,9.696928
1.331854,9.695926
1.332264,9.694922
1.332674,9.693921
1.333084,9.692919
1.333494,9.691918
1.333904,9.690917
1.334314,9.689917
1.334724,9.688916
1.335135,9.687918
1.335545,9.686918
1.335955,9.685919
1.336365,9.684921
1.336775,9.683924
1.337185,9.682926
1.337595,9.681929
1.338005,9.680934
1.338415,9.679937
1.338825,9.678942
1.339235,9.677947
1.339645,9.676951
1.340055,9.675958
1.340465,9.674964
1.340875,9.673971
1.341285,9.672977
1.341695,9.671986
1.342105,9.670994
1.342515,9.670003
1.342925,9.669011
1.343335,9.668020
1.343745,9.667029
1.344155,9.666039
1.344565,9.665051
1.344975,9.664060
1.345385,9.663072
1.345795,9.662084
1.346205,9.661097
1.346615,9.660108
1.347025,9.659122
1.347435,9.658134
1.347845,9.657148
1.348255,9.656163
1.348665,9.655177
1.349075,9.654192
1.349485,9.653208
1.349895,9.652224
1.350305,9.651240
1.350715,9.650257
1.351125,9.649274
1.351535,9.648293
1.351945,9.647310
1.352355,9.646327
1.352765,9.645346
1.353175,9.644365
1.353585,9.643386
1.353995,9.642406
1.354405,9.641426
1.354815,9.640446
1.355225,9.639467
1.355635,9.638489
1.356045,9.637510
1.356455,9.636534
1.356865,9.635555
1.357275,9.634580
1.357685,9.633603
1.358095,9.632627
1.358505,9.631652
1.358915,9.630676
1.359325,9.629702
1.359735,9.628727
1.360145,9.627752
1.360555,9.626780
1.360965,9.625806
1.361375,9.624833
1.361785,9.623859
1.362195,9.622889
1.362605,9.621916
1.363015,9.620945
1.363425,9.619974
1.363835,9.619003
1.364245,9.618032
1.364655,9.617064
1.365066,9.616095
1.365476,9.615126
1.365886,9.614156
1.366296,9.613188
1.366706,9.612221
1.367116,9.611252
1.367526,9.610285
1.367936,9.609318
1.368346,9.608351
1.368756,9.607385
1.369166,9.606420
1.369576,9.605454
1.369986,9.604489
1.370396,9.603525
1.370806,9.602560
1.371216,9.601597
1.371626,9.600634
1.372036,9.599669
1.372446,9.598707
1.372856,9.597745
1.373266,9.596784
1.373676,9.595820
1.374086,9.594860
1.374496,9.593899
1.374906,9.592938
1.375316,9.591978
1.375726,9.591019
1.376136,9.590058
1.376546,9.589099
1.376956,9.588140
1.377366,9.587182
1.377776,9.586224
1.378186,9.585266
1.378596,9.584310
1.379006,9.583352
1.379416,9.582395
1.379826,9.581440
1.380236,9.580482
1.380646,9.579527
1.381056,9.578572
1.381466,9.577618
1.381876,9.576662
1.382286,9.575708
1.382696,9.574754
1.383106,9.573800
1.383516,9.572847
1.383926,9.571894
1.384336,9.570943
1.384746,9.569989
1.385156,9.569038
1.385566,9.568087
1.385976,9.567135
1.386386,9.566184
1.386796,9.565234
1.387206,9.564283
1.387616,9.563333
1.388026,9.562385
1.388436,9.561435
1.388846,9.560486
1.389256,9.559537
1.389666,9.558590
1.390076,9.557641
1.390486,9.556694
1.390896,9.555748
1.391306,9.554801
1.391716,9.553854
1.392126,9.552908
1.392536,9.551962
1.392946,9.551016
1.393356,9.550071
1.393766,9.549126
1.394176,9.548181
1.394586,9.547236
1.394996,9.546292
1.395407,9.545350
1.395817,9.544406
1.396227,9.543463
1.396637,9.542520
1.397047,9.541577
1.397457,9.540635
1.397867,9.539694
1.398277,9.538753
1.398687,9.537811
1.399097,9.536871
1.399507,9.535931
1.399917,9.534990
1.400327,9.534050
1.400737,9.533111
1.401147,9.532171
1.401557,9.531232
1.401967,9.530293
1.402377,9.529355
1.402787,9.528417
1.403197,9.527479
1.403607,9.526542
1.404017,9.525603
1.404427,9.524667
1.404837,9.523731
1.405247,9.522795
1.405657,9.521858
1.406067,9.520923
1.406477,9.519988
1.406887,9.519053
1.407297,9.518118
1.407707,9.517182
1.408117,9.516249
1.408527,9.515315
1.408937,9.514381
1.409347,9.513449
1.409757,9.512516
1.410167,9.511583
1.410577,9.510650
1.410987,9.509717
1.411397,9.508786
1.411807,9.507854
1.412217,9.506923
1.412627,9.505992
1.413037,9.505062
1.413447,9.504131
1.413857,9.503201
1.414267,9.502271
1.414677,9.501341
1.415087,9.500412
1.415497,9.499483
1.415907,9.498554
1.416317,9.497625
1.416727,9.496696
1.417137,9.495770
1.417547,9.494843
1.417957,9.493915
1.418367,9.492987
1.418777,9.492061
1.419187,9.491134
1.419597,9.490208
1.420007,9.489282
1.420417,9.488356
1.420827,9.487430
1.421237,9.486505
1.421647,9.485580
1.422057,9.484654
1.422467,9.483731
1.422877,9.482806
1.423287,9.481882
1.423697,9.480959
1.424107,9.480035
1.424517,9.479112
1.424927,9.478189
1.425338,9.477266
1.425748,9.476343
1.426158,9.475421
1.426568,9.474501
1.426978,9.473578
1.427388,9.472657
1.427798,9.471737
1.428208,9.470816
1.428618,9.469895
1.429028,9.468975
1.429438,9.468055
1.429848,9.467134
1.430258,9.466214
1.430668,9.465296
1.431078,9.464376
1.431488,9.463457
1.431898,9.462540
1.432308,9.461620
1.432718,9.460702
1.433128,9.459785
1.433538,9.458868
1.433948,9.457951
1.434358,9.457032
1.434768,9.456115
1.435178,9.455199
1.435588,9.454283
1.435998,9.453366
1.436408,9.452451
1.436818,9.451535
1.437228,9.450620
1.437638,9.449703
1.438048,9.448790
1.438458,9.447873
1.438868,9.446959
1.439278,9.446045
1.439688,9.445131
1.440098,9.444218
1.440508,9.443304
1.440918,9.442390
1.441328,9.441478
1.441738,9.440564
1.442148,9.439651
1.442558,9.438739
1.442968,9.437826
1.443378,9.436915
1.443788,9.436003
1.444198,9.435091
1.444608,9.434180
1.445018,9.433269
1.445428,9.432357
1.445838,9.431447
1.446248,9.430536
1.446658,9.429626
1.447068,9.428717
1.447478,9.427807
1.447888,9.426896
1.448298,9.425987
1.448708,9.425078
1.449118,9.424170
1.449528,9.423261
1.449938,9.422352
1.450348,9.421443
1.450758,9.420535
1.451168,9.419627
1.451578,9.418720
1.451988,9.417812
1.452398,9.416905
1.452808,9.415998
1.453218,9.415091
1.453628,9.414184
1.454038,9.413279
1.454448,9.412372
1.454858,9.411465
1.455269,9.410559
1.455679,9.409654
1.456089,9.408749
1.456499,9.407843
1.456909,9.406938
1.457319,9.406033
1.457729,9.405128
1.458139,9.404223
1.458549,9.403319
1.458959,9.402415
1.459369,9.401511
1.459779,9.400607
1.460189,9.399704
1.460599,9.398800
1.461009,9.397898
1.461419,9.396995
1.461829,9.396091
1.462239,9.395188
1.462649,9.394286
1.463059,9.393385
1.463469,9.392482
1.463879,9.391582
1.464289,9.390678
1.464699,9.389777
1.465109,9.388876
1.465519,9.387975
1.465929,9.387074
1.466339,9.386172
1.466749,9.385272
1.467159,9.384372
1.467569,9.383471
1.467979,9.382571
1.468389,9.381671
1.468799,9.380772
1.469209,9.379872
1.469619,9.378974
1.470029,9.378075
1.470439,9.377175
1.470849,9.376276
1.471259,9.375378
1.471669,9.374478
1.472079,9.373581
1.472489,9.372683
1.472899,9.371784
1.473309,9.370886
1.473719,9.369989
1.474129,9.369092
1.474539,9.368194
1.474949,9.367297
1.475359,9.366401
1.475769,9.365503
1.476179,9.364607
1.476589,9.363709
1.476999,9.362814
1.477409,9.361917
1.477819,9.361021
1.478229,9.360125
1.478639,9.359230
1.479049,9.358335
1.479459,9.357439
1.479869,9.356544
1.480279,9.355649
1.480689,9.354753
1.481099,9.353859
1.481509,9.352964
1.481919,9.352070
1.482329,9.351176
1.482739,9.350282
1.483149,9.349386
1.483559,9.348494
1.483969,9.347600
1.484379,9.346706
1.484789,9.345812
1.485200,9.344918
1.485610,9.344026
1.486020,9.343133
1.486430,9.342239
1.486840,9.341348
1.487250,9.340455
1.487660,9.339561
1.488070,9.338670
1.488480,9.337778
1.488890,9.336885
1.489300,9.335994
1.489710,9.335102
1.490120,9.334209
1.490530,9.333319
1.490940,9.332427
1.491350,9.331535
1.491760,9.330646
1.492170,9.329754
1.492580,9.328863
1.492990,9.327972
1.493400,9.327083
1.493810,9.326192
1.494220,9.325301
1.494630,9.324411
1.495040,9.323522
1.495450,9.322631
1.495860,9.321741
1.496270,9.320852
1.496680,9.319962
1.497090,9.319073
1.497500,9.318183
1.497910,9.317293
1.498320,9.316405
1.498730,9.315516
1.499140,9.314627
1.499550,9.313739
1.499960,9.312851
1.500370,9.311962
1.500780,9.311073
1.501190,9.310185
1.501600,9.309298
1.502010,9.308410
1.502420,9.307521
1.502830,9.306634
1.503240,9.305746
1.503650,9.304858
1.504060,9.303970
1.504470,9.303083
1.504880,9.302196
1.505290,9.301310
1.505700,9.300423
1.506110,9.299536
1.506520,9.298649
1.506930,9.297763
1.507340,9.296876
1.507750,9.295989
1.508160,9.295103
1.508570,9.294216
1.508980,9.293331
1.509390,9.292444
1.509800,9.291559
1.510210,9.290672
1.510620,9.289786
1.511030,9.288901
1.511440,9.288015
1.511850,9.287130
1.512260,9.286245
1.512670,9.285360
1.513080,9.284474
1.513490,9.283589
1.513900,9.282704
1.514310,9.281820
1.514720,9.280935
1.515131,9.280050
1.515541,9.279164
1.515951,9.278281
1.516361,9.277397
1.516771,9.276513
1.517181,9.275628
1.517591,9.274744
1.518001,9.273861
1.518411,9.272977
1.518821,9.272093
1.519231,9.271208
1.519641,9.270325
1.520051,9.269442
1.520461,9.268558
1.520871,9.267674
1.521281,9.266790
1.521691,9.265908
1.522101,9.265025
1.522511,9.264141
1.522921,9.263257
1.523331,9.262375
1.523741,9.261492
1.524151,9.260610
1.524561,9.259727
1.524971,9.258843
1.525381,9.257961
1.525791,9.257078
1.526201,9.256197
1.526611,9.255314
1.527021,9.254431
1.527431,9.253550
1.527841,9.252667
1.528251,9.251785
1.528661,9.250903
1.529071,9.250021
1.529481,9.249139
1.529891,9.248258
1.530301,9.247375
1.530711,9.246494
1.531121,9.245612
1.531531,9.244731
1.531941,9.243850
1.532351,9.242968
1.532761,9.242087
1.533171,9.241206
1.533581,9.240324
1.533991,9.239443
1.534401,9.238561
1.534811,9.237681
1.535221,9.236800
1.535631,9.235918
1.536041,9.235037
1.536451,9.234158
1.536861,9.233276
1.537271,9.232396
1.537681,9.231515
1.538091,9.230634
1.538501,9.229753
1.538911,9.228873
1.539321,9.227993
1.539731,9.227112
1.540141,9.226232
1.540551,9.225352
1.540961,9.224471
1.541371,9.223591
1.541781,9.222712
1.542191,9.221830
1.542601,9.220951
1.543011,9.220071
1.543421,9.219190
1.543831,9.218310
1.544241,9.217431
1.544651,9.216552
1.545062,9.215672
1.545472,9.214790
1.545882,9.213912
1.546292,9.213032
1.546702,9.212153
1.547112,9.211273
1.547522,9.210393
1.547932,9.209514
1.548342,9.208635
1.548752,9.207754
1.549162,9.206875
1.549572,9.205997
1.549982,9.205117
1.550392,9.204237
1.550802,9.203358
1.551212,9.202478
1.551622,9.201600
1.552032,9.200721
1.552442,9.199841
1.552852,9.198962
1.553262,9.198084
1.553672,9.197204
1.554082,9.196324
1.554492,9.195446
1.554902,9.194567
1.555312,9.193688
1.555722,9.192808
1.556132,9.191930
1.556542,9.191051
1.556952,9.190172
1.557362,9.189292
1.557772,9.188414
1.558182,9.187536
1.558592,9.186656
1.559002,9.185779
1.559412,9.184899
1.559822,9.184022
1.560232,9.183141
1.560642,9.182263
1.561052,9.181384
1.561462,9.180506
1.561872,9.179626
1.562282,9.178748
1.562692,9.177869
1.563102,9.176991
1.563512,9.176112
1.563922,9.175234
1.564332,9.174356
1.564742,9.173477
1.565152,9.172598
1.565562,9.171720
1.565972,9.170840
1.566382,9.169962
1.566792,9.169084
1.567202,9.168205
1.567612,9.167326
1.568022,9.166449
1.568432,9.165570
1.568842,9.164692
1.569252,9.163813
1.569662,9.162934
1.570072,9.162055
1.570482,9.161177
1.570892,9.160298
1.571302,9.159420
1.571712,9.158543
1.572122,9.157663
1.572532,9.156785
1.572942,9.155907
1.573352,9.155027
1.573762,9.154149
1.574172,9.153271
1.574582,9.152392
1.574992,9.151514
1.575403,9.150635
1.575813,9.149756
1.576223,9.148878
1.576633,9.148000
1.577043,9.147121
1.577453,9.146242
1.577863,9.145364
1.578273,9.144485
1.578683,9.143607
1.579093,9.142728
1.579503,9.141850
1.579913,9.140970
1.580323,9.140092
1.580733,9.139214
1.581143,9.138335
1.581553,9.137457
1.581963,9.136578
1.582373,9.135698
1.582783,9.134820
1.583193,9.133942
1.583603,9.133063
1.584013,9.132184
1.584423,9.131304
1.584833,9.130425
1.585243,9.129547
1.585653,9.128668
1.586063,9.127789
1.586473,9.126910
1.586883,9.126032
1.587293,9.125154
1.587703,9.124273
1.588113,9.123394
1.588523,9.122515
1.588933,9.121636
1.589343,9.120757
1.589753,9.119878
1.590163,9.118999
1.590573,9.118119
1.590983,9.117240
1.591393,9.116362
1.591803,9.115481
1.592213,9.114602
1.592623,9.113723
1.593033,9.112844
1.593443,9.111964
1.593853,9.111085
1.594263,9.110205
1.594673,9.109326
1.595083,9.108446
1.595493,9.107567
1.595903,9.106687
1.596313,9.105807
1.596723,9.104928
1.597133,9.104048
1.597543,9.103168
1.597953,9.102287
1.598363,9.101409
1.598773,9.100529
1.599183,9.099648
1.599593,9.098768
1.600003,9.097888
1.600413,9.097009
1.600823,9.096128
1.601233,9.095247
1.601643,9.094368
1.602053,9.093488
1.602463,9.092607
1.602873,9.091727
1.603283,9.090847
1.603693,9.089966
1.604103,9.089086
1.604513,9.088204
1.604923,9.087324
1.605334,9.086444
1.605744,9.085563
1.606154,9.084682
1.606564,9.083801
1.606974,9.082921
1.607384,9.082040
1.607794,9.081159
1.608204,9.080278
1.608614,9.079396
1.609024,9.078515
1.609434,9.077634
1.609844,9.076753
1.610254,9.075871
1.610664,9.074990
1.611074,9.074109
1.611484,9.073227
1.611894,9.072345
1.612304,9.071463
1.612714,9.070582
1.613124,9.069700
1.613534,9.068819
1.613944,9.067937
1.614354,9.067055
1.614764,9.066173
1.615174,9.065290
1.615584,9.064408
1.615994,9.063526
1.616404,9.062644
1.616814,9.061762
1.617224,9.060879
1.617634,9.059997
1.618044,9.059114
1.618454,9.058231
1.618864,9.057349
1.619274,9.056466
1.619684,9.055584
1.620094,9.054701
1.620504,9.053817
1.620914,9.052935
1.621324,9.052052
1.621734,9.051168
1.622144,9.050285
1.622554,9.049401
1.622964,9.048518
1.623374,9.047634
1.623784,9.046752
1.624194,9.045868
1.624604,9.044984
1.625014,9.044101
1.625424,9.043216
1.625834,9.042332
1.626244,9.041449
1.626654,9.040564
1.627064,9.039680
1.627474,9.038795
1.627884,9.037911
1.628294,9.037027
1.628704,9.036142
1.629114,9.035257
1.629524,9.034372
1.629934,9.033488
1.630344,9.032603
1.630754,9.031717
1.631164,9.030833
1.631574,9.029947
1.631984,9.029062
1.632394,9.028177
1.632804,9.027292
1.633214,9.026406
1.633624,9.025520
1.634034,9.024634
1.634444,9.023749
1.634854,9.022863
1.635265,9.021977
1.635675,9.021091
1.636085,9.020205
1.636495,9.019319
1.636905,9.018433
1.637315,9.017547
1.637725,9.016660
1.638135,9.015773
1.638545,9.014886
1.638955,9.013999
1.639365,9.013113
1.639775,9.012225
1.640185,9.011338
1.640595,9.010450
1.641005,9.009563
1.641415,9.008677
1.641825,9.007789
1.642235,9.006901
1.642645,9.006014
1.643055,9.005125
1.643465,9.004237
1.643875,9.003348
1.644285,9.002460
1.644695,9.001574
1.645105,9.000685
1.645515,8.999796
1.645925,8.998907
1.646335,8.998019
1.646745,8.997130
1.647155,8.996241
1.647565,8.995352
1.647975,8.994463
1.648385,8.993573
1.648795,8.992683
1.649205,8.991795
1.649615,8.990905
1.650025,8.990015
1.650435,8.989125
1.650845,8.988235
1.651255,8.987346
1.651665,8.986454
1.652075,8.985565
1.652485,8.984675
1.652895,8.983785
1.653305,8.982893
1.653715,8.982002
1.654125,8.981112
1.654535,8.980220
1.654945,8.979330
1.655355,8.978438
1.655765,8.977547
1.656175,8.976655
1.656585,8.975764
1.656995,8.974872
1.657405,8.973980
1.657815,8.973088
1.658225,8.972197
1.658635,8.971304
1.659045,8.970411
1.659455,8.969519
1.659865,8.968626
1.660275,8.967733
1.660685,8.966842
1.661095,8.965947
1.661505,8.965055
1.661915,8.964162
1.662325,8.963269
1.662735,8.962375
1.663145,8.961481
1.663555,8.960588
1.663965,8.959693
1.664375,8.958799
1.664785,8.957905
1.665196,8.957011
1.665606,8.956117
1.666016,8.955222
1.666426,8.954328
1.666836,8.953432
1.667246,8.952538
1.667656,8.951643
1.668066,8.950747
1.668476,8.949852
1.668886,8.948956
1.669296,8.948060
1.669706,8.947165
1.670116,8.946269
1.670526,8.945373
1.670936,8.944477
1.671346,8.943581
1.671756,8.942684
1.672166,8.941787
1.672576,8.940890
1.672986,8.939993
1.673396,8.939097
1.673806,8.938199
1.674216,8.937302
1.674626,8.936404
1.675036,8.935507
1.675446,8.934609
1.675856,8.933711
1.676266,8.932813
1.676676,8.931914
1.677086,8.931016
1.677496,8.930118
1.677906,8.929220
1.678316,8.928320
1.678726,8.927422
1.679136,8.926522
1.679546,8.925623
1.679956,8.924724
1.680366,8.923823
1.680776,8.922924
1.681186,8.922024
1.681596,8.921124
1.682006,8.920224
1.682416,8.919324
1.682826,8.918423
1.683236,8.917522
1.683646,8.916621
1.684056,8.915720
1.684466,8.914821
1.684876,8.913918
1.685286,8.913016
1.685696,8.912115
1.686106,8.911214
1.686516,8.910312
1.686926,8.909409
1.687336,8.908507
1.687746,8.907605
1.688156,8.906702
1.688566,8.905799
1.688976,8.904897
1.689386,8.903993
1.689796,8.903090
1.690206,8.902186
1.690616,8.901282
1.691026,8.900378
1.691436,8.899475
1.691846,8.898571
1.692256,8.897667
1.692666,8.896763
1.693076,8.895859
1.693486,8.894953
1.693896,8.894049
1.694306,8.893144
1.694716,8.892239
1.695127,8.891333
1.695537,8.890428
1.695947,8.889522
1.696357,8.888616
1.696767,8.887709
1.697177,8.886803
1.697587,8.885897
1.697997,8.884990
1.698407,8.884083
1.698817,8.883176
1.699227,8.882269
1.699637,8.881361
1.700047,8.880455
1.700457,8.879545
1.700867,8.878638
1.701277,8.877730
1.701687,8.876822
1.702097,8.875914
1.702507,8.875005
1.702917,8.874097
1.703327,8.873187
1.703737,8.872279
1.704147,8.871368
1.704557,8.870460
1.704967,8.869550
1.705377,8.868639
1.705787,8.867729
1.706197,8.866819
1.706607,8.865909
1.707017,8.864999
1.707427,8.864088
1.707837,8.863176
1.708247,8.862266
1.708657,8.861355
1.709067,8.860442
1.709477,8.859531
1.709887,8.858620
1.710297,8.857708
1.710707,8.856794
1.711117,8.855883
1.711527,8.854970
1.711937,8.854058
1.712347,8.853144
1.712757,8.852230
1.713167,8.851317
1.713577,8.850403
1.713987,8.849490
1.714397,8.848577
1.714807,8.847662
1.715217,8.846746
1.715627,8.845832
1.716037,8.844918
1.716447,8.844003
1.716857,8.843088
1.717267,8.842173
1.717677,8.841256
1.718087,8.840341
1.718497,8.839425
1.718907,8.838510
1.719317,8.837593
1.719727,8.836676
1.720137,8.835759
1.720547,8.834842
1.720957,8.833924
1.721367,8.833007
1.721777,8.832089
1.722187,8.831173
1.722597,8.830254
1.723007,8.829337
1.723417,8.828418
1.723827,8.827499
1.724237,8.826580
1.724647,8.825661
1.725058,8.824741
1.725468,8.823822
1.725878,8.822903
1.726288,8.821983
1.726698,8.821063
1.727108,8.820143
1.727518,8.819222
1.727928,8.818302
1.728338,8.817380
1.728748,8.816460
1.729158,8.815537
1.729568,8.814617
1.729978,8.813695
1.730388,8.812773
1.730798,8.811851
1.731208,8.810929
1.731618,8.810006
1.732028,8.809084
1.732438,8.808161
1.732848,8.807237
1.733258,8.806314
1.733668,8.805389
1.734078,8.804466
1.734488,8.803541
1.734898,8.802618
1.735308,8.801693
1.735718,8.800769
1.736128,8.799843
1.736538,8.798919
1.736948,8.797993
1.737358,8.797068
1.737768,8.796141
1.738178,8.795216
1.738588,8.794289
1.738998,8.793363
1.739408,8.792436
1.739818,8.791509
1.740228,8.790582
1.740638,8.789655
1.741048,8.788727
1.741458,8.787799
1.741868,8.786872
1.742278,8.785942
1.742688,8.785013
1.743098,8.784085
1.743508,8.783156
1.743918,8.782227
1.744328,8.781298
1.744738,8.780368
1.745148,8.779438
1.745558,8.778508
1.745968,8.777577
1.746378,8.776648
1.746788,8.775716
1.747198,8.774785
1.747608,8.773853
1.748018,8.772923
1.748428,8.771991
1.748838,8.771059
1.749248,8.770125
1.749658,8.769194
1.750068,8.768261
1.750478,8.767328
1.750888,8.766396
1.751298,8.765462
1.751708,8.764528
1.752118,8.763595
1.752528,8.762661
1.752938,8.761726
1.753348,8.760791
1.753758,8.759857
1.754168,8.758922
1.754578,8.757986
1.754988,8.757051
1.755399,8.756115
1.755809,8.755180
1.756219,8.754243
1.756629,8.753306
1.757039,8.752369
1.757449,8.751433
1.757859,8.750495
1.758269,8.749558
1.758679,8.748621
1.759089,8.747684
1.759499,8.746744
1.759909,8.745806
1.760319,8.744867
1.760729,8.743928
1.761139,8.742990
1.761549,8.742049
1.761959,8.741110
1.762369,8.740170
1.762779,8.739229
1.763189,8.738290
1.763599,8.737350
1.764009,8.736408
1.764419,8.735466
1.764829,8.734526
1.765239,8.733583
1.765649,8.732642
1.766059,8.731699
1.766469,8.730758
1.766879,8.729815
1.767289,8.728872
1.767699,8.727929
1.768109,8.726986
1.768519,8.726042
1.768929,8.725098
1.769339,8.724154
1.769749,8.723209
1.770159,8.722264
1.770569,8.721320
1.770979,8.720374
1.771389,8.719428
1.771799,8.718483
1.772209,8.717538
1.772619,8.716591
1.773029,8.715645
1.773439,8.714698
1.773849,8.713751
1.774259,8.712804
1.774669,8.711856
1.775079,8.710909
1.775489,8.709960
1.775899,8.709011
1.776309,8.708063
1.776719,8.707115
1.777129,8.706164
1.777539,8.705215
1.777949,8.704267
1.778359,8.703316
1.778769,8.702367
1.779179,8.701417
1.779589,8.700465
1.779999,8.699514
1.780409,8.698564
1.780819,8.697611
1.781229,8.696659
1.781639,8.695708
1.782049,8.694756
1.782459,8.693803
1.782869,8.692850
1.783279,8.691896
1.783689,8.690944
1.784099,8.689990
1.784509,8.689035
1.784919,8.688082
1.785330,8.687127
1.785740,8.686172
1.786150,8.685217
1.786560,8.684262
1.786970,8.683307
1.787380,8.682351
1.787790,8.681395
1.788200,8.680439
1.788610,8.679482
1.789020,8.678525
1.789430,8.677568
1.789840,8.676610
1.790250,8.675653
1.790660,8.674694
1.791070,8.673737
1.791480,8.672777
1.791890,8.671820
1.792300,8.670860
1.792710,8.669900
1.793120,8.668941
1.793530,8.667981
1.793940,8.667020
1.794350,8.666060
1.794760,8.665099
1.795170,8.664138
1.795580,8.663177
1.795990,8.662215
1.796400,8.661253
1.796810,8.660291
1.797220,8.659328
1.797630,8.658365
1.798040,8.657402
1.798450,8.656439
1.798860,8.655475
1.799270,8.654510
1.799680,8.653547
1.800090,8.652582
1.800500,8.651617
1.800910,8.650652
1.801320,8.649688
1.801730,8.648722
1.802140,8.647756
1.802550,8.646790
1.802960,8.645823
1.803370,8.644855
1.803780,8.643889
1.804190,8.642921
1.804600,8.641954
1.805010,8.640986
1.805420,8.640018
1.805830,8.639050
1.806240,8.638080
1.806650,8.637111
1.807060,8.636142
1.807470,8.635172
1.807880,8.634203
1.808290,8.633232
1.808700,8.632260
1.809110,8.631290
1.809520,8.630319
1.809930,8.629348
1.810340,8.628376
1.810750,8.627404
1.811160,8.626431
1.811570,8.625459
1.811980,8.624485
1.812390,8.623512
1.812800,8.622539
1.813210,8.621564
1.813620,8.620590
1.814030,8.619617
1.814440,8.618641
1.814850,8.617666
1.815261,8.616691
1.815671,8.615715
1.816081,8.614739
1.816491,8.613762
1.816901,8.612786
1.817311,8.611810
1.817721,8.610832
1.818131,8.609855
1.818541,8.608876
1.818951,8.607899
1.819361,8.606921
1.819771,8.605941
1.820181,8.604962
1.820591,8.603983
1.821001,8.603004
1.821411,8.602023
1.821821,8.601043
1.822231,8.600063
1.822641,8.599081
1.823051,8.598102
1.823461,8.597118
1.823871,8.596138
1.824281,8.595155
1.824691,8.594172
1.825101,8.593190
1.825511,8.592206
1.825921,8.591224
1.826331,8.590240
1.826741,8.589255
1.827151,8.588271
1.827561,8.587287
1.827971,8.586303
1.828381,8.585317
1.828791,8.584332
1.829201,8.583345
1.829611,8.582360
1.830021,8.581373
1.830431,8.580386
1.830841,8.579399
1.831251,8.578411
1.831661,8.577424
1.832071,8.576436
1.832481,8.575447
1.832891,8.574458
1.833301,8.573470
1.833711,8.572480
1.834121,8.571491
1.834531,8.570500
1.834941,8.569510
1.835351,8.568519
1.835761,8.567529
1.836171,8.566537
1.836581,8.565546
1.836991,8.564554
1.837401,8.563561
1.837811,8.562569
1.838221,8.561576
1.838631,8.560583
1.839041,8.559588
1.839451,8.558596
1.839861,8.557601
1.840271,8.556606
1.840681,8.555612
1.841091,8.554617
1.841501,8.553621
1.841911,8.552626
1.842321,8.551629
1.842731,8.550632
1.843141,8.549636
1.843551,8.548638
1.843961,8.547641
1.844371,8.546643
1.844781,8.545645
1.845192,8.544647
1.845602,8.543648
1.846012,8.542648
1.846422,8.541649
1.846832,8.540648
1.847242,8.539649
1.847652,8.538649
1.848062,8.537649
1.848472,8.536646
1.848882,8.535645
1.849292,8.534644
1.849702,8.533642
1.850112,8.532640
1.850522,8.531637
1.850932,8.530633
1.851342,8.529630
1.851752,8.528626
1.852162,8.527622
1.852572,8.526617
1.852982,8.525613
1.853392,8.524608
1.853802,8.523602
1.854212,8.522597
1.854622,8.521590
1.855032,8.520584
1.855442,8.519576
1.855852,8.518570
1.856262,8.517562
1.856672,8.516554
1.857082,8.515546
1.857492,8.514538
1.857902,8.513528
1.858312,8.512520
1.858722,8.511510
1.859132,8.510500
1.859542,8.509489
1.859952,8.508479
1.860362,8.507469
1.860772,8.506457
1.861182,8.505445
1.861592,8.504434
1.862002,8.503422
1.862412,8.502408
1.862822,8.501395
1.863232,8.500381
1.863642,8.499369
1.864052,8.498354
1.864462,8.497340
1.864872,8.496325
1.865282,8.495311
1.865692,8.494295
1.866102,8.493279
1.866512,8.492263
1.866922,8.491246
1.867332,8.490230
1.867742,8.489213
1.868152,8.488194
1.868562,8.487176
1.868972,8.486158
1.869382,8.485141
1.869792,8.484121
1.870202,8.483102
1.870612,8.482082
1.871022,8.481062
1.871432,8.480042
1.871842,8.479021
1.872252,8.478001
1.872662,8.476978
1.873072,8.475957
1.873482,8.474936
1.873892,8.473913
1.874302,8.472889
1.874712,8.471867
1.875123,8.470842
1.875533,8.469820
1.875943,8.468794
1.876353,8.467771
1.876763,8.466744
1.877173,8.465720
1.877583,8.464694
1.877993,8.463668
1.878403,8.462642
1.878813,8.461616
1.879223,8.460588
1.879633,8.459560
1.880043,8.458532
1.880453,8.457504
1.880863,8.456475
1.881273,8.455447
1.881683,8.454417
1.882093,8.453388
1.882503,8.452356
1.882913,8.451327
1.883323,8.450296
1.883733,8.449265
1.884143,8.448234
1.884553,8.447201
1.884963,8.446170
1.885373,8.445137
1.885783,8.444103
1.886193,8.443071
1.886603,8.442037
1.887013,8.441003
1.887423,8.439968
1.887833,8.438934
1.888243,8.437898
1.888653,8.436863
1.889063,8.435827
1.889473,8.434791
1.889883,8.433754
1.890293,8.432717
1.890703,8.431680
1.891113,8.430642
1.891523,8.429604
1.891933,8.428566
1.892343,8.427526
1.892753,8.426487
1.893163,8.425447
1.893573,8.424407
1.893983,8.423368
1.894393,8.422326
1.894803,8.421286
1.895213,8.420244
1.895623,8.419202
1.896033,8.418159
1.896443,8.417117
1.896853,8.416074
1.897263,8.415030
1.897673,8.413987
1.898083,8.412943
1.898493,8.411899
1.898903,8.410853
1.899313,8.409808
1.899723,8.408763
1.900133,8.407717
1.900543,8.406671
1.900953,8.405623
1.901363,8.404575
1.901773,8.403528
1.902183,8.402481
1.902593,8.401433
1.903003,8.400384
1.903413,8.399335
1.903823,8.398285
1.904233,8.397236
1.904643,8.396185
1.905054,8.395134
1.905464,8.394084
1.905874,8.393032
1.906284,8.391981
1.906694,8.390928
1.907104,8.389876
1.907514,8.388823
1.907924,8.387770
1.908334,8.386716
1.908744,8.385662
1.909154,8.384608
1.909564,8.383554
1.909974,8.382498
1.910384,8.381442
1.910794,8.380386
1.911204,8.379330
1.911614,8.378273
1.912024,8.377216
1.912434,8.376158
1.912844,8.375100
1.913254,8.374043
1.913664,8.372983
1.914074,8.371924
1.914484,8.370865
1.914894,8.369804
1.915304,8.368744
1.915714,8.367683
1.916124,8.366623
1.916534,8.365561
1.916944,8.364498
1.917354,8.363437
1.917764,8.362374
1.918174,8.361312
1.918584,8.360249
1.918994,8.359184
1.919404,8.358120
1.919814,8.357056
1.920224,8.355991
1.920634,8.354925
1.921044,8.353860
1.921454,8.352794
1.921864,8.351726
1.922274,8.350659
1.922684,8.349591
1.923094,8.348524
1.923504,8.347456
1.923914,8.346388
1.924324,8.345319
1.924734,8.344249
1.925144,8.343180
1.925554,8.342110
1.925964,8.341038
1.926374,8.339968
1.926784,8.338896
1.927194,8.337825
1.927604,8.336753
1.928014,8.335679
1.928424,8.334607
1.928834,8.333533
1.929244,8.332460
1.929654,8.331386
1.930064,8.330311
1.930474,8.329235
1.930884,8.328160
1.931294,8.327085
1.931704,8.326009
1.932114,8.324932
1.932524,8.323854
1.932934,8.322777
1.933344,8.321700
1.933754,8.320621
1.934164,8.319543
1.934574,8.318463
1.934984,8.317384
1.935395,8.316303
1.935805,8.315224
1.936215,8.314144
1.936625,8.313062
1.937035,8.311980
1.937445,8.310899
1.937855,8.309816
1.938265,8.308733
1.938675,8.307651
1.939085,8.306566
1.939495,8.305483
1.939905,8.304398
1.940315,8.303313
1.940725,8.302228
1.941135,8.301143
1.941545,8.300056
1.941955,8.298969
1.942365,8.297884
1.942775,8.296796
1.943185,8.295708
1.943595,8.294620
1.944005,8.293531
1.944415,8.292442
1.944825,8.291353
1.945235,8.290262
1.945645,8.289174
1.946055,8.288083
1.946465,8.286991
1.946875,8.285899
1.947285,8.284808
1.947695,8.283715
1.948105,8.282623
1.948515,8.281529
1.948925,8.280436
1.949335,8.279343
1.949745,8.278248
1.950155,8.277153
1.950565,8.276058
1.950975,8.274962
1.951385,8.273867
1.951795,8.272770
1.952205,8.271672
1.952615,8.270576
1.953025,8.269478
1.953435,8.268379
1.953845,8.267281
1.954255,8.266183
1.954665,8.265082
1.955075,8.263982
1.955485,8.262881
1.955895,8.261782
1.956305,8.260680
1.956715,8.259578
1.957125,8.258477
1.957535,8.257374
1.957945,8.256270
1.958355,8.255168
1.958765,8.254065
1.959175,8.252959
1.959585,8.251855
1.959995,8.250751
1.960405,8.249644
1.960815,8.248539
1.961225,8.247433
1.961635,8.246326
1.962045,8.245219
1.962455,8.244112
1.962865,8.243003
1.963275,8.241895
1.963685,8.240786
1.964095,8.239676
1.964505,8.238566
1.964915,8.237457
1.965326,8.236347
1.965736,8.235235
1.966146,8.234123
1.966556,8.233012
1.966966,8.231899
1.967376,8.230786
1.967786,8.229674
1.968196,8.228560
1.968606,8.227446
1.969016,8.226332
1.969426,8.225217
1.969836,8.224101
1.970246,8.222985
1.970656,8.221869
1.971066,8.220753
1.971476,8.219636
1.971886,8.218517
1.972296,8.217400
1.972706,8.216281
1.973116,8.215162
1.973526,8.214043
1.973936,8.212923
1.974346,8.211803
1.974756,8.210683
1.975166,8.209561
1.975576,8.208441
1.975986,8.207318
1.976396,8.206195
1.976806,8.205073
1.977216,8.203950
1.977626,8.202826
1.978036,8.201702
1.978446,8.200577
1.978856,8.199451
1.979266,8.198327
1.979676,8.197201
1.980086,8.196074
1.980496,8.194947
1.980906,8.193820
1.981316,8.192692
1.981726,8.191565
1.982136,8.190434
1.982546,8.189306
1.982956,8.188177
1.983366,8.187047
1.983776,8.185916
1.984186,8.184786
1.984596,8.183655
1.985006,8.182523
1.985416,8.181391
1.985826,8.180259
1.986236,8.179125
1.986646,8.177991
1.987056,8.176857
1.987466,8.175724
1.987876,8.174587
1.988286,8.173452
1.988696,8.172317
1.989106,8.171181
1.989516,8.170044
1.989926,8.168907
1.990336,8.167769
1.990746,8.166631
1.991156,8.165492
1.991566,8.164353
1.991976,8.163214
1.992386,8.162074
1.992796,8.160933
1.993206,8.159794
1.993616,8.158651
1.994026,8.157511
1.994436,8.156369
1.994846,8.155226
1.995257,8.154082
1.995667,8.152939
1.996077,8.151795
1.996487,8.150651
1.996897,8.149506
1.997307,8.148361
1.997717,8.147216
1.998127,8.146069
1.998537,8.144921
1.998947,8.143775
1.999357,8.142628
1.999767,8.141479
2.000177,8.140331
2.000587,8.139181
2.000997,8.138033
2.001407,8.136883
2.001817,8.135732
2.002227,8.134582
2.002637,8.133430
2.003047,8.132278
2.003457,8.131126
2.003867,8.129973
2.004277,8.128821
2.004687,8.127666
2.005097,8.126513
2.005507,8.125358
2.005917,8.124204
2.006327,8.123047
2.006737,8.121892
2.007147,8.120736
2.007557,8.119579
2.007967,8.118422
2.008377,8.117265
2.008787,8.116106
2.009197,8.114947
2.009607,8.113788
2.010017,8.112628
2.010427,8.111467
2.010837,8.110307
2.011247,8.109146
2.011657,8.107985
2.012067,8.106823
2.012477,8.105659
2.012887,8.104498
2.013297,8.103334
2.013707,8.102170
2.014117,8.101006
2.014527,8.099841
2.014937,8.098675
2.015347,8.097509
2.015757,8.096344
2.016167,8.095177
2.016577,8.094009
2.016987,8.092842
2.017397,8.091674
2.017807,8.090505
2.018217,8.089336
2.018627,8.088167
2.019037,8.086998
2.019447,8.085827
2.019857,8.084655
2.020267,8.083484
2.020677,8.082312
2.021087,8.081140
2.021497,8.079967
2.021907,8.078794
2.022317,8.077620
2.022727,8.076446
2.023137,8.075271
2.023547,8.074096
2.023957,8.072920
2.024367,8.071744
2.024777,8.070567
2.025188,8.069390
2.025598,8.068213
2.026008,8.067034
2.026418,8.065856
2.026828,8.064677
2.027238,8.063498
2.027648,8.062317
2.028058,8.061137
2.028468,8.059956
2.028878,8.058774
2.029288,8.057592
2.029698,8.056411
2.030108,8.055227
2.030518,8.054044
2.030928,8.052860
2.031338,8.051676
2.031748,8.050490
2.032158,8.049306
2.032568,8.048120
2.032978,8.046934
2.033388,8.045748
2.033798,8.044560
2.034208,8.043372
2.034618,8.042183
2.035028,8.040996
2.035438,8.039806
2.035848,8.038617
2.036258,8.037426
2.036668,8.036236
2.037078,8.035044
2.037488,8.033854
2.037898,8.032661
2.038308,8.031468
2.038718,8.030274
2.039128,8.029081
2.039538,8.027887
2.039948,8.026693
2.040358,8.025497
2.040768,8.024303
2.041178,8.023107
2.041588,8.021911
2.041998,8.020714
2.042408,8.019517
2.042818,8.018317
2.043228,8.017119
2.043638,8.015921
2.044048,8.014721
2.044458,8.013521
2.044868,8.012321
2.045278,8.011120
2.045688,8.009918
2.046098,8.008717
2.046508,8.007514
2.046918,8.006311
2.047328,8.005108
2.047738,8.003904
2.048148,8.002700
2.048558,8.001495
2.048968,8.000289
2.049378,7.999084
2.049788,7.997877
2.050198,7.996671
2.050608,7.995462
2.051018,7.994255
2.051428,7.993047
2.051838,7.991838
2.052248,7.990628
2.052658,7.989420
2.053068,7.988210
2.053478,7.986999
2.053888,7.985786
2.054298,7.984575
2.054708,7.983363
2.055119,7.982150
2.055529,7.980937
2.055939,7.979723
2.056349,7.978509
2.056759,7.977294
2.057169,7.976079
2.057579,7.974863
2.057989,7.973646
2.058399,7.972428
2.058809,7.971213
2.059219,7.969995
2.059629,7.968777
2.060039,7.967558
2.060449,7.966338
2.060859,7.965117
2.061269,7.963898
2.061679,7.962677
2.062089,7.961456
2.062499,7.960234
2.062909,7.959011
2.063319,7.957789
2.063729,7.956566
2.064139,7.955341
2.064549,7.954117
2.064959,7.952893
2.065369,7.951667
2.065779,7.950440
2.066189,7.949215
2.066599,7.947989
2.067009,7.946760
2.067419,7.945533
2.067829,7.944304
2.068239,7.943075
2.068649,7.941846
2.069059,7.940616
2.069469,7.939385
2.069879,7.938153
2.070289,7.936923
2.070699,7.935691
2.071109,7.934459
2.071519,7.933225
2.071929,7.931992
2.072339,7.930758
2.072749,7.929523
2.073159,7.928288
2.073569,7.927053
2.073979,7.925817
2.074389,7.924581
2.074799,7.923343
2.075209,7.922106
2.075619,7.920867
2.076029,7.919629
2.076439,7.918391
2.076849,7.917150
2.077259,7.915910
2.077669,7.914670
2.078079,7.913428
2.078489,7.912186
2.078899,7.910944
2.079309,7.909702
2.079719,7.908458
2.080129,7.907214
2.080539,7.905970
2.080949,7.904725
2.081359,7.903481
2.081769,7.902234
2.082179,7.900988
2.082589,7.899741
2.082999,7.898493
2.083409,7.897245
2.083819,7.895998
2.084229,7.894748
2.084639,7.893498
2.085050,7.892248
2.085460,7.890998
2.085870,7.889748
2.086280,7.888495
2.086690,7.887243
2.087100,7.885991
2.087510,7.884738
2.087920,7.883484
2.088330,7.882230
2.088740,7.880975
2.089150,7.879720
2.089560,7.878465
2.089970,7.877209
2.090380,7.875952
2.090790,7.874694
2.091200,7.873436
2.091610,7.872178
2.092020,7.870919
2.092430,7.869659
2.092840,7.868400
2.093250,7.867139
2.093660,7.865877
2.094070,7.864617
2.094480,7.863354
2.094890,7.862093
2.095300,7.860828
2.095710,7.859566
2.096120,7.858301
2.096530,7.857037
2.096940,7.855772
2.097350,7.854506
2.097760,7.853239
2.098170,7.851972
2.098580,7.850706
2.098990,7.849438
2.099400,7.848169
2.099810,7.846901
2.100220,7.845632
2.100630,7.844360
2.101040,7.843090
2.101450,7.841820
2.101860,7.840548
2.102270,7.839275
2.102680,7.838003
2.103090,7.836731
2.103500,7.835457
2.103910,7.834183
2.104320,7.832909
2.104730,7.831633
2.105140,7.830357
2.105550,7.829080
2.105960,7.827804
2.106370,7.826526
2.106780,7.825248
2.107190,7.823970
2.107600,7.822692
2.108010,7.821412
2.108420,7.820131
2.108830,7.818851
2.109240,7.817570
2.109650,7.816288
2.110060,7.815005
2.110470,7.813723
2.110880,7.812440
2.111290,7.811156
2.111700,7.809872
2.112110,7.808587
2.112520,7.807301
2.112930,7.806016
2.113340,7.804729
2.113750,7.803443
2.114160,7.802155
2.114570,7.800867
2.114980,7.799578
2.115391,7.798289
2.115801,7.796999
2.116211,7.795710
2.116621,7.794418
2.117031,7.793127
2.117441,7.791835
2.117851,7.790543
2.118261,7.789249
2.118671,7.787955
2.119081,7.786662
2.119491,7.785367
2.119901,7.784072
2.120311,7.782776
2.120721,7.781481
2.121131,7.780184
2.121541,7.778887
2.121951,7.777589
2.122361,7.776290
2.122771,7.774991
2.123181,7.773691
2.123591,7.772392
2.124001,7.771091
2.124411,7.769790
2.124821,7.768489
2.125231,7.767186
2.125641,7.765883
2.126051,7.764580
2.126461,7.763277
2.126871,7.761972
2.127281,7.760668
2.127691,7.759361
2.128101,7.758056
2.128511,7.756750
2.128921,7.755442
2.129331,7.754135
2.129741,7.752827
2.130151,7.751517
2.130561,7.750208
2.130971,7.748899
2.131381,7.747588
2.131791,7.746277
2.132201,7.744967
2.132611,7.743654
2.133021,7.742341
2.133431,7.741028
2.133841,7.739715
2.134251,7.738400
2.134661,7.737085
2.135071,7.735769
2.135481,7.734454
2.135891,7.733138
2.136301,7.731820
2.136711,7.730504
2.137121,7.729186
2.137531,7.727866
2.137941,7.726547
2.138351,7.725228
2.138761,7.723907
2.139171,7.722586
2.139581,7.721265
2.139991,7.719943
2.140401,7.718620
2.140811,7.717297
2.141221,7.715974
2.141631,7.714649
2.142041,7.713325
2.142451,7.712000
2.142861,7.710674
2.143271,7.709348
2.143681,7.708020
2.144091,7.706693
2.144501,7.705365
2.144911,7.704036
2.145322,7.702707
2.145732,7.701377
2.146142,7.700047
2.146552,7.698716
2.146962,7.697386
2.147372,7.696053
2.147782,7.694720
2.148192,7.693386
2.148602,7.692054
2.149012,7.690719
2.149422,7.689385
2.149832,7.688049
2.150242,7.686714
2.150652,7.685377
2.151062,7.684040
2.151472,7.682703
2.151882,7.681364
2.152292,7.680025
2.152702,7.678686
2.153112,7.677347
2.153522,7.676006
2.153932,7.674664
2.154342,7.673325
2.154752,7.671983
2.155162,7.670640
2.155572,7.669296
2.155982,7.667953
2.156392,7.666608
2.156802,7.665263
2.157212,7.663918
2.157622,7.662573
2.158032,7.661226
2.158442,7.659879
2.158852,7.658531
2.159262,7.657184
2.159672,7.655834
2.160082,7.654484
2.160492,7.653135
2.160902,7.651784
2.161312,7.650434
2.161722,7.649082
2.162132,7.647729
2.162542,7.646378
2.162952,7.645022
2.163362,7.643670
2.163772,7.642315
2.164182,7.640960
2.164592,7.639604
2.165002,7.638248
2.165412,7.636891
2.165822,7.635534
2.166232,7.634176
2.166642,7.632818
2.167052,7.631458
2.167462,7.630099
2.167872,7.628739
2.168282,7.627378
2.168692,7.626017
2.169102,7.624656
2.169512,7.623294
2.169922,7.621930
2.170332,7.620566
2.170742,7.619203
2.171152,7.617838
2.171562,7.616472
2.171972,7.615106
2.172382,7.613741
2.172792,7.612373
2.173202,7.611006
2.173612,7.609638
2.174022,7.608269
2.174432,7.606899
2.174842,7.605529
2.175253,7.604159
2.175663,7.602789
2.176073,7.601417
2.176483,7.600045
2.176893,7.598672
2.177303,7.597299
2.177713,7.595925
2.178123,7.594551
2.178533,7.593176
2.178943,7.591800
2.179353,7.590423
2.179763,7.589047
2.180173,7.587669
2.180583,7.586292
2.180993,7.584914
2.181403,7.583535
2.181813,7.582155
2.182223,7.580774
2.182633,7.579394
2.183043,7.578013
2.183453,7.576631
2.183863,7.575249
2.184273,7.573866
2.184683,7.572482
2.185093,7.571097
2.185503,7.569714
2.185913,7.568328
2.186323,7.566941
2.186733,7.565556
2.187143,7.564168
2.187553,7.562780
2.187963,7.561392
2.188373,7.560003
2.188783,7.558614
2.189193,7.557224
2.189603,7.555833
2.190013,7.554442
2.190423,7.553051
2.190833,7.551659
2.191243,7.550265
2.191653,7.548872
2.192063,7.547478
2.192473,7.546082
2.192883,7.544688
2.193293,7.543293
2.193703,7.541895
2.194113,7.540499
2.194523,7.539102
2.194933,7.537704
2.195343,7.536304
2.195753,7.534905
2.196163,7.533505
2.196573,7.532104
2.196983,7.530704
2.197393,7.529303
2.197803,7.527900
2.198213,7.526498
2.198623,7.525095
2.199033,7.523690
2.199443,7.522285
2.199853,7.520880
2.200263,7.519475
2.200673,7.518068
2.201083,7.516662
2.201493,7.515253
2.201903,7.513846
2.202313,7.512437
2.202723,7.511027
2.203133,7.509619
2.203543,7.508208
2.203953,7.506797
2.204363,7.505386
2.204773,7.503974
2.205184,7.502561
2.205594,7.501147
2.206004,7.499734
2.206414,7.498320
2.206824,7.496904
2.207234,7.495488
2.207644,7.494072
2.208054,7.492656
2.208464,7.491238
2.208874,7.489820
2.209284,7.488402
2.209694,7.486982
2.210104,7.485562
2.210514,7.484142
2.210924,7.482722
2.211334,7.481300
2.211744,7.479877
2.212154,7.478456
2.212564,7.477032
2.212974,7.475607
2.213384,7.474183
2.213794,7.472758
2.214204,7.471333
2.214614,7.469907
2.215024,7.468480
2.215434,7.467052
2.215844,7.465624
2.216254,7.464195
2.216664,7.462767
2.217074,7.461337
2.217484,7.459906
2.217894,7.458475
2.218304,7.457044
2.218714,7.455611
2.219124,7.454179
2.219534,7.452745
2.219944,7.451312
2.220354,7.449877
2.220764,7.448442
2.221174,7.447006
2.221584,7.445570
2.221994,7.444133
2.222404,7.442696
2.222814,7.441257
2.223224,7.439818
2.223634,7.438379
2.224044,7.436939
2.224454,7.435499
2.224864,7.434058
2.225274,7.432617
2.225684,7.431174
2.226094,7.429731
2.226504,7.428288
2.226914,7.426845
2.227324,7.425400
2.227734,7.423954
2.228144,7.422508
2.228554,7.421062
2.228964,7.419614
2.229374,7.418166
2.229784,7.416719
2.230194,7.415270
2.230604,7.413821
2.231014,7.412372
2.231424,7.410920
2.231834,7.409469
2.232244,7.408017
2.232654,7.406566
2.233064,7.405112
2.233474,7.403658
2.233884,7.402205
2.234294,7.400749
2.234704,7.399294
2.235115,7.397838
2.235525,7.396382
2.235935,7.394925
2.236345,7.393467
2.236755,7.392009
2.237165,7.390551
2.237575,7.389091
2.237985,7.387630
2.238395,7.386170
2.238805,7.384708
2.239215,7.383246
2.239625,7.381783
2.240035,7.380321
2.240445,7.378857
2.240855,7.377392
2.241265,7.375927
2.241675,7.374461
2.242085,7.372995
2.242495,7.371529
2.242905,7.370062
2.243315,7.368593
2.243725,7.367126
2.244135,7.365655
2.244545,7.364187
2.244955,7.362717
2.245365,7.361245
2.245775,7.359774
2.246185,7.358302
2.246595,7.356830
2.247005,7.355355
2.247415,7.353882
2.247825,7.352407
2.248235,7.350932
2.248645,7.349456
2.249055,7.347980
2.249465,7.346503
2.249875,7.345025
2.250285,7.343548
2.250695,7.342069
2.251105,7.340589
2.251515,7.339109
2.251925,7.337628
2.252335,7.336148
2.252745,7.334666
2.253155,7.333184
2.253565,7.331700
2.253975,7.330217
2.254385,7.328732
2.254795,7.327248
2.255205,7.325763
2.255615,7.324277
2.256025,7.322789
2.256435,7.321303
2.256845,7.319816
2.257255,7.318326
2.257665,7.316836
2.258075,7.315348
2.258485,7.313858
2.258895,7.312367
2.259305,7.310876
2.259715,7.309384
2.260125,7.307890
2.260535,7.306398
2.260945,7.304904
2.261355,7.303410
2.261765,7.301914
2.262175,7.300419
2.262585,7.298923
2.262995,7.297425
2.263405,7.295929
2.263815,7.294431
2.264225,7.292932
2.264635,7.291432
2.265046,7.289933
2.265456,7.288432
2.265866,7.286931
2.266276,7.285428
2.266686,7.283927
2.267096,7.282425
2.267506,7.280920
2.267916,7.279417
2.268326,7.277911
2.268736,7.276405
2.269146,7.274899
2.269556,7.273394
2.269966,7.271887
2.270376,7.270378
2.270786,7.268870
2.271196,7.267362
2.271606,7.265852
2.272016,7.264341
2.272426,7.262831
2.272836,7.261320
2.273246,7.259808
2.273656,7.258294
2.274066,7.256782
2.274476,7.255268
2.274886,7.253753
2.275296,7.252239
2.275706,7.250724
2.276116,7.249207
2.276526,7.247689
2.276936,7.246173
2.277346,7.244654
2.277756,7.243134
2.278166,7.241615
2.278576,7.240096
2.278986,7.238575
2.279396,7.237054
2.279806,7.235534
2.280216,7.234011
2.280626,7.232488
2.281036,7.230963
2.281446,7.229440
2.281856,7.227915
2.282266,7.226389
2.282676,7.224864
2.283086,7.223336
2.283496,7.221809
2.283906,7.220282
2.284316,7.218754
2.284726,7.217225
2.285136,7.215694
2.285546,7.214164
2.285956,7.212634
2.286366,7.211102
2.286776,7.209570
2.287186,7.208038
2.287596,7.206505
2.288006,7.204970
2.288416,7.203435
2.288826,7.201900
2.289236,7.200365
2.289646,7.198829
2.290056,7.197292
2.290466,7.195755
2.290876,7.194216
2.291286,7.192677
2.291696,7.191137
2.292106,7.189597
2.292516,7.188057
2.292926,7.186516
2.293336,7.184975
2.293746,7.183432
2.294156,7.181888
2.294566,7.180346
2.294976,7.178801
2.295387,7.177256
2.295797,7.175710
2.296207,7.174164
2.296617,7.172617
2.297027,7.171069
2.297437,7.169523
2.297847,7.167974
2.298257,7.166425
2.298667,7.164874
2.299077,7.163324
2.299487,7.161773
2.299897,7.160221
2.300307,7.158670
2.300717,7.157117
2.301127,7.155563
2.301537,7.154009
2.301947,7.152454
2.302357,7.150899
2.302767,7.149343
2.303177,7.147786
2.303587,7.146230
2.303997,7.144671
2.304407,7.143113
2.304817,7.141555
2.305227,7.139996
2.305637,7.138434
2.306047,7.136874
2.306457,7.135313
2.306867,7.133751
2.307277,7.132188
2.307687,7.130626
2.308097,7.129062
2.308507,7.127497
2.308917,7.125932
2.309327,7.124366
2.309737,7.122800
2.310147,7.121233
2.310557,7.119665
2.310967,7.118098
2.311377,7.116529
2.311787,7.114959
2.312197,7.113390
2.312607,7.111819
2.313017,7.110248
2.313427,7.108676
2.313837,7.107103
2.314247,7.105531
2.314657,7.103957
2.315067,7.102384
2.315477,7.100809
2.315887,7.099233
2.316297,7.097657
2.316707,7.096081
2.317117,7.094503
2.317527,7.092925
2.317937,7.091347
2.318347,7.089768
2.318757,7.088188
2.319167,7.086607
2.319577,7.085027
2.319987,7.083445
2.320397,7.081863
2.320807,7.080279
2.321217,7.078697
2.321627,7.077113
2.322037,7.075528
2.322447,7.073944
2.322857,7.072357
2.323267,7.070771
2.323677,7.069183
2.324087,7.067596
2.324497,7.066008
2.324907,7.064420
2.325318,7.062830
2.325728,7.061241
2.326138,7.059649
2.326548,7.058057
2.326958,7.056467
2.327368,7.054874
2.327778,7.053280
2.328188,7.051687
2.328598,7.050093
2.329008,7.048498
2.329418,7.046902
2.329828,7.045306
2.330238,7.043710
2.330648,7.042112
2.331058,7.040514
2.331468,7.038915
2.331878,7.037316
2.332288,7.035716
2.332698,7.034116
2.333108,7.032516
2.333518,7.030912
2.333928,7.029310
2.334338,7.027708
2.334748,7.026104
2.335158,7.024500
2.335568,7.022896
2.335978,7.021290
2.336388,7.019685
2.336798,7.018079
2.337208,7.016471
2.337618,7.014864
2.338028,7.013255
2.338438,7.011645
2.338848,7.010037
2.339258,7.008426
2.339668,7.006815
2.340078,7.005203
2.340488,7.003592
2.340898,7.001980
2.341308,7.000366
2.341718,6.998753
2.342128,6.997139
2.342538,6.995522
2.342948,6.993907
2.343358,6.992291
2.343768,6.990674
2.344178,6.989057
2.344588,6.987439
2.344998,6.985821
2.345408,6.984200
2.345818,6.982580
2.346228,6.980961
2.346638,6.979340
2.347048,6.977717
2.347458,6.976095
2.347868,6.974473
2.348278,6.972850
2.348688,6.971224
2.349098,6.969601
2.349508,6.967975
2.349918,6.966349
2.350328,6.964722
2.350738,6.963096
2.351148,6.961467
2.351558,6.959838
2.351968,6.958210
2.352378,6.956580
2.352788,6.954949
2.353198,6.953319
2.353608,6.951688
2.354018,6.950056
2.354428,6.948423
2.354838,6.946790
2.355249,6.945157
2.355659,6.943521
2.356069,6.941886
2.356479,6.940252
2.356889,6.938615
2.357299,6.936977
2.357709,6.935340
2.358119,6.933703
2.358529,6.932064
2.358939,6.930425
2.359349,6.928786
2.359759,6.927145
2.360169,6.925504
2.360579,6.923862
2.360989,6.922219
2.361399,6.920576
2.361809,6.918933
2.362219,6.917289
2.362629,6.915645
2.363039,6.913999
2.363449,6.912354
2.363859,6.910707
2.364269,6.909060
2.364679,6.907413
2.365089,6.905764
2.365499,6.904115
2.365909,6.902466
2.366319,6.900815
2.366729,6.899165
2.367139,6.897513
2.367549,6.895861
2.367959,6.894208
2.368369,6.892555
2.368779,6.890902
2.369189,6.889247
2.369599,6.887592
2.370009,6.885938
2.370419,6.884280
2.370829,6.882624
2.371239,6.880967
2.371649,6.879309
2.372059,6.877650
2.372469,6.875992
2.372879,6.874331
2.373289,6.872671
2.373699,6.871011
2.374109,6.869349
2.374519,6.867687
2.374929,6.866023
2.375339,6.864361
2.375749,6.862697
2.376159,6.861032
2.376569,6.859367
2.376979,6.857700
2.377389,6.856035
2.377799,6.854368
2.378209,6.852700
2.378619,6.851032
2.379029,6.849363
2.379439,6.847695
2.379849,6.846025
2.380259,6.844355
2.380669,6.842683
2.381079,6.841011
2.381489,6.839339
2.381899,6.837667
2.382309,6.835993
2.382719,6.834318
2.383129,6.832644
2.383539,6.830969
2.383949,6.829292
2.384359,6.827617
2.384769,6.825939
2.385180,6.824262
2.385590,6.822583
2.386000,6.820906
2.386410,6.819226
2.386820,6.817546
2.387230,6.815864
2.387640,6.814185
2.388050,6.812502
2.388460,6.810821
2.388870,6.809138
2.389280,6.807454
2.389690,6.805769
2.390100,6.804085
2.390510,6.802399
2.390920,6.800714
2.391330,6.799026
2.391740,6.797339
2.392150,6.795651
2.392560,6.793962
2.392970,6.792274
2.393380,6.790586
2.393790,6.788895
2.394200,6.787205
2.394610,6.785514
2.395020,6.783821
2.395430,6.782129
2.395840,6.780436
2.396250,6.778743
2.396660,6.777048
2.397070,6.775353
2.397480,6.773658
2.397890,6.771963
2.398300,6.770267
2.398710,6.768569
2.399120,6.766871
2.399530,6.765173
2.399940,6.763474
2.400350,6.761774
2.400760,6.760076
2.401170,6.758374
2.401580,6.756673
2.401990,6.754970
2.402400,6.753268
2.402810,6.751565
2.403220,6.749861
2.403630,6.748158
2.404040,6.746453
2.404450,6.744748
2.404860,6.743041
2.405270,6.741336
2.405680,6.739628
2.406090,6.737921
2.406500,6.736213
2.406910,6.734504
2.407320,6.732795
2.407730,6.731084
2.408140,6.729374
2.408550,6.727663
2.408960,6.725951
2.409370,6.724238
2.409780,6.722527
2.410190,6.720812
2.410600,6.719098
2.411010,6.717385
2.411420,6.715669
2.411830,6.713953
2.412240,6.712235
2.412650,6.710520
2.413060,6.708802
2.413470,6.707084
2.413880,6.705365
2.414290,6.703646
2.414700,6.701926
2.415111,6.700206
2.415521,6.698485
2.415931,6.696764
2.416341,6.695042
2.416751,6.693318
2.417161,6.691595
2.417571,6.689872
2.417981,6.688148
2.418391,6.686421
2.418801,6.684697
2.419211,6.682970
2.419621,6.681243
2.420031,6.679516
2.420441,6.677788
2.420851,6.676060
2.421261,6.674332
2.421671,6.672601
2.422081,6.670871
2.422491,6.669140
2.422901,6.667409
2.423311,6.665677
2.423721,6.663945
2.424131,6.662211
2.424541,6.660478
2.424951,6.658744
2.425361,6.657008
2.425771,6.655274
2.426181,6.653538
2.426591,6.651801
2.427001,6.650064
2.427411,6.648327
2.427821,6.646589
2.428231,6.644849
2.428641,6.643111
2.429051,6.641371
2.429461,6.639630
2.429871,6.637889
2.430281,6.636148
2.430691,6.634406
2.431101,6.632664
2.431511,6.630919
2.431921,6.629176
2.432331,6.627432
2.432741,6.625688
2.433151,6.623941
2.433561,6.622195
2.433971,6.620448
2.434381,6.618701
2.434791,6.616954
2.435201,6.615205
2.435611,6.613457
2.436021,6.611709
2.436431,6.609958
2.436841,6.608207
2.437251,6.606456
2.437661,6.604705
2.438071,6.602952
2.438481,6.601200
2.438891,6.599445
2.439301,6.597692
2.439711,6.595937
2.440121,6.594182
2.440531,6.592427
2.440941,6.590672
2.441351,6.588913
2.441761,6.587156
2.442171,6.585399
2.442581,6.583640
2.442991,6.581882
2.443401,6.580123
2.443811,6.578362
2.444221,6.576601
2.444631,6.574841
2.445042,6.573079
2.445452,6.571317
2.445862,6.569553
2.446272,6.567790
2.446682,6.566027
2.447092,6.564262
2.447502,6.562497
2.447912,6.560732
2.448322,6.558966
2.448732,6.557199
2.449142,6.555431
2.449552,6.553664
2.449962,6.551896
2.450372,6.550127
2.450782,6.548358
2.451192,6.546588
2.451602,6.544817
2.452012,6.543046
2.452422,6.541276
2.452832,6.539503
2.453242,6.537730
2.453652,6.535955
2.454062,6.534183
2.454472,6.532408
2.454882,6.530633
2.455292,6.528859
2.455702,6.527083
2.456112,6.525306
2.456522,6.523529
2.456932,6.521751
2.457342,6.519975
2.457752,6.518194
2.458162,6.516417
2.458572,6.514636
2.458982,6.512856
2.459392,6.511075
2.459802,6.509294
2.460212,6.507511
2.460622,6.505730
2.461032,6.503946
2.461442,6.502164
2.461852,6.500379
2.462262,6.498593
2.462672,6.496810
2.463082,6.495024
2.463492,6.493237
2.463902,6.491449
2.464312,6.489664
2.464722,6.487877
2.465132,6.486087
2.465542,6.484299
2.465952,6.482510
2.466362,6.480720
2.466772,6.478930
2.467182,6.477139
2.467592,6.475347
2.468002,6.473555
2.468412,6.471762
2.468822,6.469969
2.469232,6.468175
2.469642,6.466382
2.470052,6.464586
2.470462,6.462792
2.470872,6.460996
2.471282,6.459199
2.471692,6.457403
2.472102,6.455606
2.472512,6.453807
2.472922,6.452010
2.473332,6.450211
2.473742,6.448412
2.474152,6.446611
2.474562,6.444812
2.474972,6.443010
2.475383,6.441209
2.475793,6.439408
2.476203,6.437605
2.476613,6.435801
2.477023,6.433998
2.477433,6.432193
2.477843,6.430389
2.478253,6.428583
2.478663,6.426778
2.479073,6.424973
2.479483,6.423165
2.479893,6.421359
2.480303,6.419551
2.480713,6.417743
2.481123,6.415934
2.481533,6.414124
2.481943,6.412314
2.482353,6.410506
2.482763,6.408693
2.483173,6.406883
2.483583,6.405071
2.483993,6.403259
2.484403,6.401445
2.484813,6.399632
2.485223,6.397820
2.485633,6.396004
2.486043,6.394189
2.486453,6.392375
2.486863,6.390558
2.487273,6.388741
2.487683,6.386926
2.488093,6.385108
2.488503,6.383290
2.488913,6.381472
2.489323,6.379654
2.489733,6.377833
2.490143,6.376014
2.490553,6.374194
2.490963,6.372372
2.491373,6.370551
2.491783,6.368730
2.492193,6.366907
2.492603,6.365084
2.493013,6.363260
2.493423,6.361436
2.493833,6.359612
2.494243,6.357788
2.494653,6.355962
2.495063,6.354136
2.495473,6.352309
2.495883,6.350482
2.496293,6.348655
2.496703,6.346828
2.497113,6.344999
2.497523,6.343170
2.497933,6.341342
2.498343,6.339512
2.498753,6.337681
2.499163,6.335850
2.499573,6.334020
2.499983,6.332187
2.500393,6.330354
2.500803,6.328521
2.501213,6.326689
2.501623,6.324855
2.502033,6.323021
2.502443,6.321186
2.502853,6.319351
2.503263,6.317513
2.503673,6.315679
2.504083,6.313843
2.504493,6.312005
2.504903,6.310166
2.505314,6.308331
2.505724,6.306492
2.506134,6.304651
2.506544,6.302813
2.506954,6.300973
2.507364,6.299132
2.507774,6.297290
2.508184,6.295448
2.508594,6.293607
2.509004,6.291764
2.509414,6.289921
2.509824,6.288079
2.510234,6.286234
2.510644,6.284389
2.511054,6.282546
2.511464,6.280700
2.511874,6.278855
2.512284,6.277008
2.512694,6.275162
2.513104,6.273314
2.513514,6.271466
2.513924,6.269618
2.514334,6.267770
2.514744,6.265921
2.515154,6.264071
2.515564,6.262220
2.515974,6.260371
2.516384,6.258520
2.516794,6.256668
2.517204,6.254817
2.517614,6.252966
2.518024,6.251112
2.518434,6.249258
2.518844,6.247406
2.519254,6.245551
2.519664,6.243696
2.520074,6.241842
2.520484,6.239985
2.520894,6.238130
2.521304,6.236273
2.521714,6.234417
2.522124,6.232560
2.522534,6.230700
2.522944,6.228843
2.523354,6.226985
2.523764,6.225123
2.524174,6.223265
2.524584,6.221406
2.524994,6.219544
2.525404,6.217683
2.525814,6.215821
2.526224,6.213961
2.526634,6.212098
2.527044,6.210236
2.527454,6.208373
2.527864,6.206509
2.528274,6.204643
2.528684,6.202780
2.529094,6.200914
2.529504,6.199049
2.529914,6.197183
2.530324,6.195316
2.530734,6.193451
2.531144,6.191583
2.531554,6.189714
2.531964,6.187847
2.532374,6.185979
2.532784,6.184109
2.533194,6.182240
2.533604,6.180370
2.534014,6.178499
2.534424,6.176628
2.534834,6.174758
2.535245,6.172886
2.535655,6.171015
2.536065,6.169141
2.536475,6.167269
2.536885,6.165396
2.537295,6.163522
2.537705,6.161647
2.538115,6.159773
2.538525,6.157897
2.538935,6.156021
2.539345,6.154146
2.539755,6.152270
2.540165,6.150393
2.540575,6.148515
2.540985,6.146638
2.541395,6.144759
2.541805,6.142880
2.542215,6.141003
2.542625,6.139123
2.543035,6.137243
2.543445,6.135363
2.543855,6.133482
2.544265,6.131602
2.544675,6.129719
2.545085,6.127836
2.545495,6.125956
2.545905,6.124074
2.546315,6.122190
2.546725,6.120306
2.547135,6.118423
2.547545,6.116538
2.547955,6.114653
2.548365,6.112769
2.548775,6.110883
2.549185,6.108996
2.549595,6.107110
2.550005,6.105223
2.550415,6.103335
2.550825,6.101447
2.551235,6.099561
2.551645,6.097671
2.552055,6.095781
2.552465,6.093892
2.552875,6.092004
2.553285,6.090114
2.553695,6.088223
2.554105,6.086331
2.554515,6.084441
2.554925,6.082547
2.555335,6.080656
2.555745,6.078765
2.556155,6.076871
2.556565,6.074978
2.556975,6.073085
2.557385,6.071191
2.557795,6.069296
2.558205,6.067402
2.558615,6.065505
2.559025,6.063610
2.559435,6.061712
2.559845,6.059817
2.560255,6.057921
2.560665,6.056023
2.561075,6.054126
2.561485,6.052228
2.561895,6.050328
2.562305,6.048429
2.562715,6.046531
2.563125,6.044631
2.563535,6.042731
2.563945,6.040831
2.564355,6.038931
2.564765,6.037029
2.565176,6.035127
2.565586,6.033225
2.565996,6.031323
2.566406,6.029422
2.566816,6.027516
2.567226,6.025615
2.567636,6.023711
2.568046,6.021806
2.568456,6.019901
2.568866,6.017998
2.569276,6.016091
2.569686,6.014186
2.570096,6.012280
2.570506,6.010373
2.570916,6.008468
2.571326,6.006559
2.571736,6.004653
2.572146,6.002745
2.572556,6.000835
2.572966,5.998926
2.573376,5.997020
2.573786,5.995110
2.574196,5.993199
2.574606,5.991290
2.575016,5.989380
2.575426,5.987469
2.575836,5.985557
2.576246,5.983645
2.576656,5.981734
2.577066,5.979821
2.577476,5.977909
2.577886,5.975997
2.578296,5.974082
2.578706,5.972169
2.579116,5.970256
2.579526,5.968342
2.579936,5.966427
2.580346,5.964510
2.580756,5.962596
2.581166,5.960680
2.581576,5.958764
2.581986,5.956848
2.582396,5.954931
2.582806,5.953012
2.583216,5.951096
2.583626,5.949179
2.584036,5.947260
2.584446,5.945342
2.584856,5.943422
2.585266,5.941504
2.585676,5.939585
2.586086,5.937663
2.586496,5.935745
2.586906,5.933824
2.587316,5.931902
2.587726,5.929981
2.588136,5.928060
2.588546,5.926137
2.588956,5.924214
2.589366,5.922293
2.589776,5.920369
2.590186,5.918447
2.590596,5.916523
2.591006,5.914598
2.591416,5.912675
2.591826,5.910749
2.592236,5.908824
2.592646,5.906900
2.593056,5.904974
2.593466,5.903049
2.593876,5.901123
2.594286,5.899196
2.594696,5.897268
2.595107,5.895341
2.595517,5.893414
2.595927,5.891487
2.596337,5.889559
2.596747,5.887630
2.597157,5.885701
2.597567,5.883773
2.597977,5.881843
2.598387,5.879914
2.598797,5.877983
2.599207,5.876052
2.599617,5.874122
2.600027,5.872191
2.600437,5.870260
2.600847,5.868329
2.601257,5.866397
2.601667,5.864464
2.602077,5.862532
2.602487,5.860600
2.602897,5.858666
2.603307,5.856732
2.603717,5.854798
2.604127,5.852865
2.604537,5.850931
2.604947,5.848995
2.605357,5.847061
2.605767,5.845126
2.606177,5.843191
2.606587,5.841255
2.606997,5.839318
2.607407,5.837382
2.607817,5.835445
2.608227,5.833508
2.608637,5.831572
2.609047,5.829634
2.609457,5.827696
2.609867,5.825757
2.610277,5.823820
2.610687,5.821881
2.611097,5.819941
2.611507,5.818002
2.611917,5.816063
2.612327,5.814122
2.612737,5.812181
2.613147,5.810243
2.613557,5.808302
2.613967,5.806361
2.614377,5.804419
2.614787,5.802479
2.615197,5.800536
2.615607,5.798594
2.616017,5.796652
2.616427,5.794710
2.616837,5.792767
2.617247,5.790822
2.617657,5.788879
2.618067,5.786937
2.618477,5.784991
2.618887,5.783049
2.619297,5.781103
2.619707,5.779158
2.620117,5.777213
2.620527,5.775269
2.620937,5.773323
2.621347,5.771377
2.621757,5.769430
2.622167,5.767485
2.622577,5.765537
2.622987,5.763591
2.623397,5.761644
2.623807,5.759697
2.624217,5.757749
2.624627,5.755800
2.625038,5.753853
2.625448,5.751904
2.625858,5.749956
2.626268,5.748007
2.626678,5.746058
2.627088,5.744108
2.627498,5.742159
2.627908,5.740209
2.628318,5.738259
2.628728,5.736308
2.629138,5.734358
2.629548,5.732408
2.629958,5.730455
2.630368,5.728503
2.630778,5.726553
2.631188,5.724602
2.631598,5.722649
2.632008,5.720696
2.632418,5.718743
2.632828,5.716792
2.633238,5.714838
2.633648,5.712886
2.634058,5.710932
2.634468,5.708979
2.634878,5.707024
2.635288,5.705070
2.635698,5.703115
2.636108,5.701160
2.636518,5.699205
2.636928,5.697251
2.637338,5.695295
2.637748,5.693340
2.638158,5.691384
2.638568,5.689428
2.638978,5.687471
2.639388,5.685515
2.639798,5.683559
2.640208,5.681602
2.640618,5.679645
2.641028,5.677689
2.641438,5.675731
2.641848,5.673772
2.642258,5.671814
2.642668,5.669856
2.643078,5.667898
2.643488,5.665939
2.643898,5.663980
2.644308,5.662022
2.644718,5.660063
2.645128,5.658103
2.645538,5.656144
2.645948,5.654183
2.646358,5.652223
2.646768,5.650264
2.647178,5.648302
2.647588,5.646343
2.647998,5.644382
2.648408,5.642421
2.648818,5.640460
2.649228,5.638498
2.649638,5.636536
2.650048,5.634574
2.650458,5.632613
2.650868,5.630651
2.651278,5.628688
2.651688,5.626726
2.652098,5.624763
2.652508,5.622800
2.652918,5.620837
2.653328,5.618874
2.653738,5.616910
2.654148,5.614945
2.654558,5.612984
2.654968,5.611019
2.655379,5.609054
2.655789,5.607090
2.656199,5.605126
2.656609,5.603161
2.657019,5.601195
2.657429,5.599231
2.657839,5.597265
2.658249,5.595300
2.658659,5.593335
2.659069,5.591369
2.659479,5.589403
2.659889,5.587436
2.660299,5.585470
2.660709,5.583504
2.661119,5.581537
2.661529,5.579569
2.661939,5.577603
2.662349,5.575638
2.662759,5.573670
2.663169,5.571701
2.663579,5.569734
2.663989,5.567765
2.664399,5.565798
2.664809,5.563830
2.665219,5.561861
2.665629,5.559894
2.666039,5.557925
2.666449,5.555956
2.666859,5.553988
2.667269,5.552017
2.667679,5.550049
2.668089,5.548079
2.668499,5.546110
2.668909,5.544140
2.669319,5.542171
2.669729,5.540202
2.670139,5.538231
2.670549,5.536262
2.670959,5.534290
2.671369,5.532320
2.671779,5.530349
2.672189,5.528378
2.672599,5.526408
2.673009,5.524438
2.673419,5.522466
2.673829,5.520494
2.674239,5.518523
2.674649,5.516552
2.675059,5.514581
2.675469,5.512609
2.675879,5.510636
2.676289,5.508664
2.676699,5.506693
2.677109,5.504720
2.677519,5.502748
2.677929,5.500775
2.678339,5.498802
2.678749,5.496830
2.679159,5.494856
2.679569,5.492884
2.679979,5.490911
2.680389,5.488936
2.680799,5.486965
2.681209,5.484990
2.681619,5.483016
2.682029,5.481043
2.682439,5.479069
2.682849,5.477095
2.683259,5.475121
2.683669,5.473146
2.684079,5.471173
2.684489,5.469198
2.684899,5.467223
2.685310,5.465250
2.685720,5.463275
2.686130,5.461300
2.686540,5.459324
2.686950,5.457351
2.687360,5.455375
2.687770,5.453399
2.688180,5.451425
2.688590,5.449450
2.689000,5.447474
2.689410,5.445498
2.689820,5.443522
2.690230,5.441547
2.690640,5.439569
2.691050,5.437593
2.691460,5.435619
2.691870,5.433642
2.692280,5.431666
2.692690,5.429690
2.693100,5.427713
2.693510,5.425736
2.693920,5.423759
2.694330,5.421784
2.694740,5.419806
2.695150,5.417830
2.695560,5.415854
2.695970,5.413878
2.696380,5.411900
2.696790,5.409923
2.697200,5.407947
2.697610,5.405970
2.698020,5.403991
2.698430,5.402013
2.698840,5.400036
2.699250,5.398059
2.699660,5.396081
2.700070,5.394104
2.700480,5.392126
2.700890,5.390148
2.701300,5.388170
2.701710,5.386193
2.702120,5.384214
2.702530,5.382236
2.702940,5.380258
2.703350,5.378281
2.703760,5.376302
2.704170,5.374324
2.704580,5.372347
2.704990,5.370368
2.705400,5.368388
2.705810,5.366410
2.706220,5.364432
2.706630,5.362453
2.707040,5.360474
2.707450,5.358498
2.707860,5.356518
2.708270,5.354539
2.708680,5.352559
2.709090,5.350583
2.709500,5.348603
2.709910,5.346624
2.710320,5.344646
2.710730,5.342667
2.711140,5.340687
2.711550,5.338708
2.711960,5.336730
2.712370,5.334749
2.712780,5.332770
2.713190,5.330791
2.713600,5.328814
2.714010,5.326833
2.714420,5.324853
2.714830,5.322875
2.715241,5.320894
2.715651,5.318916
2.716061,5.316937
2.716471,5.314959
2.716881,5.312979
2.717291,5.310999
2.717701,5.309019
2.718111,5.307038
2.718521,5.305061
2.718931,5.303081
2.719341,5.301102
2.719751,5.299122
2.720161,5.297142
2.720571,5.295162
2.720981,5.293182
2.721391,5.291203
2.721801,5.289224
2.722211,5.287246
2.722621,5.285265
2.723031,5.283286
2.723441,5.281305
2.723851,5.279327
2.724261,5.277347
2.724671,5.275367
2.725081,5.273389
2.725491,5.271409
2.725901,5.269428
2.726311,5.267449
2.726721,5.265470
2.727131,5.263490
2.727541,5.261511
2.727951,5.259530
2.728361,5.257551
2.728771,5.255572
2.729181,5.253592
2.729591,5.251613
2.730001,5.249635
2.730411,5.247654
2.730821,5.245674
2.731231,5.243696
2.731641,5.241716
2.732051,5.239737
2.732461,5.237758
2.732871,5.235777
2.733281,5.233798
2.733691,5.231818
2.734101,5.229841
2.734511,5.227860
2.734921,5.225882
2.735331,5.223903
2.735741,5.221924
2.736151,5.219944
2.736561,5.217964
2.736971,5.215988
2.737381,5.214007
2.737791,5.212028
2.738201,5.210048
2.738611,5.208070
2.739021,5.206091
2.739431,5.204112
2.739841,5.202135
2.740251,5.200155
2.740661,5.198176
2.741071,5.196198
2.741481,5.194220
2.741891,5.192241
2.742301,5.190262
2.742711,5.188283
2.743121,5.186305
2.743531,5.184326
2.743941,5.182348
2.744351,5.180370
2.744761,5.178391
2.745172,5.176413
2.745582,5.174435
2.745992,5.172457
2.746402,5.170480
2.746812,5.168501
2.747222,5.166524
2.747632,5.164546
2.748042,5.162568
2.748452,5.160589
2.748862,5.158612
2.749272,5.156635
2.749682,5.154657
2.750092,5.152680
2.750502,5.150703
2.750912,5.148726
2.751322,5.146749
2.751732,5.144772
2.752142,5.142794
2.752552,5.140817
2.752962,5.138840
2.753372,5.136864
2.753782,5.134887
2.754192,5.132910
2.754602,5.130933
2.755012,5.128957
2.755422,5.126981
2.755832,5.125003
2.756242,5.123028
2.756652,5.121052
2.757062,5.119075
2.757472,5.117100
2.757882,5.115124
2.758292,5.113148
2.758702,5.111172
2.759112,5.109198
2.759522,5.107221
2.759932,5.105246
2.760342,5.103270
2.760752,5.101295
2.761162,5.099320
2.761572,5.097343
2.761982,5.095370
2.762392,5.093394
2.762802,5.091420
2.763212,5.089445
2.763622,5.087472
2.764032,5.085495
2.764442,5.083521
2.764852,5.081548
2.765262,5.079574
2.765672,5.077600
2.766082,5.075624
2.766492,5.073651
2.766902,5.071678
2.767312,5.069703
2.767722,5.067730
2.768132,5.065758
2.768542,5.063784
2.768952,5.061810
2.769362,5.059839
2.769772,5.057865
2.770182,5.055893
2.770592,5.053919
2.771002,5.051948
2.771412,5.049974
2.771822,5.048002
2.772232,5.046030
2.772642,5.044059
2.773052,5.042087
2.773462,5.040115
2.773872,5.038144
2.774282,5.036172
2.774692,5.034201
2.775103,5.032229
2.775513,5.030259
2.775923,5.028288
2.776333,5.026317
2.776743,5.024346
2.777153,5.022376
2.777563,5.020405
2.777973,5.018435
2.778383,5.016465
2.778793,5.014494
2.779203,5.012525
2.779613,5.010556
2.780023,5.008586
2.780433,5.006616
2.780843,5.004647
2.781253,5.002678
2.781663,5.000710
2.782073,4.998740
2.782483,4.996772
2.782893,4.994802
2.783303,4.992835
2.783713,4.990866
2.784123,4.988900
2.784533,4.986932
2.784943,4.984963
2.785353,4.982995
2.785763,4.981029
2.786173,4.979061
2.786583,4.977094
2.786993,4.975129
2.787403,4.973162
2.787813,4.971195
2.788223,4.969229
2.788633,4.967262
2.789043,4.965297
2.789453,4.963330
2.789863,4.961364
2.790273,4.959399
2.790683,4.957434
2.791093,4.955469
2.791503,4.953504
2.791913,4.951538
2.792323,4.949574
2.792733,4.947609
2.793143,4.945645
2.793553,4.943682
2.793963,4.941719
2.794373,4.939755
2.794783,4.937790
2.795193,4.935827
2.795603,4.933864
2.796013,4.931903
2.796423,4.929938
2.796833,4.927976
2.797243,4.926013
2.797653,4.924052
2.798063,4.922090
2.798473,4.920128
2.798883,4.918168
2.799293,4.916205
2.799703,4.914244
2.800113,4.912282
2.800523,4.910323
2.800933,4.908362
2.801343,4.906401
2.801753,4.904441
2.802163,4.902481
2.802573,4.900520
2.802983,4.898561
2.803393,4.896603
2.803803,4.894644
2.804213,4.892684
2.804623,4.890725
2.805034,4.888766
2.805444,4.886808
2.805854,4.884850
2.806264,4.882893
2.806674,4.880936
2.807084,4.878977
2.807494,4.877021
2.807904,4.875063
2.808314,4.873107
2.808724,4.871150
2.809134,4.869194
2.809544,4.867238
2.809954,4.865282
2.810364,4.863326
2.810774,4.861372
2.811184,4.859417
2.811594,4.857460
2.812004,4.855506
2.812414,4.853553
2.812824,4.851598
2.813234,4.849643
2.813644,4.847691
2.814054,4.845736
2.814464,4.843782
2.814874,4.841829
2.815284,4.839877
2.815694,4.837925
2.816104,4.835972
2.816514,4.834021
2.816924,4.832068
2.817334,4.830116
2.817744,4.828164
2.818154,4.826214
2.818564,4.824263
2.818974,4.822311
2.819384,4.820361
2.819794,4.818412
2.820204,4.816462
2.820614,4.814511
2.821024,4.812564
2.821434,4.810614
2.821844,4.808665
2.822254,4.806716
2.822664,4.804769
2.823074,4.802820
2.823484,4.800873
2.823894,4.798924
2.824304,4.796977
2.824714,4.795030
2.825124,4.793083
2.825534,4.791138
2.825944,4.789190
2.826354,4.787244
2.826764,4.785298
2.827174,4.783353
2.827584,4.781407
2.827994,4.779463
2.828404,4.777519
2.828814,4.775574
2.829224,4.773630
2.829634,4.771686
2.830044,4.769742
2.830454,4.767797
2.830864,4.765857
2.831274,4.763913
2.831684,4.761971
2.832094,4.760028
2.832504,4.758085
2.832914,4.756145
2.833324,4.754203
2.833734,4.752262
2.834144,4.750321
2.834554,4.748381
2.834964,4.746441
2.835375,4.744501
2.835785,4.742561
2.836195,4.740623
2.836605,4.738682
2.837015,4.736744
2.837425,4.734806
2.837835,4.732867
2.838245,4.730929
2.838655,4.728992
2.839065,4.727055
2.839475,4.725118
2.839885,4.723180
2.840295,4.721246
2.840705,4.719310
2.841115,4.717372
2.841525,4.715438
2.841935,4.713502
2.842345,4.711567
2.842755,4.709632
2.843165,4.707699
2.843575,4.705765
2.843985,4.703831
2.844395,4.701896
2.844805,4.699965
2.845215,4.698032
2.845625,4.696098
2.846035,4.694168
2.846445,4.692236
2.846855,4.690304
2.847265,4.688373
2.847675,4.686442
2.848085,4.684511
2.848495,4.682581
2.848905,4.680651
2.849315,4.678721
2.849725,4.676793
2.850135,4.674864
2.850545,4.672936
2.850955,4.671006
2.851365,4.669078
2.851775,4.667150
2.852185,4.665225
2.852595,4.663298
2.853005,4.661370
2.853415,4.659445
2.853825,4.657518
2.854235,4.655594
2.854645,4.653667
2.855055,4.651743
2.855465,4.649817
2.855875,4.647892
2.856285,4.645971
2.856695,4.644046
2.857105,4.642122
2.857515,4.640201
2.857925,4.638278
2.858335,4.636355
2.858745,4.634434
2.859155,4.632511
2.859565,4.630590
2.859975,4.628668
2.860385,4.626749
2.860795,4.624828
2.861205,4.622910
2.861615,4.620989
2.862025,4.619070
2.862435,4.617151
2.862845,4.615232
2.863255,4.613316
2.863665,4.611398
2.864075,4.609481
2.864485,4.607562
2.864895,4.605646
2.865306,4.603731
2.865716,4.601814
2.866126,4.599899
2.866536,4.597982
2.866946,4.596068
2.867356,4.594154
2.867766,4.592239
2.868176,4.590326
2.868586,4.588412
2.868996,4.586499
2.869406,4.584588
2.869816,4.582675
2.870226,4.580763
2.870636,4.578851
2.871046,4.576941
2.871456,4.575030
2.871866,4.573119
2.872276,4.571208
2.872686,4.569300
2.873096,4.567389
2.873506,4.565479
2.873916,4.563572
2.874326,4.561665
2.874736,4.559756
2.875146,4.557848
2.875556,4.555943
2.875966,4.554035
2.876376,4.552128
2.876786,4.550222
2.877196,4.548318
2.877606,4.546412
2.878016,4.544507
2.878426,4.542603
2.878836,4.540699
2.879246,4.538795
2.879656,4.536892
2.880066,4.534989
2.880476,4.533088
2.880886,4.531185
2.881296,4.529283
2.881706,4.527382
2.882116,4.525481
2.882526,4.523581
2.882936,4.521683
2.883346,4.519782
2.883756,4.517883
2.884166,4.515983
2.884576,4.514086
2.884986,4.512187
2.885396,4.510288
2.885806,4.508392
2.886216,4.506495
2.886626,4.504599
2.887036,4.502703
2.887446,4.500807
2.887856,4.498911
2.888266,4.497018
2.888676,4.495122
2.889086,4.493229
2.889496,4.491336
2.889906,4.489442
2.890316,4.487550
2.890726,4.485658
2.891136,4.483765
2.891546,4.481873
2.891956,4.479982
2.892366,4.478092
2.892776,4.476200
2.893186,4.474313
2.893596,4.472422
2.894006,4.470532
2.894416,4.468643
2.894826,4.466758
2.895237,4.464869
2.895647,4.462980
2.896057,4.461094
2.896467,4.459207
2.896877,4.457322
2.897287,4.455435
2.897697,4.453551
2.898107,4.451667
2.898517,4.449780
2.898927,4.447897
2.899337,4.446014
2.899747,4.444131
2.900157,4.442249
2.900567,4.440367
2.900977,4.438486
2.901387,4.436604
2.901797,4.434721
2.902207,4.432842
2.902617,4.430962
2.903027,4.429083
2.903437,4.427202
2.903847,4.425324
2.904257,4.423446
2.904667,4.421569
2.905077,4.419692
2.905487,4.417814
2.905897,4.415937
2.906307,4.414062
2.906717,4.412187
2.907127,4.410310
2.907537,4.408436
2.907947,4.406562
2.908357,4.404688
2.908767,4.402815
2.909177,4.400943
2.909587,4.399070
2.909997,4.397198
2.910407,4.395326
2.910817,4.393455
2.911227,4.391585
2.911637,4.389714
2.912047,4.387844
2.912457,4.385976
2.912867,4.384107
2.913277,4.382239
2.913687,4.380369
2.914097,4.378503
2.914507,4.376635
2.914917,4.374769
2.915327,4.372903
2.915737,4.371038
2.916147,4.369171
2.916557,4.367309
2.916967,4.365443
2.917377,4.363580
2.917787,4.361715
2.918197,4.359855
2.918607,4.357991
2.919017,4.356130
2.919427,4.354268
2.919837,4.352407
2.920247,4.350547
2.920657,4.348686
2.921067,4.346827
2.921477,4.344968
2.921887,4.343110
2.922297,4.341251
2.922707,4.339394
2.923117,4.337537
2.923527,4.335681
2.923937,4.333823
2.924347,4.331969
2.924757,4.330113
2.925168,4.328258
2.925578,4.326405
2.925988,4.324551
2.926398,4.322697
2.926808,4.320844
2.927218,4.318992
2.927628,4.317141
2.928038,4.315288
2.928448,4.313438
2.928858,4.311588
2.929268,4.309737
2.929678,4.307887
2.930088,4.306040
2.930498,4.304191
2.930908,4.302341
2.931318,4.300495
2.931728,4.298649
2.932138,4.296803
2.932548,4.294956
2.932958,4.293111
2.933368,4.291266
2.933778,4.289422
2.934188,4.287577
2.934598,4.285735
2.935008,4.283891
2.935418,4.282048
2.935828,4.280206
2.936238,4.278365
2.936648,4.276523
2.937058,4.274683
2.937468,4.272843
2.937878,4.271004
2.938288,4.269164
2.938698,4.267326
2.939108,4.265489
2.939518,4.263650
2.939928,4.261812
2.940338,4.259977
2.940748,4.258142
2.941158,4.256306
2.941568,4.254471
2.941978,4.252636
2.942388,4.250802
2.942798,4.248969
2.943208,4.247136
2.943618,4.245305
2.944028,4.243472
2.944438,4.241641
2.944848,4.239811
2.945258,4.237980
2.945668,4.236151
2.946078,4.234318
2.946488,4.232492
2.946898,4.230664
2.947308,4.228836
2.947718,4.227010
2.948128,4.225182
2.948538,4.223356
2.948948,4.221530
2.949358,4.219705
2.949768,4.217881
2.950178,4.216057
2.950588,4.214231
2.950998,4.212410
2.951408,4.210587
2.951818,4.208766
2.952228,4.206944
2.952638,4.205123
2.953048,4.203301
2.953458,4.201482
2.953868,4.199663
2.954278,4.197845
2.954688,4.196026
2.955099,4.194209
2.955509,4.192390
2.955919,4.190576
2.956329,4.188758
2.956739,4.186944
2.957149,4.185128
2.957559,4.183313
2.957969,4.181499
2.958379,4.179686
2.958789,4.177873
2.959199,4.176060
2.959609,4.174249
2.960019,4.172437
2.960429,4.170627
2.960839,4.168816
2.961249,4.167007
2.961659,4.165197
2.962069,4.163389
2.962479,4.161581
2.962889,4.159773
2.963299,4.157966
2.963709,4.156158
2.964119,4.154355
2.964529,4.152549
2.964939,4.150743
2.965349,4.148938
2.965759,4.147135
2.966169,4.145331
2.966579,4.143529
2.966989,4.141728
2.967399,4.139926
2.967809,4.138126
2.968219,4.136325
2.968629,4.134525
2.969039,4.132725
2.969449,4.130926
2.969859,4.129129
2.970269,4.127331
2.970679,4.125534
2.971089,4.123737
2.971499,4.121942
2.971909,4.120147
2.972319,4.118352
2.972729,4.116556
2.973139,4.114764
2.973549,4.112969
2.973959,4.111176
2.974369,4.109386
2.974779,4.107594
2.975189,4.105803
2.975599,4.104012
2.976009,4.102222
2.976419,4.100434
2.976829,4.098644
2.977239,4.096856
2.977649,4.095069
2.978059,4.093282
2.978469,4.091495
2.978879,4.089709
2.979289,4.087924
2.979699,4.086139
2.980109,4.084356
2.980519,4.082572
2.980929,4.080790
2.981339,4.079005
2.981749,4.077225
2.982159,4.075444
2.982569,4.073663
2.982979,4.071883
2.983389,4.070103
2.983799,4.068323
2.984209,4.066545
2.984619,4.064766
2.985030,4.062990
2.985440,4.061213
2.985850,4.059437
2.986260,4.057662
2.986670,4.055886
2.987080,4.054112
2.987490,4.052337
2.987900,4.050564
2.988310,4.048793
2.988720,4.047021
2.989130,4.045249
2.989540,4.043478
2.989950,4.041707
2.990360,4.039938
2.990770,4.038169
2.991180,4.036400
2.991590,4.034631
2.992000,4.032865
2.992410,4.031098
2.992820,4.029331
2.993230,4.027564
2.993640,4.025801
2.994050,4.024037
2.994460,4.022272
2.994870,4.020508
2.995280,4.018747
2.995690,4.016984
2.996100,4.015223
2.996510,4.013462
2.996920,4.011701
2.997330,4.009941
2.997740,4.008183
2.998150,4.006425
2.998560,4.004666
2.998970,4.002908
2.999380,4.001152
2.999790,3.999396
3.000200,3.997639
3.000610,3.995884
3.001020,3.994132
3.001430,3.992378
3.001840,3.990623
3.002250,3.988871
3.002660,3.987118
3.003070,3.985367
3.003480,3.983615
3.003890,3.981866
3.004300,3.980117
3.004710,3.978367
3.005120,3.976617
3.005530,3.974871
3.005940,3.973124
3.006350,3.971376
3.006760,3.969632
3.007170,3.967886
3.007580,3.966141
3.007990,3.964396
3.008400,3.962653
3.008810,3.960909
3.009220,3.959167
3.009630,3.957426
3.010040,3.955685
3.010450,3.953944
3.010860,3.952203
3.011270,3.950465
3.011680,3.948725
3.012090,3.946987
3.012500,3.945249
3.012910,3.943514
3.013320,3.941777
3.013730,3.940041
3.014140,3.938308
3.014550,3.936571
3.014960,3.934837
3.015371,3.933105
3.015781,3.931372
3.016191,3.929639
3.016601,3.927908
3.017011,3.926178
3.017421,3.924447
3.017831,3.922717
3.018241,3.920988
3.018651,3.919260
3.019061,3.917532
3.019471,3.915805
3.019881,3.914078
3.020291,3.912353
3.020701,3.910627
3.021111,3.908902
3.021521,3.907178
3.021931,3.905455
3.022341,3.903732
3.022751,3.902010
3.023161,3.900289
3.023571,3.898568
3.023981,3.896848
3.024391,3.895128
3.024801,3.893409
3.025211,3.891690
3.025621,3.889972
3.026031,3.888256
3.026441,3.886539
3.026851,3.884822
3.027261,3.883108
3.027671,3.881393
3.028081,3.879678
3.028491,3.877965
3.028901,3.876253
3.029311,3.874540
3.029721,3.872829
3.030131,3.871117
3.030541,3.869407
3.030951,3.867697
3.031361,3.865988
3.031771,3.864281
3.032181,3.862573
3.032591,3.860866
3.033001,3.859158
3.033411,3.857453
3.033821,3.855747
3.034231,3.854043
3.034641,3.852338
3.035051,3.850635
3.035461,3.848932
3.035871,3.847231
3.036281,3.845530
3.036691,3.843828
3.037101,3.842128
3.037511,3.840427
3.037921,3.838729
3.038331,3.837031
3.038741,3.835334
3.039151,3.833637
3.039561,3.831941
3.039971,3.830243
3.040381,3.828549
3.040791,3.826855
3.041201,3.825161
3.041611,3.823467
3.042021,3.821774
3.042431,3.820085
3.042841,3.818392
3.043251,3.816701
3.043661,3.815012
3.044071,3.813322
3.044481,3.811633
3.044891,3.809945
3.045302,3.808258
3.045712,3.806571
3.046122,3.804884
3.046532,3.803200
3.046942,3.801514
3.047352,3.799831
3.047762,3.798145
3.048172,3.796463
3.048582,3.794781
3.048992,3.793099
3.049402,3.791418
3.049812,3.789739
3.050222,3.788058
3.050632,3.786378
3.051042,3.784702
3.051452,3.783023
3.051862,3.781347
3.052272,3.779670
3.052682,3.777994
3.053092,3.776319
3.053502,3.774644
3.053912,3.772969
3.054322,3.771297
3.054732,3.769624
3.055142,3.767952
3.055552,3.766281
3.055962,3.764610
3.056372,3.762940
3.056782,3.761271
3.057192,3.759603
3.057602,3.757933
3.058012,3.756266
3.058422,3.754601
3.058832,3.752934
3.059242,3.751269
3.059652,3.749604
3.060062,3.747940
3.060472,3.746277
3.060882,3.744613
3.061292,3.742951
3.061702,3.741289
3.062112,3.739629
3.062522,3.737968
3.062932,3.736310
3.063342,3.734650
3.063752,3.732991
3.064162,3.731334
3.064572,3.729677
3.064982,3.728021
3.065392,3.726366
3.065802,3.724712
3.066212,3.723057
3.066622,3.721403
3.067032,3.719750
3.067442,3.718099
3.067852,3.716446
3.068262,3.714797
3.068672,3.713145
3.069082,3.711496
3.069492,3.709846
3.069902,3.708198
3.070312,3.706551
3.070722,3.704903
3.071132,3.703258
3.071542,3.701612
3.071952,3.699966
3.072362,3.698322
3.072772,3.696677
3.073182,3.695036
3.073592,3.693394
3.074002,3.691752
3.074412,3.690110
3.074822,3.688470
3.075233,3.686829
3.075643,3.685190
3.076053,3.683553
3.076463,3.681915
3.076873,3.680277
3.077283,3.678641
3.077693,3.677006
3.078103,3.675371
3.078513,3.673736
3.078923,3.672103
3.079333,3.670470
3.079743,3.668838
3.080153,3.667205
3.080563,3.665574
3.080973,3.663944
3.081383,3.662314
3.081793,3.660684
3.082203,3.659057
3.082613,3.657430
3.083023,3.655802
3.083433,3.654176
3.083843,3.652550
3.084253,3.650925
3.084663,3.649300
3.085073,3.647677
3.085483,3.646053
3.085893,3.644430
3.086303,3.642809
3.086713,3.641190
3.087123,3.639568
3.087533,3.637949
3.087943,3.636329
3.088353,3.634711
3.088763,3.633094
3.089173,3.631476
3.089583,3.629861
3.089993,3.628243
3.090403,3.626629
3.090813,3.625015
3.091223,3.623403
3.091633,3.621789
3.092043,3.620176
3.092453,3.618564
3.092863,3.616954
3.093273,3.615343
3.093683,3.613735
3.094093,3.612126
3.094503,3.610517
3.094913,3.608909
3.095323,3.607303
3.095733,3.605696
3.096143,3.604091
3.096553,3.602485
3.096963,3.600882
3.097373,3.599278
3.097783,3.597674
3.098193,3.596074
3.098603,3.594471
3.099013,3.592872
3.099423,3.591270
3.099833,3.589672
3.100243,3.588072
3.100653,3.586474
3.101063,3.584877
3.101473,3.583280
3.101883,3.581684
3.102293,3.580089
3.102703,3.578495
3.103113,3.576902
3.103523,3.575306
3.103933,3.573714
3.104343,3.572123
3.104753,3.570532
3.105164,3.568941
3.105574,3.567351
3.105984,3.565762
3.106394,3.564172
3.106804,3.562585
3.107214,3.560999
3.107624,3.559412
3.108034,3.557825
3.108444,3.556241
3.108854,3.554655
3.109264,3.553072
3.109674,3.551488
3.110084,3.549907
3.110494,3.548325
3.110904,3.546743
3.111314,3.545163
3.111724,3.543584
3.112134,3.542005
3.112544,3.540426
3.112954,3.538850
3.113364,3.537273
3.113774,3.535695
3.114184,3.534120
3.114594,3.532546
3.115004,3.530971
3.115414,3.529397
3.115824,3.527825
3.116234,3.526252
3.116644,3.524680
3.117054,3.523110
3.117464,3.521541
3.117874,3.519970
3.118284,3.518401
3.118694,3.516834
3.119104,3.515266
3.119514,3.513699
3.119924,3.512133
3.120334,3.510569
3.120744,3.509003
3.121154,3.507440
3.121564,3.505876
3.121974,3.504314
3.122384,3.502753
3.122794,3.501190
3.123204,3.499630
3.123614,3.498071
3.124024,3.496511
3.124434,3.494952
3.124844,3.493395
3.125254,3.491838
3.125664,3.490282
3.126074,3.488725
3.126484,3.487171
3.126894,3.485615
3.127304,3.484062
3.127714,3.482510
3.128124,3.480958
3.128534,3.479406
3.128944,3.477854
3.129354,3.476305
3.129764,3.474756
3.130174,3.473206
3.130584,3.471659
3.130994,3.470111
3.131404,3.468564
3.131814,3.467018
3.132224,3.465472
3.132634,3.463929
3.133044,3.462385
3.133454,3.460841
3.133864,3.459299
3.134274,3.457757
3.134684,3.456215
3.135095,3.454674
3.135505,3.453135
3.135915,3.451596
3.136325,3.450057
3.136735,3.448520
3.137145,3.446982
3.137555,3.445446
3.137965,3.443911
3.138375,3.442376
3.138785,3.440841
3.139195,3.439307
3.139605,3.437775
3.140015,3.436243
3.140425,3.434710
3.140835,3.433179
3.141245,3.431650
3.141655,3.430120
3.142065,3.428591
3.142475,3.427064
3.142885,3.425537
3.143295,3.424009
3.143705,3.422483
3.144115,3.420958
3.144525,3.419433
3.144935,3.417909
3.145345,3.416386
3.145755,3.414863
3.146165,3.413341
3.146575,3.411821
3.146985,3.410300
3.147395,3.408780
3.147805,3.407261
3.148215,3.405743
3.148625,3.404226
3.149035,3.402708
3.149445,3.401192
3.149855,3.399676
3.150265,3.398160
3.150675,3.396647
3.151085,3.395132
3.151495,3.393620
3.151905,3.392108
3.152315,3.390596
3.152725,3.389086
3.153135,3.387575
3.153545,3.386066
3.153955,3.384558
3.154365,3.383051
3.154775,3.381543
3.155185,3.380036
3.155595,3.378530
3.156005,3.377025
3.156415,3.375521
3.156825,3.374016
3.157235,3.372515
3.157645,3.371011
3.158055,3.369509
3.158465,3.368008
3.158875,3.366507
3.159285,3.365009
3.159695,3.363510
3.160105,3.362011
3.160515,3.360513
3.160925,3.359016
3.161335,3.357520
3.161745,3.356025
3.162155,3.354530
3.162565,3.353035
3.162975,3.351542
3.163385,3.350050
3.163795,3.348557
3.164205,3.347067
3.164615,3.345575
3.165026,3.344086
3.165436,3.342595
3.165846,3.341108
3.166256,3.339620
3.166666,3.338133
3.167076,3.336645
3.167486,3.335160
3.167896,3.333675
3.168306,3.332190
3.168716,3.330707
3.169126,3.329225
3.169536,3.327742
3.169946,3.326260
3.170356,3.324779
3.170766,3.323300
3.171176,3.321820
3.171586,3.320341
3.171996,3.318863
3.172406,3.317386
3.172816,3.315909
3.173226,3.314432
3.173636,3.312958
3.174046,3.311483
3.174456,3.310009
3.174866,3.308536
3.175276,3.307064
3.175686,3.305591
3.176096,3.304119
3.176506,3.302651
3.176916,3.301180
3.177326,3.299711
3.177736,3.298242
3.178146,3.296775
3.178556,3.295308
3.178966,3.293842
3.179376,3.292376
3.179786,3.290910
3.180196,3.289446
3.180606,3.287983
3.181016,3.286520
3.181426,3.285057
3.181836,3.283596
3.182246,3.282136
3.182656,3.280676
3.183066,3.279216
3.183476,3.277757
3.183886,3.276300
3.184296,3.274843
3.184706,3.273386
3.185116,3.271931
3.185526,3.270476
3.185936,3.269021
3.186346,3.267566
3.186756,3.266114
3.187166,3.264662
3.187576,3.263210
3.187986,3.261758
3.188396,3.260308
3.188806,3.258857
3.189216,3.257410
3.189626,3.255961
3.190036,3.254514
3.190446,3.253067
3.190856,3.251621
3.191266,3.250175
3.191676,3.248730
3.192086,3.247287
3.192496,3.245844
3.192906,3.244400
3.193316,3.242958
3.193726,3.241516
3.194136,3.240076
3.194546,3.238636
3.194956,3.237197
3.195367,3.235760
3.195777,3.234321
3.196187,3.232884
3.196597,3.231447
3.197007,3.230013
3.197417,3.228577
3.197827,3.227143
3.198237,3.225708
3.198647,3.224276
3.199057,3.222843
3.199467,3.221411
3.199877,3.219983
3.200287,3.218552
3.200697,3.217123
3.201107,3.215693
3.201517,3.214266
3.201927,3.212837
3.202337,3.211411
3.202747,3.209985
3.203157,3.208559
3.203567,3.207135
3.203977,3.205711
3.204387,3.204288
3.204797,3.202866
3.205207,3.201442
3.205617,3.200021
3.206027,3.198601
3.206437,3.197183
3.206847,3.195762
3.207257,3.194345
3.207667,3.192927
3.208077,3.191510
3.208487,3.190093
3.208897,3.188679
3.209307,3.187263
3.209717,3.185848
3.210127,3.184435
3.210537,3.183023
3.210947,3.181609
3.211357,3.180199
3.211767,3.178789
3.212177,3.177378
3.212587,3.175969
3.212997,3.174560
3.213407,3.173152
3.213817,3.171746
3.214227,3.170339
3.214637,3.168932
3.215047,3.167527
3.215457,3.166122
3.215867,3.164719
3.216277,3.163316
3.216687,3.161914
3.217097,3.160512
3.217507,3.159109
3.217917,3.157710
3.218327,3.156311
3.218737,3.154911
3.219147,3.153513
3.219557,3.152115
3.219967,3.150718
3.220377,3.149322
3.220787,3.147927
3.221197,3.146532
3.221607,3.145138
3.222017,3.143745
3.222427,3.142352
3.222837,3.140960
3.223247,3.139568
3.223657,3.138177
3.224067,3.136787
3.224477,3.135398
3.224887,3.134009
3.225298,3.132622
3.225708,3.131234
3.226118,3.129848
3.226528,3.128462
3.226938,3.127077
3.227348,3.125692
3.227758,3.124309
3.228168,3.122926
3.228578,3.121543
3.228988,3.120161
3.229398,3.118780
3.229808,3.117400
3.230218,3.116019
3.230628,3.114640
3.231038,3.113264
3.231448,3.111885
3.231858,3.110507
3.232268,3.109133
3.232678,3.107756
3.233088,3.106382
3.233498,3.105007
3.233908,3.103635
3.234318,3.102261
3.234728,3.100889
3.235138,3.099517
3.235548,3.098147
3.235958,3.096777
3.236368,3.095408
3.236778,3.094039
3.237188,3.092671
3.237598,3.091304
3.238008,3.089937
3.238418,3.088572
3.238828,3.087207
3.239238,3.085841
3.239648,3.084478
3.240058,3.083115
3.240468,3.081752
3.240878,3.080390
3.241288,3.079030
3.241698,3.077669
3.242108,3.076310
3.242518,3.074950
3.242928,3.073591
3.243338,3.072235
3.243748,3.070877
3.244158,3.069521
3.244568,3.068167
3.244978,3.066810
3.245388,3.065456
3.245798,3.064103
3.246208,3.062751
3.246618,3.061398
3.247028,3.060045
3.247438,3.058695
3.247848,3.057345
3.248258,3.055996
3.248668,3.054647
3.249078,3.053299
3.249488,3.051952
3.249898,3.050605
3.250308,3.049259
3.250718,3.047914
3.251128,3.046569
3.251538,3.045226
3.251948,3.043881
3.252358,3.042537
3.252768,3.041197
3.253178,3.039856
3.253588,3.038516
3.253998,3.037174
3.254408,3.035838
3.254818,3.034499
3.255229,3.033160
3.255639,3.031823
3.256049,3.030487
3.256459,3.029151
3.256869,3.027816
3.257279,3.026481
3.257689,3.025147
3.258099,3.023814
3.258509,3.022482
3.258919,3.021151
3.259329,3.019821
3.259739,3.018490
3.260149,3.017158
3.260559,3.015831
3.260969,3.014501
3.261379,3.013175
3.261789,3.011847
3.262199,3.010522
3.262609,3.009196
3.263019,3.007871
3.263429,3.006548
3.263839,3.005224
3.264249,3.003900
3.264659,3.002578
3.265069,3.001257
3.265479,2.999935
3.265889,2.998616
3.266299,2.997297
3.266709,2.995978
3.267119,2.994659
3.267529,2.993341
3.267939,2.992025
3.268349,2.990710
3.268759,2.989392
3.269169,2.988081
3.269579,2.986765
3.269989,2.985452
3.270399,2.984139
3.270809,2.982827
3.271219,2.981515
3.271629,2.980205
3.272039,2.978894
3.272449,2.977587
3.272859,2.976277
3.273269,2.974970
3.273679,2.973664
3.274089,2.972356
3.274499,2.971049
3.274909,2.969744
3.275319,2.968440
3.275729,2.967135
3.276139,2.965832
3.276549,2.964530
3.276959,2.963228
3.277369,2.961927
3.277779,2.960626
3.278189,2.959327
3.278599,2.958028
3.279009,2.956728
3.279419,2.955432
3.279829,2.954134
3.280239,2.952838
3.280649,2.951541
3.281059,2.950247
3.281469,2.948951
3.281879,2.947659
3.282289,2.946365
3.282699,2.945074
3.283109,2.943782
3.283519,2.942489
3.283929,2.941200
3.284339,2.939909
3.284749,2.938620
3.285160,2.937332
3.285570,2.936045
3.285980,2.934757
3.286390,2.933471
3.286800,2.932185
3.287210,2.930901
3.287620,2.929616
3.288030,2.928332
3.288440,2.927050
3.288850,2.925767
3.289260,2.924485
3.289670,2.923204
3.290080,2.921924
3.290490,2.920644
3.290900,2.919365
3.291310,2.918087
3.291720,2.916809
3.292130,2.915532
3.292540,2.914255
3.292950,2.912980
3.293360,2.911705
3.293770,2.910430
3.294180,2.909156
3.294590,2.907884
3.295000,2.906611
3.295410,2.905339
3.295820,2.904068
3.296230,2.902799
3.296640,2.901528
3.297050,2.900259
3.297460,2.898993
3.297870,2.897722
3.298280,2.896456
3.298690,2.895190
3.299100,2.893924
3.299510,2.892659
3.299920,2.891395
3.300330,2.890131
3.300740,2.888868
3.301150,2.887605
3.301560,2.886343
3.301970,2.885084
3.302380,2.883822
3.302790,2.882562
3.303200,2.881303
3.303610,2.880046
3.304020,2.878788
3.304430,2.877529
3.304840,2.876274
3.305250,2.875018
3.305660,2.873763
3.306070,2.872509
3.306480,2.871255
3.306890,2.870003
3.307300,2.868749
3.307710,2.867497
3.308120,2.866247
3.308530,2.864997
3.308940,2.863746
3.309350,2.862496
3.309760,2.861248
3.310170,2.860001
3.310580,2.858754
3.310990,2.857507
3.311400,2.856262
3.311810,2.855015
3.312220,2.853772
3.312630,2.852528
3.313040,2.851285
3.313450,2.850042
3.313860,2.848799
3.314270,2.847559
3.314680,2.846317
3.315091,2.845079
3.315501,2.843839
3.315911,2.842601
3.316321,2.841362
3.316731,2.840126
3.317141,2.838889
3.317551,2.837652
3.317961,2.836417
3.318371,2.835183
3.318781,2.833949
3.319191,2.832715
3.319601,2.831483
3.320011,2.830250
3.320421,2.829019
3.320831,2.827789
3.321241,2.826559
3.321651,2.825329
3.322061,2.824100
3.322471,2.822872
3.322881,2.821644
3.323291,2.820419
3.323701,2.819192
3.324111,2.817967
3.324521,2.816741
3.324931,2.815517
3.325341,2.814294
3.325751,2.813071
3.326161,2.811848
3.326571,2.810627
3.326981,2.809407
3.327391,2.808186
3.327801,2.806966
3.328211,2.805748
3.328621,2.804528
3.329031,2.803312
3.329441,2.802094
3.329851,2.800878
3.330261,2.799661
3.330671,2.798447
3.331081,2.797233
3.331491,2.796018
3.331901,2.794805
3.332311,2.793593
3.332721,2.792382
3.333131,2.791169
3.333541,2.789959
3.333951,2.788748
3.334361,2.787540
3.334771,2.786331
3.335181,2.785124
3.335591,2.783917
3.336001,2.782710
3.336411,2.781504
3.336821,2.780299
3.337231,2.779095
3.337641,2.777890
3.338051,2.776686
3.338461,2.775483
3.338871,2.774280
3.339281,2.773079
3.339691,2.771878
3.340101,2.770679
3.340511,2.769479
3.340921,2.768279
3.341331,2.767082
3.341741,2.765885
3.342151,2.764688
3.342561,2.763490
3.342971,2.762296
3.343381,2.761100
3.343791,2.759906
3.344201,2.758712
3.344611,2.757520
3.345022,2.756327
3.345432,2.755135
3.345842,2.753943
3.346252,2.752752
3.346662,2.751563
3.347072,2.750372
3.347482,2.749184
3.347892,2.747996
3.348302,2.746810
3.348712,2.745623
3.349122,2.744437
3.349532,2.743251
3.349942,2.742066
3.350352,2.740883
3.350762,2.739699
3.351172,2.738516
3.351582,2.737334
3.351992,2.736153
3.352402,2.734970
3.352812,2.733790
3.353222,2.732611
3.353632,2.731432
3.354042,2.730254
3.354452,2.729075
3.354862,2.727899
3.355272,2.726722
3.355682,2.725545
3.356092,2.724369
3.356502,2.723197
3.356912,2.722023
3.357322,2.720850
3.357732,2.719677
3.358142,2.718504
3.358552,2.717334
3.358962,2.716161
3.359372,2.714992
3.359782,2.713822
3.360192,2.712653
3.360602,2.711486
3.361012,2.710317
3.361422,2.709150
3.361832,2.707984
3.362242,2.706819
3.362652,2.705653
3.363062,2.704489
3.363472,2.703324
3.363882,2.702163
3.364292,2.700999
3.364702,2.699837
3.365112,2.698677
3.365522,2.697515
3.365932,2.696355
3.366342,2.695195
3.366752,2.694037
3.367162,2.692878
3.367572,2.691721
3.367982,2.690565
3.368392,2.689409
3.368802,2.688252
3.369212,2.687097
3.369622,2.685943
3.370032,2.684788
3.370442,2.683636
3.370852,2.682484
3.371262,2.681332
3.371672,2.680180
3.372082,2.679029
3.372492,2.677880
3.372902,2.676730
3.373312,2.675581
3.373722,2.674433
3.374132,2.673287
3.374542,2.672139
3.374952,2.670993
3.375363,2.669848
3.375773,2.668703
3.376183,2.667558
3.376593,2.666414
3.377003,2.665270
3.377413,2.664128
3.377823,2.662986
3.378233,2.661844
3.378643,2.660704
3.379053,2.659565
3.379463,2.658425
3.379873,2.657286
3.380283,2.656148
3.380693,2.655010
3.381103,2.653875
3.381513,2.652737
3.381923,2.651601
3.382333,2.650466
3.382743,2.649332
3.383153,2.648198
3.383563,2.647065
3.383973,2.645932
3.384383,2.644801
3.384793,2.643669
3.385203,2.642538
3.385613,2.641408
3.386023,2.640280
3.386433,2.639149
3.386843,2.638022
3.387253,2.636894
3.387663,2.635767
3.388073,2.634640
3.388483,2.633516
3.388893,2.632390
3.389303,2.631264
3.389713,2.630141
3.390123,2.629017
3.390533,2.627895
3.390943,2.626773
3.391353,2.625652
3.391763,2.624531
3.392173,2.623412
3.392583,2.622291
3.392993,2.621171
3.393403,2.620054
3.393813,2.618935
3.394223,2.617818
3.394633,2.616702
3.395043,2.615586
3.395453,2.614471
3.395863,2.613355
3.396273,2.612242
3.396683,2.611128
3.397093,2.610016
3.397503,2.608903
3.397913,2.607792
3.398323,2.606681
3.398733,2.605569
3.399143,2.604461
3.399553,2.603351
3.399963,2.602241
3.400373,2.601134
3.400783,2.600026
3.401193,2.598920
3.401603,2.597813
3.402013,2.596708
3.402423,2.595604
3.402833,2.594499
3.403243,2.593395
3.403653,2.592292
3.404063,2.591189
3.404473,2.590087
3.404883,2.588987
3.405294,2.587886
3.405704,2.586786
3.406114,2.585686
3.406524,2.584588
3.406934,2.583489
3.407344,2.582392
3.407754,2.581295
3.408164,2.580197
3.408574,2.579101
3.408984,2.578005
3.409394,2.576912
3.409804,2.575817
3.410214,2.574723
3.410624,2.573631
3.411034,2.572539
3.411444,2.571447
3.411854,2.570356
3.412264,2.569266
3.412674,2.568177
3.413084,2.567086
3.413494,2.565997
3.413904,2.564909
3.414314,2.563822
3.414724,2.562736
3.415134,2.561649
3.415544,2.560564
3.415954,2.559479
3.416364,2.558394
3.416774,2.557310
3.417184,2.556227
3.417594,2.555144
3.418004,2.554062
3.418414,2.552980
3.418824,2.551899
3.419234,2.550820
3.419644,2.549739
3.420054,2.548661
3.420464,2.547582
3.420874,2.546504
3.421284,2.545427
3.421694,2.544351
3.422104,2.543274
3.422514,2.542199
3.422924,2.541123
3.423334,2.540049
3.423744,2.538975
3.424154,2.537903
3.424564,2.536830
3.424974,2.535758
3.425384,2.534686
3.425794,2.533616
3.426204,2.532545
3.426614,2.531476
3.427024,2.530407
3.427434,2.529339
3.427844,2.528272
3.428254,2.527204
3.428664,2.526137
3.429074,2.525071
3.429484,2.524007
3.429894,2.522941
3.430304,2.521876
3.430714,2.520813
3.431124,2.519750
3.431534,2.518688
3.431944,2.517627
3.432354,2.516564
3.432764,2.515503
3.433174,2.514444
3.433584,2.513384
3.433994,2.512325
3.434404,2.511268
3.434814,2.510209
3.435225,2.509152
3.435635,2.508095
3.436045,2.507038
3.436455,2.505983
3.436865,2.504929
3.437275,2.503875
3.437685,2.502820
3.438095,2.501768
3.438505,2.500714
3.438915,2.499662
3.439325,2.498612
3.439735,2.497561
3.440145,2.496511
3.440555,2.495462
3.440965,2.494412
3.441375,2.493363
3.441785,2.492317
3.442195,2.491268
3.442605,2.490222
3.443015,2.489176
3.443425,2.488130
3.443835,2.487086
3.444245,2.486041
3.444655,2.484998
3.445065,2.483954
3.445475,2.482912
3.445885,2.481869
3.446295,2.480829
3.446705,2.479787
3.447115,2.478747
3.447525,2.477707
3.447935,2.476668
3.448345,2.475630
3.448755,2.474591
3.449165,2.473555
3.449575,2.472517
3.449985,2.471480
3.450395,2.470445
3.450805,2.469411
3.451215,2.468375
3.451625,2.467341
3.452035,2.466309
3.452445,2.465276
3.452855,2.464244
3.453265,2.463212
3.453675,2.462181
3.454085,2.461149
3.454495,2.460120
3.454905,2.459090
3.455315,2.458062
3.455725,2.457034
3.456135,2.456006
3.456545,2.454979
3.456955,2.453953
3.457365,2.452927
3.457775,2.451901
3.458185,2.450878
3.458595,2.449852
3.459005,2.448829
3.459415,2.447805
3.459825,2.446783
3.460235,2.445761
3.460645,2.444740
3.461055,2.443720
3.461465,2.442699
3.461875,2.441680
3.462285,2.440660
3.462695,2.439642
3.463105,2.438623
3.463515,2.437606
3.463925,2.436589
3.464335,2.435575
3.464745,2.434557
3.465156,2.433542
3.465566,2.432529
3.465976,2.431514
3.466386,2.430501
3.466796,2.429487
3.467206,2.428476
3.467616,2.427464
3.468026,2.426452
3.468436,2.425443
3.468846,2.424431
3.469256,2.423423
3.469666,2.422414
3.470076,2.421406
3.470486,2.420398
3.470896,2.419390
3.471306,2.418383
3.471716,2.417378
3.472126,2.416372
3.472536,2.415366
3.472946,2.414363
3.473356,2.413360
3.473766,2.412355
3.474176,2.411354
3.474586,2.410351
3.474996,2.409349
3.475406,2.408347
3.475816,2.407349
3.476226,2.406349
3.476636,2.405349
3.477046,2.404350
3.477456,2.403351
3.477866,2.402353
3.478276,2.401357
3.478686,2.400361
3.479096,2.399365
3.479506,2.398369
3.479916,2.397375
3.480326,2.396381
3.480736,2.395387
3.481146,2.394393
3.481556,2.393401
3.481966,2.392408
3.482376,2.391417
3.482786,2.390426
3.483196,2.389435
3.483606,2.388445
3.484016,2.387456
3.484426,2.386467
3.484836,2.385478
3.485246,2.384491
3.485656,2.383503
3.486066,2.382517
3.486476,2.381532
3.486886,2.380546
3.487296,2.379562
3.487706,2.378578
3.488116,2.377593
3.488526,2.376611
3.488936,2.375629
3.489346,2.374645
3.489756,2.373664
3.490166,2.372682
3.490576,2.371701
3.490986,2.370722
3.491396,2.369743
3.491806,2.368763
3.492216,2.367786
3.492626,2.366809
3.493036,2.365830
3.493446,2.364855
3.493856,2.363877
3.494266,2.362901
3.494676,2.361928
3.495087,2.360953
3.495497,2.359979
3.495907,2.359006
3.496317,2.358033
3.496727,2.357061
3.497137,2.356089
3.497547,2.355118
3.497957,2.354147
3.498367,2.353177
3.498777,2.352208
3.499187,2.351238
3.499597,2.350270
3.500007,2.349302
3.500417,2.348335
3.500827,2.347368
3.501237,2.346401
3.501647,2.345435
3.502057,2.344471
3.502467,2.343505
3.502877,2.342542
3.503287,2.341578
3.503697,2.340615
3.504107,2.339653
3.504517,2.338691
3.504927,2.337729
3.505337,2.336769
3.505747,2.335808
3.506157,2.334848
3.506567,2.333889
3.506977,2.332930
3.507387,2.331972
3.507797,2.331014
3.508207,2.330058
3.508617,2.329100
3.509027,2.328145
3.509437,2.327190
3.509847,2.326235
3.510257,2.325280
3.510667,2.324326
3.511077,2.323373
3.511487,2.322419
3.511897,2.321468
3.512307,2.320516
3.512717,2.319565
3.513127,2.318614
3.513537,2.317664
3.513947,2.316713
3.514357,2.315766
3.514767,2.314816
3.515177,2.313869
3.515587,2.312922
3.515997,2.311974
3.516407,2.311028
3.516817,2.310081
3.517227,2.309136
3.517637,2.308193
3.518047,2.307248
3.518457,2.306304
3.518867,2.305360
3.519277,2.304418
3.519687,2.303475
3.520097,2.302534
3.520507,2.301592
3.520917,2.300652
3.521327,2.299712
3.521737,2.298773
3.522147,2.297834
3.522557,2.296894
3.522967,2.295958
3.523377,2.295019
3.523787,2.294083
3.524197,2.293146
3.524607,2.292211
3.525018,2.291276
3.525428,2.290340
3.525838,2.289406
3.526248,2.288473
3.526658,2.287540
3.527068,2.286607
3.527478,2.285676
3.527888,2.284743
3.528298,2.283811
3.528708,2.282882
3.529118,2.281952
3.529528,2.281023
3.529938,2.280092
3.530348,2.279165
3.530758,2.278237
3.531168,2.277309
3.531578,2.276382
3.531988,2.275456
3.532398,2.274530
3.532808,2.273604
3.533218,2.272680
3.533628,2.271756
3.534038,2.270832
3.534448,2.269908
3.534858,2.268986
3.535268,2.268064
3.535678,2.267142
3.536088,2.266221
3.536498,2.265300
3.536908,2.264380
3.537318,2.263460
3.537728,2.262542
3.538138,2.261622
3.538548,2.260704
3.538958,2.259787
3.539368,2.258869
3.539778,2.257953
3.540188,2.257037
3.540598,2.256122
3.541008,2.255208
3.541418,2.254292
3.541828,2.253378
3.542238,2.252465
3.542648,2.251553
3.543058,2.250639
3.543468,2.249728
3.543878,2.248817
3.544288,2.247905
3.544698,2.246995
3.545108,2.246086
3.545518,2.245176
3.545928,2.244267
3.546338,2.243359
3.546748,2.242452
3.547158,2.241544
3.547568,2.240638
3.547978,2.239732
3.548388,2.238824
3.548798,2.237921
3.549208,2.237014
3.549618,2.236111
3.550028,2.235208
3.550438,2.234305
3.550848,2.233401
3.551258,2.232500
3.551668,2.231598
3.552078,2.230696
3.552488,2.229795
3.552898,2.228895
3.553308,2.227997
3.553718,2.227097
3.554128,2.226199
3.554538,2.225300
3.554948,2.224402
3.555359,2.223505
3.555769,2.222609
3.556179,2.221712
3.556589,2.220817
3.556999,2.219922
3.557409,2.219027
3.557819,2.218133
3.558229,2.217240
3.558639,2.216346
3.559049,2.215455
3.559459,2.214561
3.559869,2.213671
3.560279,2.212780
3.560689,2.211889
3.561099,2.210999
3.561509,2.210109
3.561919,2.209221
3.562329,2.208332
3.562739,2.207444
3.563149,2.206557
3.563559,2.205668
3.563969,2.204782
3.564379,2.203897
3.564789,2.203011
3.565199,2.202127
3.565609,2.201242
3.566019,2.200357
3.566429,2.199474
3.566839,2.198591
3.567249,2.197709
3.567659,2.196827
3.568069,2.195945
3.568479,2.195062
3.568889,2.194183
3.569299,2.193303
3.569709,2.192423
3.570119,2.191545
3.570529,2.190667
3.570939,2.189788
3.571349,2.188910
3.571759,2.188034
3.572169,2.187156
3.572579,2.186281
3.572989,2.185405
3.573399,2.184530
3.573809,2.183655
3.574219,2.182780
3.574629,2.181908
3.575039,2.181034
3.575449,2.180162
3.575859,2.179290
3.576269,2.178418
3.576679,2.177547
3.577089,2.176677
3.577499,2.175806
3.577909,2.174936
3.578319,2.174066
3.578729,2.173198
3.579139,2.172329
3.579549,2.171463
3.579959,2.170595
3.580369,2.169729
3.580779,2.168862
3.581189,2.167996
3.581599,2.167131
3.582009,2.166267
3.582419,2.165402
3.582829,2.164538
3.583239,2.163674
3.583649,2.162812
3.584059,2.161950
3.584469,2.161088
3.584879,2.160226
3.585290,2.159365
3.585700,2.158505
3.586110,2.157645
3.586520,2.156785
3.586930,2.155927
3.587340,2.155067
3.587750,2.154211
3.588160,2.153353
3.588570,2.152496
3.588980,2.151639
3.589390,2.150784
3.589800,2.149929
3.590210,2.149072
3.590620,2.148219
3.591030,2.147364
3.591440,2.146511
3.591850,2.145657
3.592260,2.144805
3.592670,2.143952
3.593080,2.143101
3.593490,2.142249
3.593900,2.141398
3.594310,2.140548
3.594720,2.139697
3.595130,2.138849
3.595540,2.138001
3.595950,2.137152
3.596360,2.136304
3.596770,2.135457
3.597180,2.134610
3.597590,2.133763
3.598000,2.132918
3.598410,2.132072
3.598820,2.131227
3.599230,2.130383
3.599640,2.129539
3.600050,2.128695
3.600460,2.127851
3.600870,2.127009
3.601280,2.126167
3.601690,2.125324
3.602100,2.124484
3.602510,2.123643
3.602920,2.122803
3.603330,2.121963
3.603740,2.121124
3.604150,2.120285
3.604560,2.119447
3.604970,2.118609
3.605380,2.117772
3.605790,2.116934
3.606200,2.116099
3.606610,2.115263
3.607020,2.114427
3.607430,2.113592
3.607840,2.112757
3.608250,2.111923
3.608660,2.111089
3.609070,2.110256
3.609480,2.109423
3.609890,2.108592
3.610300,2.107759
3.610710,2.106928
3.611120,2.106098
3.611530,2.105268
3.611940,2.104435
3.612350,2.103607
3.612760,2.102779
3.613170,2.101951
3.613580,2.101123
3.613990,2.100295
3.614400,2.099468
3.614810,2.098641
3.615221,2.097815
3.615631,2.096988
3.616041,2.096164
3.616451,2.095338
3.616861,2.094515
3.617271,2.093692
3.617681,2.092868
3.618091,2.092046
3.618501,2.091222
3.618911,2.090401
3.619321,2.089579
3.619731,2.088758
3.620141,2.087938
3.620551,2.087117
3.620961,2.086299
3.621371,2.085479
3.621781,2.084660
3.622191,2.083842
3.622601,2.083024
3.623011,2.082207
3.623421,2.081390
3.623831,2.080573
3.624241,2.079758
3.624651,2.078943
3.625061,2.078128
3.625471,2.077313
3.625881,2.076499
3.626291,2.075685
3.626701,2.074872
3.627111,2.074059
3.627521,2.073247
3.627931,2.072435
3.628341,2.071622
3.628751,2.070812
3.629161,2.070002
3.629571,2.069192
3.629981,2.068382
3.630391,2.067573
3.630801,2.066765
3.631211,2.065958
3.631621,2.065149
3.632031,2.064342
3.632441,2.063535
3.632851,2.062729
3.633261,2.061923
3.633671,2.061118
3.634081,2.060312
3.634491,2.059508
3.634901,2.058703
3.635311,2.057900
3.635721,2.057097
3.636131,2.056294
3.636541,2.055492
3.636951,2.054691
3.637361,2.053889
3.637771,2.053089
3.638181,2.052288
3.638591,2.051488
3.639001,2.050688
3.639411,2.049889
3.639821,2.049091
3.640231,2.048292
3.640641,2.047495
3.641051,2.046698
3.641461,2.045901
3.641871,2.045104
3.642281,2.044308
3.642691,2.043513
3.643101,2.042718
3.643511,2.041922
3.643921,2.041129
3.644331,2.040335
3.644741,2.039542
3.645152,2.038749
3.645562,2.037956
3.645972,2.037165
3.646382,2.036372
3.646792,2.035583
3.647202,2.034792
3.647612,2.034002
3.648022,2.033211
3.648432,2.032423
3.648842,2.031634
3.649252,2.030846
3.649662,2.030058
3.650072,2.029270
3.650482,2.028483
3.650892,2.027696
3.651302,2.026911
3.651712,2.026126
3.652122,2.025339
3.652532,2.024554
3.652942,2.023771
3.653352,2.022987
3.653762,2.022202
3.654172,2.021421
3.654582,2.020638
3.654992,2.019856
3.655402,2.019075
3.655812,2.018293
3.656222,2.017513
3.656632,2.016731
3.657042,2.015952
3.657452,2.015173
3.657862,2.014394
3.658272,2.013614
3.658682,2.012836
3.659092,2.012058
3.659502,2.011281
3.659912,2.010504
3.660322,2.009728
3.660732,2.008953
3.661142,2.008177
3.661552,2.007402
3.661962,2.006627
3.662372,2.005852
3.662782,2.005078
3.663192,2.004305
3.663602,2.003532
3.664012,2.002759
3.664422,2.001988
3.664832,2.001217
3.665242,2.000445
3.665652,1.999673
3.666062,1.998904
3.666472,1.998133
3.666882,1.997364
3.667292,1.996596
3.667702,1.995827
3.668112,1.995058
3.668522,1.994292
3.668932,1.993524
3.669342,1.992756
3.669752,1.991990
3.670162,1.991224
3.670572,1.990459
3.670982,1.989693
3.671392,1.988929
3.671802,1.988165
3.672212,1.987400
3.672622,1.986637
3.673032,1.985874
3.673442,1.985113
3.673852,1.984350
3.674262,1.983588
3.674672,1.982827
3.675083,1.982066
3.675493,1.981305
3.675903,1.980546
3.676313,1.979786
3.676723,1.979027
3.677133,1.978269
3.677543,1.977509
3.677953,1.976752
3.678363,1.975995
3.678773,1.975237
3.679183,1.974482
3.679593,1.973724
3.680003,1.972969
3.680413,1.972214
3.680823,1.971459
3.681233,1.970705
3.681643,1.969951
3.682053,1.969197
3.682463,1.968445
3.682873,1.967691
3.683283,1.966938
3.683693,1.966186
3.684103,1.965435
3.684513,1.964685
3.684923,1.963934
3.685333,1.963185
3.685743,1.962434
3.686153,1.961684
3.686563,1.960937
3.686973,1.960187
3.687383,1.959440
3.687793,1.958692
3.688203,1.957943
3.688613,1.957197
3.689023,1.956451
3.689433,1.955706
3.689843,1.954960
3.690253,1.954215
3.690663,1.953469
3.691073,1.952726
3.691483,1.951981
3.691893,1.951238
3.692303,1.950494
3.692713,1.949752
3.693123,1.949010
3.693533,1.948268
3.693943,1.947528
3.694353,1.946787
3.694763,1.946046
3.695173,1.945305
3.695583,1.944566
3.695993,1.943826
3.696403,1.943087
3.696813,1.942349
3.697223,1.941611
3.697633,1.940873
3.698043,1.940135
3.698453,1.939399
3.698863,1.938664
3.699273,1.937927
3.699683,1.937190
3.700093,1.936456
3.700503,1.935722
3.700913,1.934987
3.701323,1.934254
3.701733,1.933520
3.702143,1.932787
3.702553,1.932054
3.702963,1.931322
3.703373,1.930589
3.703783,1.929858
3.704193,1.929127
3.704603,1.928397
3.705014,1.927666
3.705424,1.926936
3.705834,1.926207
3.706244,1.925479
3.706654,1.924749
3.707064,1.924020
3.707474,1.923294
3.707884,1.922566
3.708294,1.921839
3.708704,1.921113
3.709114,1.920387
3.709524,1.919661
3.709934,1.918935
3.710344,1.918211
3.710754,1.917487
3.711164,1.916762
3.711574,1.916039
3.711984,1.915316
3.712394,1.914592
3.712804,1.913870
3.713214,1.913148
3.713624,1.912426
3.714034,1.911705
3.714444,1.910983
3.714854,1.910263
3.715264,1.909543
3.715674,1.908823
3.716084,1.908105
3.716494,1.907386
3.716904,1.906667
3.717314,1.905950
3.717724,1.905232
3.718134,1.904514
3.718544,1.903798
3.718954,1.903082
3.719364,1.902366
3.719774,1.901650
3.720184,1.900935
3.720594,1.900220
3.721004,1.899506
3.721414,1.898791
3.721824,1.898078
3.722234,1.897365
3.722644,1.896653
3.723054,1.895939
3.723464,1.895228
3.723874,1.894516
3.724284,1.893804
3.724694,1.893094
3.725104,1.892384
3.725514,1.891674
3.725924,1.890965
3.726334,1.890255
3.726744,1.889547
3.727154,1.888837
3.727564,1.888130
3.727974,1.887422
3.728384,1.886714
3.728794,1.886008
3.729204,1.885301
3.729614,1.884595
3.730024,1.883890
3.730434,1.883185
3.730844,1.882480
3.731254,1.881775
3.731664,1.881070
3.732074,1.880368
3.732484,1.879665
3.732894,1.878961
3.733304,1.878259
3.733714,1.877557
3.734124,1.876855
3.734534,1.876153
3.734944,1.875453
3.735355,1.874753
3.735765,1.874053
3.736175,1.873352
3.736585,1.872653
3.736995,1.871954
3.737405,1.871256
3.737815,1.870557
3.738225,1.869860
3.738635,1.869163
3.739045,1.868466
3.739455,1.867768
3.739865,1.867073
3.740275,1.866377
3.740685,1.865681
3.741095,1.864986
3.741505,1.864291
3.741915,1.863598
3.742325,1.862904
3.742735,1.862210
3.743145,1.861518
3.743555,1.860825
3.743965,1.860131
3.744375,1.859441
3.744785,1.858749
3.745195,1.858057
3.745605,1.857368
3.746015,1.856676
3.746425,1.855987
3.746835,1.855296
3.747245,1.854608
3.747655,1.853919
3.748065,1.853230
3.748475,1.852542
3.748885,1.851855
3.749295,1.851168
3.749705,1.850481
3.750115,1.849794
3.750525,1.849108
3.750935,1.848422
3.751345,1.847737
3.751755,1.847052
3.752165,1.846367
3.752575,1.845683
3.752985,1.844999
3.753395,1.844315
3.753805,1.843632
3.754215,1.842949
3.754625,1.842267
3.755035,1.841585
3.755445,1.840904
3.755855,1.840223
3.756265,1.839542
3.756675,1.838861
3.757085,1.838182
3.757495,1.837502
3.757905,1.836822
3.758315,1.836144
3.758725,1.835465
3.759135,1.834787
3.759545,1.834109
3.759955,1.833432
3.760365,1.832755
3.760775,1.832079
3.761185,1.831401
3.761595,1.830726
3.762005,1.830050
3.762415,1.829376
3.762825,1.828701
3.763235,1.828027
3.763645,1.827353
3.764055,1.826679
3.764465,1.826006
3.764875,1.825334
3.765286,1.824661
3.765696,1.823988
3.766106,1.823317
3.766516,1.822645
3.766926,1.821975
3.767336,1.821303
3.767746,1.820634
3.768156,1.819964
3.768566,1.819294
3.768976,1.818624
3.769386,1.817957
3.769796,1.817289
3.770206,1.816619
3.770616,1.815953
3.771026,1.815285
3.771436,1.814619
3.771846,1.813953
3.772256,1.813286
3.772666,1.812620
3.773076,1.811954
3.773486,1.811289
3.773896,1.810625
3.774306,1.809961
3.774716,1.809297
3.775126,1.808634
3.775536,1.807971
3.775946,1.807307
3.776356,1.806645
3.776766,1.805984
3.777176,1.805321
3.777586,1.804660
3.777996,1.804000
3.778406,1.803338
3.778816,1.802679
3.779226,1.802018
3.779636,1.801360
3.780046,1.800699
3.780456,1.800041
3.780866,1.799382
3.781276,1.798725
3.781686,1.798068
3.782096,1.797410
3.782506,1.796754
3.782916,1.796097
3.783326,1.795441
3.783736,1.794784
3.784146,1.794130
3.784556,1.793475
3.784966,1.792819
3.785376,1.792166
3.785786,1.791511
3.786196,1.790857
3.786606,1.790204
3.787016,1.789551
3.787426,1.788898
3.787836,1.788247
3.788246,1.787595
3.788656,1.786943
3.789066,1.786293
3.789476,1.785641
3.789886,1.784993
3.790296,1.784342
3.790706,1.783693
3.791116,1.783043
3.791526,1.782394
3.791936,1.781746
3.792346,1.781097
3.792756,1.780450
3.793166,1.779802
3.793576,1.779155
3.793986,1.778508
3.794396,1.777863
3.794806,1.777215
3.795217,1.776570
3.795627,1.775925
3.796037,1.775281
3.796447,1.774636
3.796857,1.773991
3.797267,1.773347
3.797677,1.772704
3.798087,1.772061
3.798497,1.771418
3.798907,1.770775
3.799317,1.770133
3.799727,1.769492
3.800137,1.768851
3.800547,1.768209
3.800957,1.767569
3.801367,1.766928
3.801777,1.766289
3.802187,1.765650
3.802597,1.765010
3.803007,1.764371
3.803417,1.763733
3.803827,1.763095
3.804237,1.762457
3.804647,1.761819
3.805057,1.761183
3.805467,1.760546
3.805877,1.759909
3.806287,1.759273
3.806697,1.758637
3.807107,1.758002
3.807517,1.757368
3.807927,1.756734
3.808337,1.756099
3.808747,1.755464
3.809157,1.754831
3.809567,1.754198
3.809977,1.753565
3.810387,1.752933
3.810797,1.752301
3.811207,1.751669
3.811617,1.751037
3.812027,1.750406
3.812437,1.749775
3.812847,1.749144
3.813257,1.748515
3.813667,1.747885
3.814077,1.747256
3.814487,1.746627
3.814897,1.745999
3.815307,1.745371
3.815717,1.744741
3.816127,1.744115
3.816537,1.743486
3.816947,1.742861
3.817357,1.742233
3.817767,1.741608
3.818177,1.740982
3.818587,1.740356
3.818997,1.739732
3.819407,1.739105
3.819817,1.738482
3.820227,1.737858
3.820637,1.737234
3.821047,1.736611
3.821457,1.735987
3.821867,1.735365
3.822277,1.734742
3.822687,1.734120
3.823097,1.733499
3.823507,1.732877
3.823917,1.732257
3.824327,1.731636
3.824737,1.731015
3.825148,1.730395
3.825558,1.729775
3.825968,1.729156
3.826378,1.728537
3.826788,1.727919
3.827198,1.727301
3.827608,1.726682
3.828018,1.726064
3.828428,1.725447
3.828838,1.724831
3.829248,1.724214
3.829658,1.723598
3.830068,1.722983
3.830478,1.722366
3.830888,1.721752
3.831298,1.721137
3.831708,1.720522
3.832118,1.719908
3.832528,1.719294
3.832938,1.718680
3.833348,1.718068
3.833758,1.717455
3.834168,1.716843
3.834578,1.716230
3.834988,1.715618
3.835398,1.715007
3.835808,1.714396
3.836218,1.713786
3.836628,1.713175
3.837038,1.712564
3.837448,1.711956
3.837858,1.711345
3.838268,1.710736
3.838678,1.710127
3.839088,1.709519
3.839498,1.708911
3.839908,1.708303
3.840318,1.707695
3.840728,1.707089
3.841138,1.706482
3.841548,1.705876
3.841958,1.705269
3.842368,1.704664
3.842778,1.704058
3.843188,1.703454
3.843598,1.702848
3.844008,1.702244
3.844418,1.701640
3.844828,1.701037
3.845238,1.700433
3.845648,1.699831
3.846058,1.699227
3.846468,1.698625
3.846878,1.698022
3.847288,1.697422
3.847698,1.696819
3.848108,1.696219
3.848518,1.695617
3.848928,1.695018
3.849338,1.694418
3.849748,1.693817
3.850158,1.693218
3.850568,1.692619
3.850978,1.692020
3.851388,1.691422
3.851798,1.690824
3.852208,1.690227
3.852618,1.689629
3.853028,1.689032
3.853438,1.688435
3.853848,1.687839
3.854258,1.687243
3.854668,1.686648
3.855079,1.686052
3.855489,1.685457
3.855899,1.684861
3.856309,1.684268
3.856719,1.683673
3.857129,1.683080
3.857539,1.682486
3.857949,1.681892
3.858359,1.681300
3.858769,1.680708
3.859179,1.680115
3.859589,1.679525
3.859999,1.678932
3.860409,1.678341
3.860819,1.677750
3.861229,1.677160
3.861639,1.676569
3.862049,1.675979
3.862459,1.675390
3.862869,1.674801
3.863279,1.674211
3.863689,1.673623
3.864099,1.673034
3.864509,1.672446
3.864919,1.671859
3.865329,1.671272
3.865739,1.670685
3.866149,1.670099
3.866559,1.669512
3.866969,1.668926
3.867379,1.668341
3.867789,1.667755
3.868199,1.667171
3.868609,1.666585
3.869019,1.666000
3.869429,1.665417
3.869839,1.664833
3.870249,1.664250
3.870659,1.663667
3.871069,1.663085
3.871479,1.662501
3.871889,1.661920
3.872299,1.661338
3.872709,1.660756
3.873119,1.660175
3.873529,1.659595
3.873939,1.659015
3.874349,1.658433
3.874759,1.657854
3.875169,1.657275
3.875579,1.656695
3.875989,1.656116
3.876399,1.655537
3.876809,1.654959
3.877219,1.654381
3.877629,1.653803
3.878039,1.653226
3.878449,1.652649
3.878859,1.652073
3.879269,1.651496
3.879679,1.650920
3.880089,1.650344
3.880499,1.649770
3.880909,1.649194
3.881319,1.648619
3.881729,1.648044
3.882139,1.647471
3.882549,1.646897
3.882959,1.646323
3.883369,1.645749
3.883779,1.645177
3.884189,1.644604
3.884599,1.644032
3.885010,1.643460
3.885420,1.642887
3.885830,1.642316
3.886240,1.641745
3.886650,1.641175
3.887060,1.640604
3.887470,1.640035
3.887880,1.639464
3.888290,1.638896
3.888700,1.638326
3.889110,1.637758
3.889520,1.637189
3.889930,1.636621
3.890340,1.636052
3.890750,1.635486
3.891160,1.634918
3.891570,1.634351
3.891980,1.633785
3.892390,1.633217
3.892800,1.632652
3.893210,1.632087
3.893620,1.631521
3.894030,1.630955
3.894440,1.630391
3.894850,1.629827
3.895260,1.629262
3.895670,1.628698
3.896080,1.628135
3.896490,1.627572
3.896900,1.627009
3.897310,1.626446
3.897720,1.625884
3.898130,1.625322
3.898540,1.624761
3.898950,1.624200
3.899360,1.623639
3.899770,1.623077
3.900180,1.622516
3.900590,1.621957
3.901000,1.621396
3.901410,1.620837
3.901820,1.620278
3.902230,1.619720
3.902640,1.619160
3.903050,1.618602
3.903460,1.618043
3.903870,1.617487
3.904280,1.616928
3.904690,1.616371
3.905100,1.615815
3.905510,1.615259
3.905920,1.614702
3.906330,1.614146
3.906740,1.613590
3.907150,1.613036
3.907560,1.612481
3.907970,1.611925
3.908380,1.611371
3.908790,1.610818
3.909200,1.610264
3.909610,1.609711
3.910020,1.609158
3.910430,1.608605
3.910840,1.608052
3.911250,1.607499
3.911660,1.606948
3.912070,1.606396
3.912480,1.605845
3.912890,1.605293
3.913300,1.604742
3.913710,1.604193
3.914120,1.603643
3.914530,1.603093
3.914940,1.602543
3.915351,1.601994
3.915761,1.601445
3.916171,1.600896
3.916581,1.600348
3.916991,1.599800
3.917401,1.599253
3.917811,1.598704
3.918221,1.598157
3.918631,1.597611
3.919041,1.597064
3.919451,1.596518
3.919861,1.595973
3.920271,1.595426
3.920681,1.594881
3.921091,1.594337
3.921501,1.593792
3.921911,1.593247
3.922321,1.592702
3.922731,1.592159
3.923141,1.591615
3.923551,1.591072
3.923961,1.590529
3.924371,1.589986
3.924781,1.589444
3.925191,1.588902
3.925601,1.588360
3.926011,1.587820
3.926421,1.587278
3.926831,1.586738
3.927241,1.586196
3.927651,1.585656
3.928061,1.585116
3.928471,1.584576
3.928881,1.584037
3.929291,1.583497
3.929701,1.582959
3.930111,1.582421
3.930521,1.581882
3.930931,1.581345
3.931341,1.580807
3.931751,1.580270
3.932161,1.579733
3.932571,1.579195
3.932981,1.578659
3.933391,1.578124
3.933801,1.577587
3.934211,1.577052
3.934621,1.576516
3.935031,1.575981
3.935441,1.575446
3.935851,1.574912
3.936261,1.574378
3.936671,1.573844
3.937081,1.573311
3.937491,1.572778
3.937901,1.572244
3.938311,1.571712
3.938721,1.571179
3.939131,1.570647
3.939541,1.570115
3.939951,1.569584
3.940361,1.569052
3.940771,1.568521
3.941181,1.567990
3.941591,1.567461
3.942001,1.566931
3.942411,1.566401
3.942821,1.565871
3.943231,1.565341
3.943641,1.564813
3.944051,1.564285
3.944461,1.563756
3.944871,1.563227
3.945282,1.562700
3.945692,1.562173
3.946102,1.561646
3.946512,1.561119
3.946922,1.560593
3.947332,1.560066
3.947742,1.559540
3.948152,1.559014
3.948562,1.558489
3.948972,1.557964
3.949382,1.557438
3.949792,1.556914
3.950202,1.556389
3.950612,1.555865
3.951022,1.555342
3.951432,1.554818
3.951842,1.554295
3.952252,1.553772
3.952662,1.553249
3.953072,1.552727
3.953482,1.552205
3.953892,1.551683
3.954302,1.551162
3.954712,1.550641
3.955122,1.550120
3.955532,1.549599
3.955942,1.549079
3.956352,1.548558
3.956762,1.548038
3.957172,1.547519
3.957582,1.546999
3.957992,1.546481
3.958402,1.545962
3.958812,1.545443
3.959222,1.544925
3.959632,1.544409
3.960042,1.543890
3.960452,1.543374
3.960862,1.542856
3.961272,1.542340
3.961682,1.541823
3.962092,1.541306
3.962502,1.540791
3.962912,1.540276
3.963322,1.539761
3.963732,1.539245
3.964142,1.538731
3.964552,1.538216
3.964962,1.537702
3.965372,1.537188
3.965782,1.536674
3.966192,1.536161
3.966602,1.535647
3.967012,1.535135
3.967422,1.534623
3.967832,1.534110
3.968242,1.533598
3.968652,1.533087
3.969062,1.532576
3.969472,1.532065
3.969882,1.531554
3.970292,1.531043
3.970702,1.530532
3.971112,1.530022
3.971522,1.529513
3.971932,1.529003
3.972342,1.528494
3.972752,1.527986
3.973162,1.527477
3.973572,1.526969
3.973982,1.526460
3.974392,1.525953
3.974802,1.525445
3.975213,1.524937
3.975623,1.524430
3.976033,1.523924
3.976443,1.523417
3.976853,1.522912
3.977263,1.522404
3.977673,1.521900
3.978083,1.521394
3.978493,1.520889
3.978903,1.520384
3.979313,1.519881
3.979723,1.519375
3.980133,1.518873
3.980543,1.518368
3.980953,1.517864
3.981363,1.517361
3.981773,1.516858
3.982183,1.516355
3.982593,1.515853
3.983003,1.515352
3.983413,1.514850
3.983823,1.514348
3.984233,1.513847
3.984643,1.513346
3.985053,1.512845
3.985463,1.512345
3.985873,1.511845
3.986283,1.511345
3.986693,1.510845
3.987103,1.510346
3.987513,1.509846
3.987923,1.509348
3.988333,1.508849
3.988743,1.508351
3.989153,1.507853
3.989563,1.507355
3.989973,1.506858
3.990383,1.506360
3.990793,1.505864
3.991203,1.505366
3.991613,1.504871
3.992023,1.504374
3.992433,1.503879
3.992843,1.503383
3.993253,1.502888
3.993663,1.502392
3.994073,1.501897
3.994483,1.501403
3.994893,1.500909
3.995303,1.500415
3.995713,1.499922
3.996123,1.499427
3.996533,1.498934
3.996943,1.498442
3.997353,1.497949
3.997763,1.497456
3.998173,1.496965
3.998583,1.496473
3.998993,1.495981
3.999403,1.495489
3.999813,1.494999
4.000223,1.494508
4.000633,1.494017
4.001043,1.493527
4.001453,1.493037
4.001863,1.492547
4.002273,1.492058
4.002683,1.491568
4.003093,1.491080
4.003503,1.490591
4.003913,1.490102
4.004323,1.489615
4.004733,1.489126
4.005144,1.488639
4.005554,1.488151
4.005964,1.487664
4.006374,1.487178
4.006784,1.486691
4.007194,1.486204
4.007604,1.485718
4.008014,1.485232
4.008424,1.484747
4.008834,1.484262
4.009244,1.483777
4.009654,1.483292
4.010064,1.482807
4.010474,1.482324
4.010884,1.481839
4.011294,1.481356
4.011704,1.480872
4.012114,1.480389
4.012524,1.479906
4.012934,1.479423
4.013344,1.478940
4.013754,1.478459
4.014164,1.477976
4.014574,1.477494
4.014984,1.477014
4.015394,1.476532
4.015804,1.476052
4.016214,1.475571
4.016624,1.475090
4.017034,1.474610
4.017444,1.474131
4.017854,1.473651
4.018264,1.473172
4.018674,1.472693
4.019084,1.472214
4.019494,1.471735
4.019904,1.471256
4.020314,1.470780
4.020724,1.470302
4.021134,1.469824
4.021544,1.469347
4.021954,1.468870
4.022364,1.468393
4.022774,1.467916
4.023184,1.467440
4.023594,1.466964
4.024004,1.466488
4.024414,1.466013
4.024824,1.465538
4.025234,1.465062
4.025644,1.464588
4.026054,1.464114
4.026464,1.463640
4.026874,1.463166
4.027284,1.462692
4.027694,1.462218
4.028104,1.461745
4.028514,1.461272
4.028924,1.460799
4.029334,1.460327
4.029744,1.459855
4.030154,1.459383
4.030564,1.458911
4.030974,1.458440
4.031384,1.457968
4.031794,1.457498
4.032204,1.457027
4.032614,1.456556
4.033024,1.456087
4.033434,1.455617
4.033844,1.455148
4.034254,1.454678
4.034664,1.454208
4.035075,1.453739
4.035485,1.453271
4.035895,1.452803
4.036305,1.452335
4.036715,1.451866
4.037125,1.451400
4.037535,1.450931
4.037945,1.450464
4.038355,1.449998
4.038765,1.449531
4.039175,1.449065
4.039585,1.448599
4.039995,1.448132
4.040405,1.447668
4.040815,1.447202
4.041225,1.446737
4.041635,1.446272
4.042045,1.445807
4.042455,1.445343
4.042865,1.444878
4.043275,1.444414
4.043685,1.443951
4.044095,1.443487
4.044505,1.443024
4.044915,1.442562
4.045325,1.442099
4.045735,1.441636
4.046145,1.441174
4.046555,1.440712
4.046965,1.440250
4.047375,1.439789
4.047785,1.439328
4.048195,1.438867
4.048605,1.438406
4.049015,1.437946
4.049425,1.437485
4.049835,1.437025
4.050245,1.436567
4.050655,1.436108
4.051065,1.435648
4.051475,1.435189
4.051885,1.434730
4.052295,1.434271
4.052705,1.433813
4.053115,1.433356
4.053525,1.432897
4.053935,1.432440
4.054345,1.431983
4.054755,1.431525
4.055165,1.431069
4.055575,1.430613
4.055985,1.430157
4.056395,1.429701
4.056805,1.429245
4.057215,1.428789
4.057625,1.428334
4.058035,1.427878
4.058445,1.427424
4.058855,1.426969
4.059265,1.426515
4.059675,1.426061
4.060085,1.425607
4.060495,1.425154
4.060905,1.424701
4.061315,1.424247
4.061725,1.423795
4.062135,1.423342
4.062545,1.422889
4.062955,1.422437
4.063365,1.421985
4.063775,1.421533
4.064185,1.421082
4.064595,1.420631
4.065006,1.420180
4.065416,1.419729
4.065826,1.419279
4.066236,1.418829
4.066646,1.418378
4.067056,1.417929
4.067466,1.417479
4.067876,1.417031
4.068286,1.416581
4.068696,1.416132
4.069106,1.415684
4.069516,1.415235
4.069926,1.414787
4.070336,1.414340
4.070746,1.413892
4.071156,1.413444
4.071566,1.412998
4.071976,1.412551
4.072386,1.412104
4.072796,1.411658
4.073206,1.411211
4.073616,1.410766
4.074026,1.410320
4.074436,1.409874
4.074846,1.409429
4.075256,1.408984
4.075666,1.408540
4.076076,1.408095
4.076486,1.407650
4.076896,1.407207
4.077306,1.406763
4.077716,1.406319
4.078126,1.405875
4.078536,1.405433
4.078946,1.404990
4.079356,1.404547
4.079766,1.404106
4.080176,1.403662
4.080586,1.403221
4.080996,1.402780
4.081406,1.402338
4.081816,1.401896
4.082226,1.401456
4.082636,1.401016
4.083046,1.400575
4.083456,1.400134
4.083866,1.399694
4.084276,1.399255
4.084686,1.398815
4.085096,1.398375
4.085506,1.397937
4.085916,1.397498
4.086326,1.397059
4.086736,1.396621
4.087146,1.396183
4.087556,1.395744
4.087966,1.395306
4.088376,1.394869
4.088786,1.394432
4.089196,1.393994
4.089606,1.393558
4.090016,1.393122
4.090426,1.392685
4.090836,1.392249
4.091246,1.391813
4.091656,1.391378
4.092066,1.390942
4.092476,1.390508
4.092886,1.390073
4.093296,1.389638
4.093706,1.389203
4.094116,1.388769
4.094526,1.388335
4.094936,1.387902
4.095347,1.387468
4.095757,1.387034
4.096167,1.386601
4.096577,1.386168
4.096987,1.385735
4.097397,1.385303
4.097807,1.384871
4.098217,1.384439
4.098627,1.384007
4.099037,1.383576
4.099447,1.383145
4.099857,1.382714
4.100267,1.382283
4.100677,1.381852
4.101087,1.381422
4.101497,1.380992
4.101907,1.380563
4.102317,1.380132
4.102727,1.379703
4.103137,1.379274
4.103547,1.378845
4.103957,1.378416
4.104367,1.377988
4.104777,1.377559
4.105187,1.377131
4.105597,1.376703
4.106007,1.376276
4.106417,1.375849
4.106827,1.375421
4.107237,1.374994
4.107647,1.374567
4.108057,1.374141
4.108467,1.373714
4.108877,1.373289
4.109287,1.372864
4.109697,1.372437
4.110107,1.372012
4.110517,1.371587
4.110927,1.371162
4.111337,1.370736
4.111747,1.370312
4.112157,1.369889
4.112567,1.369465
4.112977,1.369041
4.113387,1.368617
4.113797,1.368194
4.114207,1.367771
4.114617,1.367348
4.115027,1.366926
4.115437,1.366503
4.115847,1.366081
4.116257,1.365658
4.116667,1.365236
4.117077,1.364816
4.117487,1.364393
4.117897,1.363973
4.118307,1.363551
4.118717,1.363131
4.119127,1.362711
4.119537,1.362290
4.119947,1.361871
4.120357,1.361451
4.120767,1.361031
4.121177,1.360612
4.121587,1.360193
4.121997,1.359774
4.122407,1.359355
4.122817,1.358937
4.123227,1.358518
4.123637,1.358101
4.124047,1.357683
4.124457,1.357266
4.124867,1.356848
4.125278,1.356430
4.125688,1.356014
4.126098,1.355597
4.126508,1.355181
4.126918,1.354765
4.127328,1.354349
4.127738,1.353933
4.128148,1.353518
4.128558,1.353103
4.128968,1.352687
4.129378,1.352272
4.129788,1.351857
4.130198,1.351443
4.130608,1.351029
4.131018,1.350614
4.131428,1.350201
4.131838,1.349787
4.132248,1.349373
4.132658,1.348961
4.133068,1.348547
4.133478,1.348135
4.133888,1.347722
4.134298,1.347310
4.134708,1.346897
4.135118,1.346485
4.135528,1.346073
4.135938,1.345663
4.136348,1.345252
4.136758,1.344841
4.137168,1.344428
4.137578,1.344019
4.137988,1.343608
4.138398,1.343199
4.138808,1.342789
4.139218,1.342379
4.139628,1.341969
4.140038,1.341559
4.140448,1.341151
4.140858,1.340741
4.141268,1.340333
4.141678,1.339925
4.142088,1.339516
4.142498,1.339108
4.142908,1.338701
4.143318,1.338293
4.143728,1.337886
4.144138,1.337479
4.144548,1.337072
4.144958,1.336666
4.145368,1.336258
4.145778,1.335853
4.146188,1.335446
4.146598,1.335040
4.147008,1.334635
4.147418,1.334230
4.147828,1.333825
4.148238,1.333419
4.148648,1.333014
4.149058,1.332610
4.149468,1.332205
4.149878,1.331801
4.150288,1.331397
4.150698,1.330994
4.151108,1.330590
4.151518,1.330186
4.151928,1.329784
4.152338,1.329381
4.152748,1.328978
4.153158,1.328576
4.153568,1.328174
4.153978,1.327772
4.154388,1.327369
4.154798,1.326968
4.155209,1.326566
4.155619,1.326164
4.156029,1.325764
4.156439,1.325363
4.156849,1.324963
4.157259,1.324562
4.157669,1.324163
4.158079,1.323762
4.158489,1.323363
4.158899,1.322963
4.159309,1.322563
4.159719,1.322165
4.160129,1.321766
4.160539,1.321367
4.160949,1.320968
4.161359,1.320570
4.161769,1.320171
4.162179,1.319775
4.162589,1.319377
4.162999,1.318980
4.163409,1.318582
4.163819,1.318185
4.164229,1.317789
4.164639,1.317392
4.165049,1.316996
4.165459,1.316600
4.165869,1.316204
4.166279,1.315808
4.166689,1.315412
4.167099,1.315016
4.167509,1.314620
4.167919,1.314226
4.168329,1.313832
4.168739,1.313437
4.169149,1.313042
4.169559,1.312649
4.169969,1.312255
4.170379,1.311862
4.170789,1.311467
4.171199,1.311074
4.171609,1.310682
4.172019,1.310288
4.172429,1.309895
4.172839,1.309503
4.173249,1.309111
4.173659,1.308719
4.174069,1.308327
4.174479,1.307935
4.174889,1.307544
4.175299,1.307152
4.175709,1.306761
4.176119,1.306370
4.176529,1.305980
4.176939,1.305589
4.177349,1.305199
4.177759,1.304809
4.178169,1.304420
4.178579,1.304029
4.178989,1.303640
4.179399,1.303251
4.179809,1.302863
4.180219,1.302474
4.180629,1.302084
4.181039,1.301696
4.181449,1.301308
4.181859,1.300920
4.182269,1.300532
4.182679,1.300144
4.183089,1.299758
4.183499,1.299370
4.183909,1.298983
4.184319,1.298596
4.184729,1.298211
4.185140,1.297824
4.185550,1.297438
4.185960,1.297052
4.186370,1.296666
4.186780,1.296280
4.187190,1.295895
4.187600,1.295510
4.188010,1.295125
4.188420,1.294739
4.188830,1.294355
4.189240,1.293971
4.189650,1.293587
4.190060,1.293203
4.190470,1.292819
4.190880,1.292435
4.191290,1.292052
4.191700,1.291669
4.192110,1.291286
4.192520,1.290904
4.192930,1.290520
4.193340,1.290138
4.193750,1.289757
4.194160,1.289374
4.194570,1.288993
4.194980,1.288612
4.195390,1.288229
4.195800,1.287849
4.196210,1.287467
4.196620,1.287087
4.197030,1.286706
4.197440,1.286325
4.197850,1.285946
4.198260,1.285566
4.198670,1.285186
4.199080,1.284806
4.199490,1.284426
4.199900,1.284048
4.200310,1.283668
4.200720,1.283291
4.201130,1.282911
4.201540,1.282534
4.201950,1.282155
4.202360,1.281777
4.202770,1.281399
4.203180,1.281021
4.203590,1.280644
4.204000,1.280266
4.204410,1.279890
4.204820,1.279513
4.205230,1.279136
4.205640,1.278759
4.206050,1.278383
4.206460,1.278008
4.206870,1.277632
4.207280,1.277256
4.207690,1.276879
4.208100,1.276505
4.208510,1.276130
4.208920,1.275754
4.209330,1.275380
4.209740,1.275006
4.210150,1.274632
4.210560,1.274257
4.210970,1.273884
4.211380,1.273510
4.211790,1.273136
4.212200,1.272763
4.212610,1.272390
4.213020,1.272017
4.213430,1.271644
4.213840,1.271271
4.214250,1.270898
4.214660,1.270527
4.215071,1.270155
4.215481,1.269784
4.215891,1.269412
4.216301,1.269040
4.216711,1.268669
4.217121,1.268298
4.217531,1.267927
4.217941,1.267556
4.218351,1.267186
4.218761,1.266816
4.219171,1.266446
4.219581,1.266076
4.219991,1.265707
4.220401,1.265337
4.220811,1.264968
4.221221,1.264599
4.221631,1.264229
4.222041,1.263861
4.222451,1.263493
4.222861,1.263124
4.223271,1.262756
4.223681,1.262388
4.224091,1.262021
4.224501,1.261653
4.224911,1.261285
4.225321,1.260919
4.225731,1.260551
4.226141,1.260185
4.226551,1.259818
4.226961,1.259452
4.227371,1.259086
4.227781,1.258719
4.228191,1.258353
4.228601,1.257988
4.229011,1.257623
4.229421,1.257257
4.229831,1.256892
4.230241,1.256527
4.230651,1.256163
4.231061,1.255797
4.231471,1.255433
4.231881,1.255069
4.232291,1.254706
4.232701,1.254342
4.233111,1.253978
4.233521,1.253615
4.233931,1.253252
4.234341,1.252888
4.234751,1.252525
4.235161,1.252163
4.235571,1.251800
4.235981,1.251438
4.236391,1.251077
4.236801,1.250714
4.237211,1.250352
4.237621,1.249991
4.238031,1.249629
4.238441,1.249268
4.238851,1.248908
4.239261,1.248547
4.239671,1.248187
4.240081,1.247826
4.240491,1.247465
4.240901,1.247106
4.241311,1.246745
4.241721,1.246386
4.242131,1.246027
4.242541,1.245667
4.242951,1.245308
4.243361,1.244950
4.243771,1.244590
4.244181,1.244232
4.244591,1.243873
4.245002,1.243516
4.245412,1.243157
4.245822,1.242800
4.246232,1.242442
4.246642,1.242085
4.247052,1.241727
4.247462,1.241370
4.247872,1.241013
4.248282,1.240657
4.248692,1.240300
4.249102,1.239944
4.249512,1.239588
4.249922,1.239231
4.250332,1.238876
4.250742,1.238520
4.251152,1.238164
4.251562,1.237810
4.251972,1.237454
4.252382,1.237100
4.252792,1.236745
4.253202,1.236391
4.253612,1.236037
4.254022,1.235682
4.254432,1.235328
4.254842,1.234974
4.255252,1.234621
4.255662,1.234267
4.256072,1.233914
4.256482,1.233560
4.256892,1.233208
4.257302,1.232855
4.257712,1.232503
4.258122,1.232151
4.258532,1.231798
4.258942,1.231446
4.259352,1.231094
4.259762,1.230744
4.260172,1.230391
4.260582,1.230041
4.260992,1.229689
4.261402,1.229338
4.261812,1.228988
4.262222,1.228636
4.262632,1.228287
4.263042,1.227937
4.263452,1.227587
4.263862,1.227237
4.264272,1.226887
4.264682,1.226538
4.265092,1.226188
4.265502,1.225840
4.265912,1.225491
4.266322,1.225143
4.266732,1.224794
4.267142,1.224446
4.267552,1.224097
4.267962,1.223749
4.268372,1.223402
4.268782,1.223054
4.269192,1.222707
4.269602,1.222360
4.270012,1.222012
4.270422,1.221665
4.270832,1.221318
4.271242,1.220972
4.271652,1.220625
4.272062,1.220279
4.272472,1.219933
4.272882,1.219586
4.273292,1.219241
4.273702,1.218896
4.274112,1.218551
4.274522,1.218205
4.274932,1.217861
4.275343,1.217516
4.275753,1.217171
4.276163,1.216827
4.276573,1.216483
4.276983,1.216138
4.277393,1.215795
4.277803,1.215451
4.278213,1.215107
4.278623,1.214763
4.279033,1.214420
4.279443,1.214077
4.279853,1.213735
4.280263,1.213392
4.280673,1.213049
4.281083,1.212707
4.281493,1.212365
4.281903,1.212023
4.282313,1.211681
4.282723,1.211340
4.283133,1.210998
4.283543,1.210657
4.283953,1.210316
4.284363,1.209975
4.284773,1.209634
4.285183,1.209293
4.285593,1.208953
4.286003,1.208614
4.286413,1.208273
4.286823,1.207932
4.287233,1.207594
4.287643,1.207253
4.288053,1.206914
4.288463,1.206575
4.288873,1.206236
4.289283,1.205898
4.289693,1.205558
4.290103,1.205220
4.290513,1.204882
4.290923,1.204544
4.291333,1.204206
4.291743,1.203868
4.292153,1.203531
4.292563,1.203192
4.292973,1.202856
4.293383,1.202518
4.293793,1.202182
4.294203,1.201844
4.294613,1.201508
4.295023,1.201172
4.295433,1.200836
4.295843,1.200500
4.296253,1.200164
4.296663,1.199828
4.297073,1.199492
4.297483,1.199157
4.297893,1.198822
4.298303,1.198487
4.298713,1.198152
4.299123,1.197818
4.299533,1.197483
4.299943,1.197148
4.300353,1.196814
4.300763,1.196481
4.301173,1.196146
4.301583,1.195813
4.301993,1.195479
4.302403,1.195145
4.302813,1.194813
4.303223,1.194479
4.303633,1.194147
4.304043,1.193814
4.304453,1.193482
4.304863,1.193150
4.305274,1.192817
4.305684,1.192486
4.306094,1.192153
4.306504,1.191822
4.306914,1.191491
4.307324,1.191159
4.307734,1.190827
4.308144,1.190497
4.308554,1.190166
4.308964,1.189835
4.309374,1.189505
4.309784,1.189176
4.310194,1.188845
4.310604,1.188515
4.311014,1.188185
4.311424,1.187856
4.311834,1.187526
4.312244,1.187196
4.312654,1.186868
4.313064,1.186539
4.313474,1.186210
4.313884,1.185882
4.314294,1.185553
4.314704,1.185225
4.315114,1.184896
4.315524,1.184569
4.315934,1.184241
4.316344,1.183913
4.316754,1.183587
4.317164,1.183259
4.317574,1.182932
4.317984,1.182605
4.318394,1.182277
4.318804,1.181951
4.319214,1.181624
4.319624,1.181298
4.320034,1.180972
4.320444,1.180647
4.320854,1.180320
4.321264,1.179996
4.321674,1.179670
4.322084,1.179345
4.322494,1.179020
4.322904,1.178694
4.323314,1.178369
4.323724,1.178045
4.324134,1.177721
4.324544,1.177397
4.324954,1.177072
4.325364,1.176748
4.325774,1.176424
4.326184,1.176100
4.326594,1.175777
4.327004,1.175454
4.327414,1.175131
4.327824,1.174808
4.328234,1.174485
4.328644,1.174162
4.329054,1.173841
4.329464,1.173517
4.329874,1.173195
4.330284,1.172874
4.330694,1.172552
4.331104,1.172230
4.331514,1.171909
4.331924,1.171588
4.332334,1.171266
4.332744,1.170946
4.333154,1.170624
4.333564,1.170304
4.333974,1.169983
4.334384,1.169662
4.334794,1.169344
4.335205,1.169022
4.335615,1.168703
4.336025,1.168383
4.336435,1.168064
4.336845,1.167745
4.337255,1.167425
4.337665,1.167106
4.338075,1.166787
4.338485,1.166469
4.338895,1.166150
4.339305,1.165831
4.339715,1.165513
4.340125,1.165196
4.340535,1.164877
4.340945,1.164560
4.341355,1.164241
4.341765,1.163925
4.342175,1.163607
4.342585,1.163291
4.342995,1.162973
4.343405,1.162657
4.343815,1.162340
4.344225,1.162023
4.344635,1.161707
4.345045,1.161392
4.345455,1.161075
4.345865,1.160759
4.346275,1.160443
4.346685,1.160128
4.347095,1.159812
4.347505,1.159497
4.347915,1.159183
4.348325,1.158867
4.348735,1.158552
4.349145,1.158238
4.349555,1.157924
4.349965,1.157610
4.350375,1.157295
4.350785,1.156981
4.351195,1.156668
4.351605,1.156354
4.352015,1.156041
4.352425,1.155727
4.352835,1.155414
4.353245,1.155101
4.353655,1.154789
4.354065,1.154476
4.354475,1.154163
4.354885,1.153852
4.355295,1.153539
4.355705,1.153227
4.356115,1.152915
4.356525,1.152604
4.356935,1.152292
4.357345,1.151982
4.357755,1.151669
4.358165,1.151358
4.358575,1.151048
4.358985,1.150736
4.359395,1.150426
4.359805,1.150116
4.360215,1.149806
4.360625,1.149496
4.361035,1.149186
4.361445,1.148876
4.361855,1.148566
4.362265,1.148257
4.362675,1.147947
4.363085,1.147638
4.363495,1.147330
4.363905,1.147021
4.364315,1.146711
4.364725,1.146403
4.365136,1.146094
4.365546,1.145786
4.365956,1.145479
4.366366,1.145170
4.366776,1.144863
4.367186,1.144555
4.367596,1.144247
4.368006,1.143940
4.368416,1.143633
4.368826,1.143326
4.369236,1.143019
4.369646,1.142712
4.370056,1.142406
4.370466,1.142099
4.370876,1.141793
4.371286,1.141487
4.371696,1.141182
4.372106,1.140875
4.372516,1.140570
4.372926,1.140265
4.373336,1.139960
4.373746,1.139654
4.374156,1.139349
4.374566,1.139044
4.374976,1.138740
4.375386,1.138435
4.375796,1.138130
4.376206,1.137827
4.376616,1.137523
4.377026,1.137219
4.377436,1.136915
4.377846,1.136611
4.378256,1.136307
4.378666,1.136005
4.379076,1.135701
4.379486,1.135398
4.379896,1.135096
4.380306,1.134792
4.380716,1.134490
4.381126,1.134188
4.381536,1.133886
4.381946,1.133584
4.382356,1.133282
4.382766,1.132980
4.383176,1.132678
4.383586,1.132377
4.383996,1.132075
4.384406,1.131774
4.384816,1.131473
4.385226,1.131172
4.385636,1.130871
4.386046,1.130572
4.386456,1.130271
4.386866,1.129970
4.387276,1.129670
4.387686,1.129370
4.388096,1.129071
4.388506,1.128771
4.388916,1.128472
4.389326,1.128172
4.389736,1.127873
4.390146,1.127573
4.390556,1.127275
4.390966,1.126976
4.391376,1.126678
4.391786,1.126379
4.392196,1.126081
4.392606,1.125783
4.393016,1.125484
4.393426,1.125187
4.393836,1.124889
4.394246,1.124591
4.394656,1.124294
4.395067,1.123997
4.395477,1.123700
4.395887,1.123403
4.396297,1.123106
4.396707,1.122808
4.397117,1.122513
4.397527,1.122217
4.397937,1.121920
4.398347,1.121625
4.398757,1.121329
4.399167,1.121033
4.399577,1.120737
4.399987,1.120441
4.400397,1.120147
4.400807,1.119851
4.401217,1.119557
4.401627,1.119261
4.402037,1.118966
4.402447,1.118671
4.402857,1.118377
4.403267,1.118083
4.403677,1.117790
4.404087,1.117496
4.404497,1.117201
4.404907,1.116908
4.405317,1.116614
4.405727,1.116321
4.406137,1.116027
4.406547,1.115734
4.406957,1.115442
4.407367,1.115149
4.407777,1.114856
4.408187,1.114564
4.408597,1.114271
4.409007,1.113979
4.409417,1.113687
4.409827,1.113395
4.410237,1.113104
4.410647,1.112811
4.411057,1.112520
4.411467,1.112228
4.411877,1.111938
4.412287,1.111647
4.412697,1.111355
4.413107,1.111064
4.413517,1.110773
4.413927,1.110484
4.414337,1.110193
4.414747,1.109903
4.415157,1.109613
4.415567,1.109323
4.415977,1.109034
4.416387,1.108743
4.416797,1.108455
4.417207,1.108165
4.417617,1.107877
4.418027,1.107587
4.418437,1.107298
4.418847,1.107010
4.419257,1.106722
4.419667,1.106433
4.420077,1.106144
4.420487,1.105855
4.420897,1.105568
4.421307,1.105279
4.421717,1.104993
4.422127,1.104705
4.422537,1.104417
4.422947,1.104130
4.423357,1.103842
4.423767,1.103556
4.424177,1.103269
4.424587,1.102983
4.424997,1.102696
4.425408,1.102410
4.425818,1.102123
4.426228,1.101837
4.426638,1.101551
4.427048,1.101265
4.427458,1.100980
4.427868,1.100694
4.428278,1.100409
4.428688,1.100124
4.429098,1.099839
4.429508,1.099553
4.429918,1.099268
4.430328,1.098983
4.430738,1.098699
4.431148,1.098415
4.431558,1.098130
4.431968,1.097847
4.432378,1.097562
4.432788,1.097278
4.433198,1.096995
4.433608,1.096711
4.434018,1.096427
4.434428,1.096144
4.434838,1.095861
4.435248,1.095578
4.435658,1.095294
4.436068,1.095012
4.436478,1.094730
4.436888,1.094448
4.437298,1.094165
4.437708,1.093883
4.438118,1.093601
4.438528,1.093320
4.438938,1.093038
4.439348,1.092757
4.439758,1.092475
4.440168,1.092193
4.440578,1.091913
4.440988,1.091630
4.441398,1.091350
4.441808,1.091069
4.442218,1.090789
4.442628,1.090508
4.443038,1.090228
4.443448,1.089947
4.443858,1.089668
4.444268,1.089387
4.444678,1.089108
4.445088,1.088828
4.445498,1.088549
4.445908,1.088270
4.446318,1.087991
4.446728,1.087712
4.447138,1.087432
4.447548,1.087153
4.447958,1.086875
4.448368,1.086596
4.448778,1.086318
4.449188,1.086041
4.449598,1.085761
4.450008,1.085483
4.450418,1.085206
4.450828,1.084928
4.451238,1.084651
4.451648,1.084373
4.452058,1.084096
4.452468,1.083819
4.452878,1.083541
4.453288,1.083265
4.453698,1.082988
4.454108,1.082712
4.454518,1.082435
4.454928,1.082160
4.455339,1.081883
4.455749,1.081606
4.456159,1.081331
4.456569,1.081055
4.456979,1.080778
4.457389,1.080505
4.457799,1.080229
4.458209,1.079953
4.458619,1.079678
4.459029,1.079403
4.459439,1.079128
4.459849,1.078854
4.460259,1.078579
4.460669,1.078305
4.461079,1.078031
4.461489,1.077757
4.461899,1.077483
4.462309,1.077209
4.462719,1.076934
4.463129,1.076662
4.463539,1.076388
4.463949,1.076116
4.464359,1.075842
4.464769,1.075569
4.465179,1.075296
4.465589,1.075023
4.465999,1.074751
4.466409,1.074478
4.466819,1.074206
4.467229,1.073933
4.467639,1.073661
4.468049,1.073390
4.468459,1.073117
4.468869,1.072847
4.469279,1.072575
4.469689,1.072303
4.470099,1.072032
4.470509,1.071761
4.470919,1.071489
4.471329,1.071219
4.471739,1.070948
4.472149,1.070677
4.472559,1.070407
4.472969,1.070136
4.473379,1.069867
4.473789,1.069596
4.474199,1.069326
4.474609,1.069057
4.475019,1.068787
4.475429,1.068518
4.475839,1.068248
4.476249,1.067979
4.476659,1.067710
4.477069,1.067441
4.477479,1.067171
4.477889,1.066903
4.478299,1.066635
4.478709,1.066366
4.479119,1.066097
4.479529,1.065829
4.479939,1.065562
4.480349,1.065294
4.480759,1.065025
4.481169,1.064758
4.481579,1.064491
4.481989,1.064223
4.482399,1.063956
4.482809,1.063689
4.483219,1.063422
4.483629,1.063155
4.484039,1.062888
4.484449,1.062622
4.484859,1.062356
4.485270,1.062089
4.485680,1.061823
4.486090,1.061557
4.486500,1.061290
4.486910,1.061025
4.487320,1.060759
4.487730,1.060494
4.488140,1.060228
4.488550,1.059963
4.488960,1.059697
4.489370,1.059433
4.489780,1.059168
4.490190,1.058903
4.490600,1.058638
4.491010,1.058374
4.491420,1.058110
4.491830,1.057845
4.492240,1.057581
4.492650,1.057318
4.493060,1.057053
4.493470,1.056790
4.493880,1.056526
4.494290,1.056262
4.494700,1.055999
4.495110,1.055736
4.495520,1.055473
4.495930,1.055210
4.496340,1.054948
4.496750,1.054685
4.497160,1.054422
4.497570,1.054159
4.497980,1.053898
4.498390,1.053635
4.498800,1.053373
4.499210,1.053111
4.499620,1.052849
4.500030,1.052588
4.500440,1.052326
4.500850,1.052065
4.501260,1.051804
4.501670,1.051543
4.502080,1.051282
4.502490,1.051021
4.502900,1.050760
4.503310,1.050499
4.503720,1.050239
4.504130,1.049978
4.504540,1.049719
4.504950,1.049458
4.505360,1.049199
4.505770,1.048939
4.506180,1.048679
4.506590,1.048419
4.507000,1.048160
4.507410,1.047901
4.507820,1.047642
4.508230,1.047383
4.508640,1.047124
4.509050,1.046865
4.509460,1.046606
4.509870,1.046347
4.510280,1.046089
4.510690,1.045831
4.511100,1.045572
4.511510,1.045314
4.511920,1.045057
4.512330,1.044799
4.512740,1.044541
4.513150,1.044284
4.513560,1.044026
4.513970,1.043769
4.514380,1.043511
4.514790,1.043255
4.515201,1.042998
4.515611,1.042741
4.516021,1.042484
4.516431,1.042228
4.516841,1.041971
4.517251,1.041716
4.517661,1.041460
4.518071,1.041203
4.518481,1.040947
4.518891,1.040691
4.519301,1.040437
4.519711,1.040180
4.520121,1.039925
4.520531,1.039670
4.520941,1.039414
4.521351,1.039160
4.521761,1.038904
4.522171,1.038649
4.522581,1.038396
4.522991,1.038141
4.523401,1.037887
4.523811,1.037633
4.524221,1.037378
4.524631,1.037125
4.525041,1.036871
4.525451,1.036616
4.525861,1.036363
4.526271,1.036109
4.526681,1.035856
4.527091,1.035603
4.527501,1.035350
4.527911,1.035096
4.528321,1.034844
4.528731,1.034590
4.529141,1.034338
4.529551,1.034086
4.529961,1.033833
4.530371,1.033581
4.530781,1.033329
4.531191,1.033077
4.531601,1.032826
4.532011,1.032574
4.532421,1.032322
4.532831,1.032070
4.533241,1.031819
4.533651,1.031568
4.534061,1.031317
4.534471,1.031065
4.534881,1.030815
4.535291,1.030564
4.535701,1.030313
4.536111,1.030062
4.536521,1.029813
4.536931,1.029562
4.537341,1.029311
4.537751,1.029062
4.538161,1.028812
4.538571,1.028562
4.538981,1.028312
4.539391,1.028063
4.539801,1.027814
4.540211,1.027565
4.540621,1.027315
4.541031,1.027066
4.541441,1.026817
4.541851,1.026567
4.542261,1.026319
4.542671,1.026071
4.543081,1.025823
4.543491,1.025574
4.543901,1.025325
4.544311,1.025077
4.544721,1.024830
4.545132,1.024582
4.545542,1.024334
4.545952,1.024087
4.546362,1.023839
4.546772,1.023592
4.547182,1.023345
4.547592,1.023098
4.548002,1.022850
4.548412,1.022604
4.548822,1.022357
4.549232,1.022110
4.549642,1.021864
4.550052,1.021617
4.550462,1.021371
4.550872,1.021125
4.551282,1.020879
4.551692,1.020633
4.552102,1.020388
4.552512,1.020142
4.552922,1.019896
4.553332,1.019650
4.553742,1.019405
4.554152,1.019160
4.554562,1.018915
4.554972,1.018670
4.555382,1.018425
4.555792,1.018180
4.556202,1.017936
4.556612,1.017691
4.557022,1.017447
4.557432,1.017203
4.557842,1.016959
4.558252,1.016715
4.558662,1.016471
4.559072,1.016227
4.559482,1.015984
4.559892,1.015740
4.560302,1.015498
4.560712,1.015254
4.561122,1.015011
4.561532,1.014767
4.561942,1.014525
4.562352,1.014281
4.562762,1.014040
4.563172,1.013796
4.563582,1.013555
4.563992,1.013312
4.564402,1.013071
4.564812,1.012828
4.565222,1.012586
4.565632,1.012344
4.566042,1.012102
4.566452,1.011861
4.566862,1.011619
4.567272,1.011378
4.567682,1.011136
4.568092,1.010896
4.568502,1.010654
4.568912,1.010413
4.569322,1.010173
4.569732,1.009932
4.570142,1.009691
4.570552,1.009451
4.570962,1.009211
4.571372,1.008971
4.571782,1.008730
4.572192,1.008491
4.572602,1.008251
4.573012,1.008011
4.573422,1.007772
4.573832,1.007533
4.574242,1.007293
4.574652,1.007053
4.575063,1.006814
4.575473,1.006576
4.575883,1.006335
4.576293,1.006098
4.576703,1.005859
4.577113,1.005620
4.577523,1.005382
4.577933,1.005143
4.578343,1.004906
4.578753,1.004668
4.579163,1.004429
4.579573,1.004191
4.579983,1.003953
4.580393,1.003716
4.580803,1.003479
4.581213,1.003242
4.581623,1.003004
4.582033,1.002767
4.582443,1.002530
4.582853,1.002293
4.583263,1.002056
4.583673,1.001819
4.584083,1.001584
4.584493,1.001347
4.584903,1.001110
4.585313,1.000874
4.585723,1.000637
4.586133,1.000401
4.586543,1.000166
4.586953,0.999930
4.587363,0.999695
4.587773,0.999459
4.588183,0.999224
4.588593,0.998988
4.589003,0.998753
4.589413,0.998518
4.589823,0.998283
4.590233,0.998048
4.590643,0.997814
4.591053,0.997578
4.591463,0.997344
4.591873,0.997110
4.592283,0.996875
4.592693,0.996642
4.593103,0.996408
4.593513,0.996173
4.593923,0.995940
4.594333,0.995705
4.594743,0.995472
4.595153,0.995239
4.595563,0.995005
4.595973,0.994772
4.596383,0.994539
4.596793,0.994306
4.597203,0.994073
4.597613,0.993840
4.598023,0.993607
4.598433,0.993375
4.598843,0.993143
4.599253,0.992910
4.599663,0.992678
4.600073,0.992445
4.600483,0.992214
4.600893,0.991982
4.601303,0.991750
4.601713,0.991519
4.602123,0.991287
4.602533,0.991055
4.602943,0.990824
4.603353,0.990593
4.603763,0.990362
4.604173,0.990130
4.604583,0.989900
4.604993,0.989670
4.605404,0.989439
4.605814,0.989208
4.606224,0.988978
4.606634,0.988747
4.607044,0.988517
4.607454,0.988287
4.607864,0.988057
4.608274,0.987827
4.608684,0.987597
4.609094,0.987368
4.609504,0.987138
4.609914,0.986909
4.610324,0.986679
4.610734,0.986450
4.611144,0.986221
4.611554,0.985992
4.611964,0.985764
4.612374,0.985535
4.612784,0.985306
4.613194,0.985076
4.613604,0.984850
4.614014,0.984621
4.614424,0.984393
4.614834,0.984164
4.615244,0.983936
4.615654,0.983708
4.616064,0.983480
4.616474,0.983253
4.616884,0.983025
4.617294,0.982798
4.617704,0.982570
4.618114,0.982343
4.618524,0.982116
4.618934,0.981890
4.619344,0.981662
4.619754,0.981436
4.620164,0.981210
4.620574,0.980983
4.620984,0.980756
4.621394,0.980530
4.621804,0.980303
4.622214,0.980078
4.622624,0.979852
4.623034,0.979625
4.623444,0.979400
4.623854,0.979174
4.624264,0.978948
4.624674,0.978724
4.625084,0.978497
4.625494,0.978273
4.625904,0.978048
4.626314,0.977823
4.626724,0.977598
4.627134,0.977372
4.627544,0.977148
4.627954,0.976924
4.628364,0.976699
4.628774,0.976475
4.629184,0.976250
4.629594,0.976027
4.630004,0.975802
4.630414,0.975578
4.630824,0.975355
4.631234,0.975131
4.631644,0.974907
4.632054,0.974684
4.632464,0.974460
4.632874,0.974237
4.633284,0.974014
4.633694,0.973790
4.634104,0.973568
4.634514,0.973345
4.634924,0.973123
4.635335,0.972900
4.635745,0.972677
4.636155,0.972455
4.636565,0.972232
4.636975,0.972011
4.637385,0.971788
4.637795,0.971566
4.638205,0.971344
4.638615,0.971123
4.639025,0.970900
4.639435,0.970680
4.639845,0.970458
4.640255,0.970237
4.640665,0.970015
4.641075,0.969795
4.641485,0.969573
4.641895,0.969352
4.642305,0.969131
4.642715,0.968910
4.643125,0.968691
4.643535,0.968469
4.643945,0.968249
4.644355,0.968029
4.644765,0.967809
4.645175,0.967588
4.645585,0.967368
4.645995,0.967148
4.646405,0.966929
4.646815,0.966710
4.647225,0.966489
4.647635,0.966271
4.648045,0.966051
4.648455,0.965831
4.648865,0.965613
4.649275,0.965394
4.649685,0.965176
4.650095,0.964956
4.650505,0.964737
4.650915,0.964519
4.651325,0.964300
4.651735,0.964082
4.652145,0.963864
4.652555,0.963646
4.652965,0.963428
4.653375,0.963210
4.653785,0.962991
4.654195,0.962774
4.654605,0.962556
4.655015,0.962338
4.655425,0.962122
4.655835,0.961905
4.656245,0.961687
4.656655,0.961470
4.657065,0.961252
4.657475,0.961036
4.657885,0.960820
4.658295,0.960603
4.658705,0.960386
4.659115,0.960169
4.659525,0.959953
4.659935,0.959737
4.660345,0.959521
4.660755,0.959304
4.661165,0.959089
4.661575,0.958873
4.661985,0.958657
4.662395,0.958441
4.662805,0.958226
4.663215,0.958011
4.663625,0.957795
4.664035,0.957580
4.664445,0.957366
4.664855,0.957150
4.665266,0.956934
4.665676,0.956720
4.666086,0.956505
4.666496,0.956291
4.666906,0.956077
4.667316,0.955863
4.667726,0.955648
4.668136,0.955434
4.668546,0.955219
4.668956,0.955005
4.669366,0.954792
4.669776,0.954578
4.670186,0.954365
4.670596,0.954151
4.671006,0.953937
4.671416,0.953723
4.671826,0.953510
4.672236,0.953297
4.672646,0.953084
4.673056,0.952871
4.673466,0.952659
4.673876,0.952446
4.674286,0.952233
4.674696,0.952021
4.675106,0.951808
4.675516,0.951596
4.675926,0.951383
4.676336,0.951172
4.676746,0.950959
4.677156,0.950748
4.677566,0.950536
4.677976,0.950324
4.678386,0.950112
4.678796,0.949900
4.679206,0.949689
4.679616,0.949478
4.680026,0.949266
4.680436,0.949056
4.680846,0.948844
4.681256,0.948634
4.681666,0.948423
4.682076,0.948212
4.682486,0.948002
4.682896,0.947791
4.683306,0.947580
4.683716,0.947370
4.684126,0.947159
4.684536,0.946949
4.684946,0.946740
4.685356,0.946530
4.685766,0.946320
4.686176,0.946111
4.686586,0.945901
4.686996,0.945691
4.687406,0.945482
4.687816,0.945273
4.688226,0.945064
4.688636,0.944854
4.689046,0.944646
4.689456,0.944437
4.689866,0.944228
4.690276,0.944019
4.690686,0.943811
4.691096,0.943602
4.691506,0.943394
4.691916,0.943186
4.692326,0.942976
4.692736,0.942769
4.693146,0.942561
4.693556,0.942354
4.693966,0.942145
4.694376,0.941937
4.694786,0.941731
4.695197,0.941522
4.695607,0.941315
4.696017,0.941108
4.696427,0.940901
4.696837,0.940694
4.697247,0.940486
4.697657,0.940280
4.698067,0.940073
4.698477,0.939867
4.698887,0.939659
4.699297,0.939453
4.699707,0.939247
4.700117,0.939040
4.700527,0.938835
4.700937,0.938628
4.701347,0.938422
4.701757,0.938216
4.702167,0.938011
4.702577,0.937805
4.702987,0.937599
4.703397,0.937393
4.703807,0.937188
4.704217,0.936983
4.704627,0.936777
4.705037,0.936573
4.705447,0.936368
4.705857,0.936163
4.706267,0.935958
4.706677,0.935753
4.707087,0.935548
4.707497,0.935344
4.707907,0.935139
4.708317,0.934935
4.708727,0.934731
4.709137,0.934527
4.709547,0.934323
4.709957,0.934119
4.710367,0.933914
4.710777,0.933711
4.711187,0.933508
4.711597,0.933304
4.712007,0.933101
4.712417,0.932897
4.712827,0.932693
4.713237,0.932491
4.713647,0.932288
4.714057,0.932084
4.714467,0.931882
4.714877,0.931679
4.715287,0.931476
4.715697,0.931273
4.716107,0.931071
4.716517,0.930869
4.716927,0.930667
4.717337,0.930464
4.717747,0.930263
4.718157,0.930061
4.718567,0.929858
4.718977,0.929656
4.719387,0.929454
4.719797,0.929253
4.720207,0.929052
4.720617,0.928850
4.721027,0.928649
4.721437,0.928447
4.721847,0.928246
4.722257,0.928045
4.722667,0.927845
4.723077,0.927644
4.723487,0.927443
4.723897,0.927242
4.724307,0.927042
4.724717,0.926841
4.725128,0.926641
4.725538,0.926442
4.725948,0.926241
4.726358,0.926040
4.726768,0.925840
4.727178,0.925640
4.727588,0.925442
4.727998,0.925241
4.728408,0.925041
4.728818,0.924841
4.729228,0.924642
4.729638,0.924443
4.730048,0.924244
4.730458,0.924044
4.730868,0.923846
4.731278,0.923647
4.731688,0.923447
4.732098,0.923250
4.732508,0.923051
4.732918,0.922852
4.733328,0.922654
4.733738,0.922455
4.734148,0.922257
4.734558,0.922059
4.734968,0.921861
4.735378,0.921663
4.735788,0.921466
4.736198,0.921267
4.736608,0.921069
4.737018,0.920871
4.737428,0.920674
4.737838,0.920477
4.738248,0.920280
4.738658,0.920082
4.739068,0.919885
4.739478,0.919688
4.739888,0.919491
4.740298,0.919294
4.740708,0.919097
4.741118,0.918900
4.741528,0.918704
4.741938,0.918508
4.742348,0.918312
4.742758,0.918115
4.743168,0.917919
4.743578,0.917723
4.743988,0.917527
4.744398,0.917331
4.744808,0.917135
4.745218,0.916940
4.745628,0.916744
4.746038,0.916547
4.746448,0.916352
4.746858,0.916158
4.747268,0.915962
4.747678,0.915767
4.748088,0.915572
4.748498,0.915377
4.748908,0.915182
4.749318,0.914988
4.749728,0.914793
4.750138,0.914598
4.750548,0.914403
4.750958,0.914209
4.751368,0.914014
4.751778,0.913820
4.752188,0.913626
4.752598,0.913432
4.753008,0.913238
4.753418,0.913045
4.753828,0.912850
4.754238,0.912657
4.754648,0.912464
4.755059,0.912270
4.755469,0.912076
4.755879,0.911882
4.756289,0.911690
4.756699,0.911497
4.757109,0.911304
4.757519,0.911111
4.757929,0.910918
4.758339,0.910726
4.758749,0.910532
4.759159,0.910339
4.759569,0.910148
4.759979,0.909955
4.760389,0.909762
4.760799,0.909571
4.761209,0.909378
4.761619,0.909187
4.762029,0.908994
4.762439,0.908802
4.762849,0.908611
4.763259,0.908419
4.763669,0.908227
4.764079,0.908036
4.764489,0.907844
4.764899,0.907654
4.765309,0.907462
4.765719,0.907270
4.766129,0.907079
4.766539,0.906889
4.766949,0.906698
4.767359,0.906507
4.767769,0.906317
4.768179,0.906126
4.768589,0.905936
4.768999,0.905745
4.769409,0.905555
4.769819,0.905365
4.770229,0.905174
4.770639,0.904985
4.771049,0.904795
4.771459,0.904604
4.771869,0.904415
4.772279,0.904226
4.772689,0.904036
4.773099,0.903846
4.773509,0.903657
4.773919,0.903467
4.774329,0.903278
4.774739,0.903089
4.775149,0.902900
4.775559,0.902711
4.775969,0.902522
4.776379,0.902333
4.776789,0.902145
4.777199,0.901956
4.777609,0.901767
4.778019,0.901579
4.778429,0.901390
4.778839,0.901203
4.779249,0.901014
4.779659,0.900826
4.780069,0.900638
4.780479,0.900450
4.780889,0.900263
4.781299,0.900075
4.781709,0.899888
4.782119,0.899700
4.782529,0.899512
4.782939,0.899325
4.783349,0.899138
4.783759,0.898950
4.784169,0.898764
4.784579,0.898577
4.784989,0.898390
4.785400,0.898203
4.785810,0.898017
4.786220,0.897829
4.786630,0.897643
4.787040,0.897456
4.787450,0.897271
4.787860,0.897084
4.788270,0.896897
4.788680,0.896711
4.789090,0.896525
4.789500,0.896339
4.789910,0.896153
4.790320,0.895968
4.790730,0.895783
4.791140,0.895597
4.791550,0.895411
4.791960,0.895225
4.792370,0.895041
4.792780,0.894855
4.793190,0.894670
4.793600,0.894485
4.794010,0.894300
4.794420,0.894116
4.794830,0.893931
4.795240,0.893746
4.795650,0.893561
4.796060,0.893377
4.796470,0.893192
4.796880,0.893007
4.797290,0.892823
4.797700,0.892639
4.798110,0.892455
4.798520,0.892270
4.798930,0.892087
4.799340,0.891903
4.799750,0.891719
4.800160,0.891536
4.800570,0.891353
4.800980,0.891169
4.801390,0.890985
4.801800,0.890802
4.802210,0.890619
4.802620,0.890436
4.803030,0.890253
4.803440,0.890069
4.803850,0.889887
4.804260,0.889704
4.804670,0.889522
4.805080,0.889339
4.805490,0.889156
4.805900,0.888974
4.806310,0.888792
4.806720,0.888610
4.807130,0.888427
4.807540,0.888244
4.807950,0.888062
4.808360,0.887881
4.808770,0.887699
4.809180,0.887517
4.809590,0.887335
4.810000,0.887154
4.810410,0.886972
4.810820,0.886790
4.811230,0.886610
4.811640,0.886428
4.812050,0.886247
4.812460,0.886067
4.812870,0.885886
4.813280,0.885705
4.813690,0.885523
4.814100,0.885343
4.814510,0.885161
4.814920,0.884982
4.815331,0.884801
4.815741,0.884620
4.816151,0.884440
4.816561,0.884260
4.816971,0.884080
4.817381,0.883900
4.817791,0.883720
4.818201,0.883540
4.818611,0.883360
4.819021,0.883180
4.819431,0.883001
4.819841,0.882821
4.820251,0.882643
4.820661,0.882463
4.821071,0.882283
4.821481,0.882104
4.821891,0.881925
4.822301,0.881746
4.822711,0.881567
4.823121,0.881388
4.823531,0.881209
4.823941,0.881031
4.824351,0.880852
4.824761,0.880674
4.825171,0.880495
4.825581,0.880317
4.825991,0.880139
4.826401,0.879960
4.826811,0.879782
4.827221,0.879604
4.827631,0.879426
4.828041,0.879248
4.828451,0.879070
4.828861,0.878893
4.829271,0.878716
4.829681,0.878537
4.830091,0.878360
4.830501,0.878183
4.830911,0.878006
4.831321,0.877829
4.831731,0.877652
4.832141,0.877475
4.832551,0.877298
4.832961,0.877121
4.833371,0.876944
4.833781,0.876768
4.834191,0.876591
4.834601,0.876414
4.835011,0.876238
4.835421,0.876061
4.835831,0.875885
4.836241,0.875709
4.836651,0.875533
4.837061,0.875357
4.837471,0.875181
4.837881,0.875006
4.838291,0.874829
4.838701,0.874654
4.839111,0.874478
4.839521,0.874303
4.839931,0.874127
4.840341,0.873951
4.840751,0.873777
4.841161,0.873602
4.841571,0.873426
4.841981,0.873251
4.842391,0.873076
4.842801,0.872901
4.843211,0.872727
4.843621,0.872553
4.844031,0.872377
4.844441,0.872203
4.844851,0.872029
4.845262,0.871854
4.845672,0.871679
4.846082,0.871506
4.846492,0.871331
4.846902,0.871157
4.847312,0.870983
4.847722,0.870810
4.848132,0.870636
4.848542,0.870462
4.848952,0.870289
4.849362,0.870115
4.849772,0.869941
4.850182,0.869768
4.850592,0.869595
4.851002,0.869422
4.851412,0.869248
4.851822,0.869075
4.852232,0.868902
4.852642,0.868730
4.853052,0.868556
4.853462,0.868384
4.853872,0.868212
4.854282,0.868039
4.854692,0.867866
4.855102,0.867694
4.855512,0.867521
4.855922,0.867349
4.856332,0.867177
4.856742,0.867005
4.857152,0.866833
4.857562,0.866660
4.857972,0.866489
4.858382,0.866318
4.858792,0.866145
4.859202,0.865974
4.859612,0.865802
4.860022,0.865631
4.860432,0.865459
4.860842,0.865288
4.861252,0.865117
4.861662,0.864946
4.862072,0.864775
4.862482,0.864604
4.862892,0.864434
4.863302,0.864263
4.863712,0.864092
4.864122,0.863921
4.864532,0.863750
4.864942,0.863580
4.865352,0.863410
4.865762,0.863239
4.866172,0.863069
4.866582,0.862899
4.866992,0.862729
4.867402,0.862559
4.867812,0.862389
4.868222,0.862219
4.868632,0.862049
4.869042,0.861880
4.869452,0.861710
4.869862,0.861540
4.870272,0.861372
4.870682,0.861202
4.871092,0.861033
4.871502,0.860864
4.871912,0.860694
4.872322,0.860525
4.872732,0.860355
4.873142,0.860188
4.873552,0.860019
4.873962,0.859850
4.874372,0.859681
4.874782,0.859513
4.875193,0.859344
4.875603,0.859175
4.876013,0.859007
4.876423,0.858839
4.876833,0.858671
4.877243,0.858502
4.877653,0.858335
4.878063,0.858166
4.878473,0.857999
4.878883,0.857831
4.879293,0.857664
4.879703,0.857496
4.880113,0.857329
4.880523,0.857160
4.880933,0.856994
4.881343,0.856826
4.881753,0.856659
4.882163,0.856492
4.882573,0.856324
4.882983,0.856158
4.883393,0.855990
4.883803,0.855824
4.884213,0.855657
4.884623,0.855491
4.885033,0.855324
4.885443,0.855158
4.885853,0.854992
4.886263,0.854825
4.886673,0.854658
4.887083,0.854491
4.887493,0.854326
4.887903,0.854160
4.888313,0.853994
4.888723,0.853828
4.889133,0.853662
4.889543,0.853497
4.889953,0.853331
4.890363,0.853166
4.890773,0.853000
4.891183,0.852834
4.891593,0.852669
4.892003,0.852504
4.892413,0.852339
4.892823,0.852173
4.893233,0.852008
4.893643,0.851843
4.894053,0.851678
4.894463,0.851513
4.894873,0.851349
4.895283,0.851184
4.895693,0.851020
4.896103,0.850855
4.896513,0.850690
4.896923,0.850527
4.897333,0.850362
4.897743,0.850197
4.898153,0.850034
4.898563,0.849870
4.898973,0.849706
4.899383,0.849541
4.899793,0.849378
4.900203,0.849214
4.900613,0.849051
4.901023,0.848887
4.901433,0.848723
4.901843,0.848560
4.902253,0.848396
4.902663,0.848233
4.903073,0.848070
4.903483,0.847907
4.903893,0.847744
4.904303,0.847581
4.904713,0.847418
4.905124,0.847255
4.905534,0.847092
4.905944,0.846930
4.906354,0.846768
4.906764,0.846604
4.907174,0.846442
4.907584,0.846279
4.907994,0.846117
4.908404,0.845955
4.908814,0.845793
4.909224,0.845630
4.909634,0.845469
4.910044,0.845307
4.910454,0.845146
4.910864,0.844984
4.911274,0.844822
4.911684,0.844660
4.912094,0.844499
4.912504,0.844337
4.912914,0.844176
4.913324,0.844014
4.913734,0.843853
4.914144,0.843692
4.914554,0.843531
4.914964,0.843370
4.915374,0.843209
4.915784,0.843048
4.916194,0.842887
4.916604,0.842726
4.917014,0.842566
4.917424,0.842406
4.917834,0.842245
4.918244,0.842084
4.918654,0.841924
4.919064,0.841764
4.919474,0.841604
4.919884,0.841444
4.920294,0.841283
4.920704,0.841124
4.921114,0.840964
4.921524,0.840804
4.921934,0.840644
4.922344,0.840484
4.922754,0.840325
4.923164,0.840166
4.923574,0.840006
4.923984,0.839847
4.924394,0.839688
4.924804,0.839528
4.925214,0.839368
4.925624,0.839210
4.926034,0.839051
4.926444,0.838892
4.926854,0.838733
4.927264,0.838575
4.927674,0.838416
4.928084,0.838256
4.928494,0.838098
4.928904,0.837939
4.929314,0.837782
4.929724,0.837623
4.930134,0.837466
4.930544,0.837307
4.930954,0.837149
4.931364,0.836991
4.931774,0.836832
4.932184,0.836675
4.932594,0.836517
4.933004,0.836359
4.933414,0.836202
4.933824,0.836045
4.934234,0.835886
4.934644,0.835729
4.935055,0.835572
4.935465,0.835414
4.935875,0.835258
4.936285,0.835100
4.936695,0.834944
4.937105,0.834786
4.937515,0.834629
4.937925,0.834472
4.938335,0.834315
4.938745,0.834159
4.939155,0.834002
4.939565,0.833845
4.939975,0.833689
4.940385,0.833532
4.940795,0.833376
4.941205,0.833220
4.941615,0.833064
4.942025,0.832907
4.942435,0.832752
4.942845,0.832595
4.943255,0.832439
4.943665,0.832284
4.944075,0.832128
4.944485,0.831972
4.944895,0.831817
4.945305,0.831661
4.945715,0.831506
4.946125,0.831350
4.946535,0.831194
4.946945,0.831039
4.947355,0.830885
4.947765,0.830729
4.948175,0.830575
4.948585,0.830418
4.948995,0.830265
4.949405,0.830109
4.949815,0.829955
4.950225,0.829800
4.950635,0.829645
4.951045,0.829490
4.951455,0.829336
4.951865,0.829182
4.952275,0.829027
4.952685,0.828873
4.953095,0.828719
4.953505,0.828565
4.953915,0.828411
4.954325,0.828256
4.954735,0.828103
4.955145,0.827949
4.955555,0.827794
4.955965,0.827642
4.956375,0.827488
4.956785,0.827334
4.957195,0.827181
4.957605,0.827028
4.958015,0.826874
4.958425,0.826721
4.958835,0.826567
4.959245,0.826415
4.959655,0.826262
4.960065,0.826108
4.960475,0.825956
4.960885,0.825803
4.961295,0.825650
4.961705,0.825498
4.962115,0.825345
4.962525,0.825193
4.962935,0.825040
4.963345,0.824887
4.963755,0.824736
4.964165,0.824583
4.964575,0.824431
4.964985,0.824278
4.965396,0.824127
4.965806,0.823974
4.966216,0.823822
4.966626,0.823671
4.967036,0.823519
4.967446,0.823368
4.967856,0.823216
4.968266,0.823064
4.968676,0.822912
4.969086,0.822761
4.969496,0.822610
4.969906,0.822459
4.970316,0.822307
4.970726,0.822156
4.971136,0.822005
4.971546,0.821854
4.971956,0.821704
4.972366,0.821552
4.972776,0.821401
4.973186,0.821251
4.973596,0.821101
4.974006,0.820949
4.974416,0.820799
4.974826,0.820649
4.975236,0.820498
4.975646,0.820348
4.976056,0.820197
4.976466,0.820048
4.976876,0.819898
4.977286,0.819747
4.977696,0.819597
4.978106,0.819448
4.978516,0.819297
4.978926,0.819148
4.979336,0.818998
4.979746,0.818849
4.980156,0.818699
4.980566,0.818550
4.980976,0.818400
4.981386,0.818251
4.981796,0.818102
4.982206,0.817952
4.982616,0.817803
4.983026,0.817654
4.983436,0.817505
4.983846,0.817356
4.984256,0.817207
4.984666,0.817058
4.985076,0.816910
4.985486,0.816761
4.985896,0.816612
4.986306,0.816464
4.986716,0.816316
4.987126,0.816168
4.987536,0.816019
4.987946,0.815871
4.988356,0.815723
4.988766,0.815575
4.989176,0.815427
4.989586,0.815279
4.989996,0.815131
4.990406,0.814983
4.990816,0.814836
4.991226,0.814688
4.991636,0.814540
4.992046,0.814392
4.992456,0.814245
4.992866,0.814098
4.993276,0.813951
4.993686,0.813803
4.994096,0.813656
4.994506,0.813508
4.994916,0.813362
4.995327,0.813214
4.995737,0.813068
4.996147,0.812920
4.996557,0.812773
4.996967,0.812627
4.997377,0.812480
4.997787,0.812334
4.998197,0.812187
4.998607,0.812041
4.999017,0.811895
4.999427,0.811749
4.999837,0.811602
5.000247,0.811456
5.000657,0.811309
5.001067,0.811163
5.001477,0.811017
5.001887,0.810872
5.002297,0.810726
5.002707,0.810580
5.003117,0.810435
5.003527,0.810289
5.003937,0.810143
5.004347,0.809997
5.004757,0.809852
5.005167,0.809706
5.005577,0.809561
5.005987,0.809416
5.006397,0.809271
5.006807,0.809126
5.007217,0.808981
5.007627,0.808836
5.008037,0.808691
5.008447,0.808546
5.008857,0.808401
5.009267,0.808256
5.009677,0.808112
5.010087,0.807967
5.010497,0.807823
5.010907,0.807678
5.011317,0.807534
5.011727,0.807390
5.012137,0.807246
5.012547,0.807101
5.012957,0.806958
5.013367,0.806813
5.013777,0.806668
5.014187,0.806525
5.014597,0.806382
5.015007,0.806238
5.015417,0.806094
5.015827,0.805950
5.016237,0.805807
5.016647,0.805663
5.017057,0.805519
5.017467,0.805377
5.017877,0.805233
5.018287,0.805090
5.018697,0.804946
5.019107,0.804803
5.019517,0.804660
5.019927,0.804517
5.020337,0.804375
5.020747,0.804232
5.021157,0.804088
5.021567,0.803946
5.021977,0.803803
5.022387,0.803661
5.022797,0.803519
5.023207,0.803376
5.023617,0.803234
5.024027,0.803090
5.024437,0.802949
5.024847,0.802806
5.025258,0.802665
5.025668,0.802522
5.026078,0.802380
5.026488,0.802239
5.026898,0.802097
5.027308,0.801954
5.027718,0.801813
5.028128,0.801671
5.028538,0.801530
5.028948,0.801388
5.029358,0.801247
5.029768,0.801105
5.030178,0.800965
5.030588,0.800823
5.030998,0.800681
5.031408,0.800540
5.031818,0.800399
5.032228,0.800258
5.032638,0.800117
5.033048,0.799976
5.033458,0.799836
5.033868,0.799695
5.034278,0.799554
5.034688,0.799414
5.035098,0.799274
5.035508,0.799133
5.035918,0.798993
5.036328,0.798851
5.036738,0.798711
5.037148,0.798571
5.037558,0.798431
5.037968,0.798290
5.038378,0.798151
5.038788,0.798011
5.039198,0.797871
5.039608,0.797731
5.040018,0.797591
5.040428,0.797451
5.040838,0.797312
5.041248,0.797172
5.041658,0.797032
5.042068,0.796894
5.042478,0.796754
5.042888,0.796614
5.043298,0.796475
5.043708,0.796336
5.044118,0.796197
5.044528,0.796058
5.044938,0.795919
5.045348,0.795779
5.045758,0.795641
5.046168,0.795502
5.046578,0.795364
5.046988,0.795224
5.047398,0.795086
5.047808,0.794947
5.048218,0.794809
5.048628,0.794670
5.049038,0.794532
5.049448,0.794394
5.049858,0.794255
5.050268,0.794117
5.050678,0.793979
5.051088,0.793841
5.051498,0.793704
5.051908,0.793565
5.052318,0.793427
5.052728,0.793290
5.053138,0.793152
5.053548,0.793014
5.053958,0.792877
5.054368,0.792739
5.054778,0.792601
5.055189,0.792464
5.055599,0.792327
5.056009,0.792189
5.056419,0.792051
5.056829,0.791915
5.057239,0.791778
5.057649,0.791641
5.058059,0.791503
5.058469,0.791367
5.058879,0.791231
5.059289,0.791093
5.059699,0.790956
5.060109,0.790820
5.060519,0.790683
5.060929,0.790546
5.061339,0.790410
5.061749,0.790274
5.062159,0.790137
5.062569,0.790001
5.062979,0.789864
5.063389,0.789728
5.063799,0.789593
5.064209,0.789456
5.064619,0.789320
5.065029,0.789185
5.065439,0.789048
5.065849,0.788912
5.066259,0.788777
5.066669,0.788641
5.067079,0.788505
5.067489,0.788370
5.067899,0.788234
5.068309,0.788099
5.068719,0.787963
5.069129,0.787828
5.069539,0.787693
5.069949,0.787558
5.070359,0.787422
5.070769,0.787288
5.071179,0.787153
5.071589,0.787018
5.071999,0.786883
5.072409,0.786748
5.072819,0.786613
5.073229,0.786479
5.073639,0.786344
5.074049,0.786209
5.074459,0.786075
5.074869,0.785940
5.075279,0.785807
5.075689,0.785672
5.076099,0.785537
5.076509,0.785404
5.076919,0.785269
5.077329,0.785135
5.077739,0.785002
5.078149,0.784867
5.078559,0.784733
5.078969,0.784600
5.079379,0.784466
5.079789,0.784332
5.080199,0.784199
5.080609,0.784065
5.081019,0.783931
5.081429,0.783798
5.081839,0.783664
5.082249,0.783531
5.082659,0.783398
5.083069,0.783264
5.083479,0.783131
5.083889,0.782999
5.084299,0.782865
5.084709,0.782732
5.085120,0.782599
5.085530,0.782467
5.085940,0.782334
5.086350,0.782201
5.086760,0.782068
5.087170,0.781936
5.087580,0.781803
5.087990,0.781670
5.088400,0.781539
5.088810,0.781406
5.089220,0.781273
5.089630,0.781142
5.090040,0.781010
5.090450,0.780877
5.090860,0.780745
5.091270,0.780613
5.091680,0.780481
5.092090,0.780349
5.092500,0.780218
5.092910,0.780086
5.093320,0.779954
5.093730,0.779822
5.094140,0.779691
5.094550,0.779559
5.094960,0.779428
5.095370,0.779297
5.095780,0.779165
5.096190,0.779034
5.096600,0.778902
5.097010,0.778771
5.097420,0.778640
5.097830,0.778509
5.098240,0.778378
5.098650,0.778247
5.099060,0.778117
5.099470,0.777985
5.099880,0.777855
5.100290,0.777724
5.100700,0.777593
5.101110,0.777463
5.101520,0.777333
5.101930,0.777202
5.102340,0.777072
5.102750,0.776941
5.103160,0.776811
5.103570,0.776681
5.103980,0.776551
5.104390,0.776420
5.104800,0.776291
5.105210,0.776161
5.105620,0.776031
5.106030,0.775901
5.106440,0.775771
5.106850,0.775642
5.107260,0.775512
5.107670,0.775383
5.108080,0.775252
5.108490,0.775123
5.108900,0.774994
5.109310,0.774864
5.109720,0.774735
5.110130,0.774606
5.110540,0.774477
5.110950,0.774347
5.111360,0.774218
5.111770,0.774090
5.112180,0.773960
5.112590,0.773832
5.113000,0.773703
5.113410,0.773574
5.113820,0.773446
5.114230,0.773316
5.114640,0.773188
5.115051,0.773059
5.115461,0.772931
5.115871,0.772802
5.116281,0.772674
5.116691,0.772546
5.117101,0.772417
5.117511,0.772289
5.117921,0.772162
5.118331,0.772033
5.118741,0.771904
5.119151,0.771776
5.119561,0.771649
5.119971,0.771522
5.120381,0.771393
5.120791,0.771266
5.121201,0.771138
5.121611,0.771010
5.122021,0.770883
5.122431,0.770756
5.122841,0.770628
5.123251,0.770501
5.123661,0.770374
5.124071,0.770246
5.124481,0.770119
5.124891,0.769991
5.125301,0.769864
5.125711,0.769738
5.126121,0.769611
5.126531,0.769484
5.126941,0.769357
5.127351,0.769230
5.127761,0.769103
5.128171,0.768977
5.128581,0.768850
5.128991,0.768723
5.129401,0.768597
5.129811,0.768471
5.130221,0.768344
5.130631,0.768217
5.131041,0.768091
5.131451,0.767965
5.131861,0.767839
5.132271,0.767713
5.132681,0.767587
5.133091,0.767461
5.133501,0.767335
5.133911,0.767210
5.134321,0.767083
5.134731,0.766957
5.135141,0.766831
5.135551,0.766706
5.135961,0.766581
5.136371,0.766455
5.136781,0.766330
5.137191,0.766204
5.137601,0.766079
5.138011,0.765954
5.138421,0.765828
5.138831,0.765703
5.139241,0.765578
5.139651,0.765453
5.140061,0.765328
5.140471,0.765203
5.140881,0.765078
5.141291,0.764953
5.141701,0.764829
5.142111,0.764703
5.142521,0.764579
5.142931,0.764454
5.143341,0.764330
5.143751,0.764205
5.144161,0.764081
5.144571,0.763957
5.144981,0.763832
5.145392,0.763707
5.145802,0.763584
5.146212,0.763459
5.146622,0.763336
5.147032,0.763211
5.147442,0.763087
5.147852,0.762964
5.148262,0.762839
5.148672,0.762715
5.149082,0.762592
5.149492,0.762469
5.149902,0.762344
5.150312,0.762221
5.150722,0.762097
5.151132,0.761974
5.151542,0.761850
5.151952,0.761727
5.152362,0.761604
5.152772,0.761480
5.153182,0.761357
5.153592,0.761233
5.154002,0.761111
5.154412,0.760989
5.154822,0.760864
5.155232,0.760741
5.155642,0.760619
5.156052,0.760496
5.156462,0.760374
5.156872,0.760251
5.157282,0.760128
5.157692,0.760005
5.158102,0.759882
5.158512,0.759760
5.158922,0.759638
5.159332,0.759516
5.159742,0.759393
5.160152,0.759271
5.160562,0.759149
5.160972,0.759027
5.161382,0.758904
5.161792,0.758782
5.162202,0.758661
5.162612,0.758539
5.163022,0.758417
5.163432,0.758295
5.163842,0.758174
5.164252,0.758051
5.164662,0.757930
5.165072,0.757808
5.165482,0.757687
5.165892,0.757565
5.166302,0.757444
5.166712,0.757323
5.167122,0.757200
5.167532,0.757080
5.167942,0.756958
5.168352,0.756837
5.168762,0.756717
5.169172,0.756595
5.169582,0.756474
5.169992,0.756354
5.170402,0.756232
5.170812,0.756112
5.171222,0.755991
5.171632,0.755870
5.172042,0.755749
5.172452,0.755629
5.172862,0.755508
5.173272,0.755388
5.173682,0.755267
5.174092,0.755147
5.174502,0.755027
5.174912,0.754906
5.175323,0.754786
5.175733,0.754666
5.176143,0.754546
5.176553,0.754425
5.176963,0.754306
5.177373,0.754185
5.177783,0.754066
5.178193,0.753946
5.178603,0.753826
5.179013,0.753706
5.179423,0.753587
5.179833,0.753468
5.180243,0.753348
5.180653,0.753228
5.181063,0.753108
5.181473,0.752990
5.181883,0.752870
5.182293,0.752750
5.182703,0.752631
5.183113,0.752512
5.183523,0.752393
5.183933,0.752274
5.184343,0.752154
5.184753,0.752036
5.185163,0.751917
5.185573,0.751798
5.185983,0.751679
5.186393,0.751561
5.186803,0.751442
5.187213,0.751323
5.187623,0.751204
5.188033,0.751086
5.188443,0.750968
5.188853,0.750849
5.189263,0.750730
5.189673,0.750612
5.190083,0.750494
5.190493,0.750376
5.190903,0.750258
5.191313,0.750140
5.191723,0.750022
5.192133,0.749904
5.192543,0.749786
5.192953,0.749667
5.193363,0.749549
5.193773,0.749432
5.194183,0.749314
5.194593,0.749197
5.195003,0.749078
5.195413,0.748961
5.195823,0.748844
5.196233,0.748726
5.196643,0.748608
5.197053,0.748492
5.197463,0.748374
5.197873,0.748257
5.198283,0.748140
5.198693,0.748022
5.199103,0.747905
5.199513,0.747789
5.199923,0.747671
5.200333,0.747554
5.200743,0.747438
5.201153,0.747321
5.201563,0.747204
5.201973,0.747087
5.202383,0.746971
5.202793,0.746854
5.203203,0.746737
5.203613,0.746620
5.204023,0.746504
5.204433,0.746388
5.204843,0.746271
5.205254,0.746155
5.205664,0.746039
5.206074,0.745923
5.206484,0.745807
5.206894,0.745691
5.207304,0.745574
5.207714,0.745458
5.208124,0.745342
5.208534,0.745226
5.208944,0.745111
5.209354,0.744995
5.209764,0.744879
5.210174,0.744764
5.210584,0.744648
5.210994,0.744532
5.211404,0.744416
5.211814,0.744301
5.212224,0.744186
5.212634,0.744071
5.213044,0.743955
5.213454,0.743840
5.213864,0.743725
5.214274,0.743610
5.214684,0.743494
5.215094,0.743379
5.215504,0.743264
5.215914,0.743150
5.216324,0.743034
5.216734,0.742919
5.217144,0.742805
5.217554,0.742690
5.217964,0.742576
5.218374,0.742460
5.218784,0.742346
5.219194,0.742231
5.219604,0.742117
5.220014,0.742003
5.220424,0.741888
5.220834,0.741774
5.221244,0.741660
5.221654,0.741546
5.222064,0.741432
5.222474,0.741317
5.222884,0.741203
5.223294,0.741089
5.223704,0.740975
5.224114,0.740861
5.224524,0.740747
5.224934,0.740633
5.225344,0.740520
5.225754,0.740406
5.226164,0.740292
5.226574,0.740179
5.226984,0.740065
5.227394,0.739952
5.227804,0.739838
5.228214,0.739724
5.228624,0.739611
5.229034,0.739498
5.229444,0.739385
5.229854,0.739272
5.230264,0.739159
5.230674,0.739046
5.231084,0.738932
5.231494,0.738820
5.231904,0.738707
5.232314,0.738593
5.232724,0.738480
5.233134,0.738368
5.233544,0.738256
5.233954,0.738142
5.234364,0.738030
5.234774,0.737917
5.235185,0.737805
5.235595,0.737692
5.236005,0.737580
5.236415,0.737468
5.236825,0.737355
5.237235,0.737243
5.237645,0.737131
5.238055,0.737019
5.238465,0.736906
5.238875,0.736794
5.239285,0.736682
5.239695,0.736570
5.240105,0.736458
5.240515,0.736346
5.240925,0.736234
5.241335,0.736123
5.241745,0.736011
5.242155,0.735899
5.242565,0.735788
5.242975,0.735676
5.243385,0.735565
5.243795,0.735453
5.244205,0.735342
5.244615,0.735230
5.245025,0.735119
5.245435,0.735008
5.245845,0.734897
5.246255,0.734785
5.246665,0.734674
5.247075,0.734563
5.247485,0.734452
5.247895,0.734341
5.248305,0.734230
5.248715,0.734120
5.249125,0.734009
5.249535,0.733898
5.249945,0.733787
5.250355,0.733676
5.250765,0.733565
5.251175,0.733455
5.251585,0.733344
5.251995,0.733235
5.252405,0.733124
5.252815,0.733013
5.253225,0.732903
5.253635,0.732793
5.254045,0.732683
5.254455,0.732572
5.254865,0.732462
5.255275,0.732352
5.255685,0.732242
5.256095,0.732131
5.256505,0.732023
5.256915,0.731912
5.257325,0.731802
5.257735,0.731693
5.258145,0.731583
5.258555,0.731473
5.258965,0.731364
5.259375,0.731254
5.259785,0.731144
5.260195,0.731034
5.260605,0.730925
5.261015,0.730816
5.261425,0.730707
5.261835,0.730598
5.262245,0.730488
5.262655,0.730379
5.263065,0.730270
5.263475,0.730161
5.263885,0.730052
5.264295,0.729943
5.264705,0.729834
5.265116,0.729724
5.265526,0.729617
5.265936,0.729508
5.266346,0.729399
5.266756,0.729289
5.267166,0.729181
5.267576,0.729072
5.267986,0.728964
5.268396,0.728855
5.268806,0.728747
5.269216,0.728639
5.269626,0.728531
5.270036,0.728421
5.270446,0.728313
5.270856,0.728205
5.271266,0.728097
5.271676,0.727989
5.272086,0.727882
5.272496,0.727774
5.272906,0.727665
5.273316,0.727557
5.273726,0.727450
5.274136,0.727342
5.274546,0.727234
5.274956,0.727126
5.275366,0.727019
5.275776,0.726910
5.276186,0.726803
5.276596,0.726696
5.277006,0.726588
5.277416,0.726480
5.277826,0.726374
5.278236,0.726266
5.278646,0.726159
5.279056,0.726052
5.279466,0.725944
5.279876,0.725837
5.280286,0.725730
5.280696,0.725623
5.281106,0.725515
5.281516,0.725409
5.281926,0.725302
5.282336,0.725195
5.282746,0.725089
5.283156,0.724982
5.283566,0.724875
5.283976,0.724768
5.284386,0.724662
5.284796,0.724555
5.285206,0.724449
5.285616,0.724342
5.286026,0.724235
5.286436,0.724129
5.286846,0.724024
5.287256,0.723917
5.287666,0.723810
5.288076,0.723705
5.288486,0.723598
5.288896,0.723492
5.289306,0.723386
5.289716,0.723280
5.290126,0.723174
5.290536,0.723068
5.290946,0.722962
5.291356,0.722857
5.291766,0.722750
5.292176,0.722645
5.292586,0.722540
5.292996,0.722433
5.293406,0.722328
5.293816,0.722222
5.294226,0.722117
5.294636,0.722012
5.295047,0.721906
5.295457,0.721801
5.295867,0.721695
5.296277,0.721590
5.296687,0.721486
5.297097,0.721381
5.297507,0.721275
5.297917,0.721170
5.298327,0.721065
5.298737,0.720960
5.299147,0.720855
5.299557,0.720750
5.299967,0.720646
5.300377,0.720541
5.300787,0.720436
5.301197,0.720331
5.301607,0.720227
5.302017,0.720122
5.302427,0.720017
5.302837,0.719912
5.303247,0.719809
5.303657,0.719704
5.304067,0.719600
5.304477,0.719496
5.304887,0.719391
5.305297,0.719288
5.305707,0.719183
5.306117,0.719079
5.306527,0.718975
5.306937,0.718871
5.307347,0.718767
5.307757,0.718663
5.308167,0.718559
5.308577,0.718455
5.308987,0.718351
5.309397,0.718247
5.309807,0.718144
5.310217,0.718040
5.310627,0.717937
5.311037,0.717833
5.311447,0.717729
5.311857,0.717626
5.312267,0.717523
5.312677,0.717420
5.313087,0.717316
5.313497,0.717213
5.313907,0.717110
5.314317,0.717006
5.314727,0.716904
5.315137,0.716800
5.315547,0.716698
5.315957,0.716595
5.316367,0.716491
5.316777,0.716388
5.317187,0.716285
5.317597,0.716183
5.318007,0.716079
5.318417,0.715977
5.318827,0.715875
5.319237,0.715772
5.319647,0.715669
5.320057,0.715566
5.320467,0.715464
5.320877,0.715362
5.321287,0.715260
5.321697,0.715157
5.322107,0.715055
5.322517,0.714952
5.322927,0.714850
5.323337,0.714748
5.323747,0.714646
5.324157,0.714544
5.324567,0.714441
5.324977,0.714340
5.325388,0.714237
5.325798,0.714136
5.326208,0.714034
5.326618,0.713933
5.327028,0.713830
5.327438,0.713729
5.327848,0.713627
5.328258,0.713526
5.328668,0.713424
5.329078,0.713322
5.329488,0.713221
5.329898,0.713120
5.330308,0.713018
5.330718,0.712917
5.331128,0.712816
5.331538,0.712714
5.331948,0.712613
5.332358,0.712512
5.332768,0.712411
5.333178,0.712310
5.333588,0.712209
5.333998,0.712108
5.334408,0.712007
5.334818,0.711906
5.335228,0.711805
5.335638,0.711704
5.336048,0.711604
5.336458,0.711502
5.336868,0.711402
5.337278,0.711301
5.337688,0.711201
5.338098,0.711100
5.338508,0.711000
5.338918,0.710899
5.339328,0.710799
5.339738,0.710699
5.340148,0.710599
5.340558,0.710498
5.340968,0.710398
5.341378,0.710297
5.341788,0.710197
5.342198,0.710098
5.342608,0.709997
5.343018,0.709897
5.343428,0.709797
5.343838,0.709697
5.344248,0.709598
5.344658,0.709498
5.345068,0.709399
5.345478,0.709298
5.345888,0.709199
5.346298,0.709099
5.346708,0.708999
5.347118,0.708900
5.347528,0.708801
5.347938,0.708701
5.348348,0.708601
5.348758,0.708502
5.349168,0.708403
5.349578,0.708304
5.349988,0.708204
5.350398,0.708105
5.350808,0.708006
5.351218,0.707906
5.351628,0.707807
5.352038,0.707708
5.352448,0.707610
5.352858,0.707510
5.353268,0.707412
5.353678,0.707312
5.354088,0.707214
5.354498,0.707115
5.354908,0.707016
5.355319,0.706918
5.355729,0.706819
5.356139,0.706721
5.356549,0.706622
5.356959,0.706523
5.357369,0.706425
5.357779,0.706327
5.358189,0.706229
5.358599,0.706130
5.359009,0.706032
5.359419,0.705934
5.359829,0.705835
5.360239,0.705738
5.360649,0.705640
5.361059,0.705541
5.361469,0.705444
5.361879,0.705346
5.362289,0.705247
5.362699,0.705150
5.363109,0.705051
5.363519,0.704955
5.363929,0.704856
5.364339,0.704758
5.364749,0.704661
5.365159,0.704563
5.365569,0.704465
5.365979,0.704368
5.366389,0.704271
5.366799,0.704173
5.367209,0.704076
5.367619,0.703979
5.368029,0.703880
5.368439,0.703784
5.368849,0.703686
5.369259,0.703589
5.369669,0.703492
5.370079,0.703395
5.370489,0.703298
5.370899,0.703201
5.371309,0.703104
5.371719,0.703007
5.372129,0.702911
5.372539,0.702814
5.372949,0.702717
5.373359,0.702620
5.373769,0.702523
5.374179,0.702427
5.374589,0.702330
5.374999,0.702234
5.375409,0.702137
5.375819,0.702040
5.376229,0.701944
5.376639,0.701848
5.377049,0.701751
5.377459,0.701655
5.377869,0.701559
5.378279,0.701462
5.378689,0.701366
5.379099,0.701270
5.379509,0.701173
5.379919,0.701078
5.380329,0.700982
5.380739,0.700886
5.381149,0.700790
5.381559,0.700694
5.381969,0.700598
5.382379,0.700503
5.382789,0.700406
5.383199,0.700311
5.383609,0.700215
5.384019,0.700120
5.384429,0.700024
5.384839,0.699929
5.385250,0.699833
5.385660,0.699738
5.386070,0.699642
5.386480,0.699546
5.386890,0.699450
5.387300,0.699356
5.387710,0.699261
5.388120,0.699165
5.388530,0.699071
5.388940,0.698975
5.389350,0.698881
5.389760,0.698786
5.390170,0.698690
5.390580,0.698596
5.390990,0.698500
5.391400,0.698405
5.391810,0.698310
5.392220,0.698216
5.392630,0.698122
5.393040,0.698026
5.393450,0.697932
5.393860,0.697838
5.394270,0.697743
5.394680,0.697648
5.395090,0.697553
5.395500,0.697459
5.395910,0.697364
5.396320,0.697271
5.396730,0.697176
5.397140,0.697081
5.397550,0.696988
5.397960,0.696894
5.398370,0.696800
5.398780,0.696705
5.399190,0.696610
5.399600,0.696517
5.400010,0.696423
5.400420,0.696329
5.400830,0.696235
5.401240,0.696141
5.401650,0.696047
5.402060,0.695953
5.402470,0.695860
5.402880,0.695766
5.403290,0.695673
5.403700,0.695579
5.404110,0.695485
5.404520,0.695392
5.404930,0.695298
5.405340,0.695204
5.405750,0.695111
5.406160,0.695018
5.406570,0.694925
5.406980,0.694832
5.407390,0.694738
5.407800,0.694646
5.408210,0.694552
5.408620,0.694459
5.409030,0.694366
5.409440,0.694273
5.409850,0.694180
5.410260,0.694087
5.410670,0.693994
5.411080,0.693901
5.411490,0.693808
5.411900,0.693716
5.412310,0.693623
5.412720,0.693530
5.413130,0.693437
5.413540,0.693345
5.413950,0.693253
5.414360,0.693160
5.414770,0.693068
5.415181,0.692975
5.415591,0.692882
5.416001,0.692790
5.416411,0.692697
5.416821,0.692605
5.417231,0.692513
5.417641,0.692421
5.418051,0.692329
5.418461,0.692236
5.418871,0.692145
5.419281,0.692052
5.419691,0.691961
5.420101,0.691869
5.420511,0.691777
5.420921,0.691684
5.421331,0.691593
5.421741,0.691501
5.422151,0.691410
5.422561,0.691318
5.422971,0.691226
5.423381,0.691134
5.423791,0.691043
5.424201,0.690951
5.424611,0.690860
5.425021,0.690768
5.425431,0.690677
5.425841,0.690585
5.426251,0.690494
5.426661,0.690403
5.427071,0.690312
5.427481,0.690220
5.427891,0.690129
5.428301,0.690039
5.428711,0.689947
5.429121,0.689855
5.429531,0.689765
5.429941,0.689674
5.430351,0.689583
5.430761,0.689492
5.431171,0.689401
5.431581,0.689310
5.431991,0.689219
5.432401,0.689129
5.432811,0.689038
5.433221,0.688947
5.433631,0.688857
5.434041,0.688766
5.434451,0.688675
5.434861,0.688586
5.435271,0.688495
5.435681,0.688404
5.436091,0.688314
5.436501,0.688223
5.436911,0.688133
5.437321,0.688042
5.437731,0.687952
5.438141,0.687862
5.438551,0.687772
5.438961,0.687682
5.439371,0.687592
5.439781,0.687502
5.440191,0.687413
5.440601,0.687322
5.441011,0.687232
5.441421,0.687142
5.441831,0.687053
5.442241,0.686962
5.442651,0.686873
5.443061,0.686784
5.443471,0.686694
5.443881,0.686604
5.444291,0.686515
5.444701,0.686425
5.445112,0.686335
5.445522,0.686246
5.445932,0.686156
5.446342,0.686067
5.446752,0.685977
5.447162,0.685889
5.447572,0.685799
5.447982,0.685710
5.448392,0.685621
5.448802,0.685532
5.449212,0.685442
5.449622,0.685354
5.450032,0.685264
5.450442,0.685175
5.450852,0.685087
5.451262,0.684998
5.451672,0.684909
5.452082,0.684820
5.452492,0.684731
5.452902,0.684642
5.453312,0.684553
5.453722,0.684465
5.454132,0.684376
5.454542,0.684288
5.454952,0.684199
5.455362,0.684110
5.455772,0.684022
5.456182,0.683934
5.456592,0.683845
5.457002,0.683756
5.457412,0.683668
5.457822,0.683581
5.458232,0.683492
5.458642,0.683403
5.459052,0.683316
5.459462,0.683227
5.459872,0.683140
5.460282,0.683052
5.460692,0.682963
5.461102,0.682875
5.461512,0.682788
5.461922,0.682700
5.462332,0.682612
5.462742,0.682524
5.463152,0.682437
5.463562,0.682349
5.463972,0.682261
5.464382,0.682173
5.464792,0.682086
5.465202,0.681998
5.465612,0.681910
5.466022,0.681824
5.466432,0.681735
5.466842,0.681649
5.467252,0.681561
5.467662,0.681474
5.468072,0.681386
5.468482,0.681299
5.468892,0.681212
5.469302,0.681124
5.469712,0.681037
5.470122,0.680949
5.470532,0.680863
5.470942,0.680776
5.471352,0.680689
5.471762,0.680602
5.472172,0.680515
5.472582,0.680428
5.472992,0.680342
5.473402,0.680255
5.473812,0.680168
5.474222,0.680081
5.474632,0.679995
5.475043,0.679907
5.475453,0.679822
5.475863,0.679734
5.476273,0.679648
5.476683,0.679562
5.477093,0.679475
5.477503,0.679388
5.477913,0.679302
5.478323,0.679216
5.478733,0.679130
5.479143,0.679043
5.479553,0.678957
5.479963,0.678870
5.480373,0.678785
5.480783,0.678699
5.481193,0.678613
5.481603,0.678526
5.482013,0.678441
5.482423,0.678354
5.482833,0.678268
5.483243,0.678182
5.483653,0.678097
5.484063,0.678011
5.484473,0.677925
5.484883,0.677840
5.485293,0.677754
5.485703,0.677668
5.486113,0.677582
5.486523,0.677497
5.486933,0.677411
5.487343,0.677326
5.487753,0.677240
5.488163,0.677155
5.488573,0.677070
5.488983,0.676985
5.489393,0.676899
5.489803,0.676814
5.490213,0.676729
5.490623,0.676643
5.491033,0.676558
5.491443,0.676473
5.491853,0.676387
5.492263,0.676303
5.492673,0.676218
5.493083,0.676133
5.493493,0.676048
5.493903,0.675963
5.494313,0.675878
5.494723,0.675793
5.495133,0.675708
5.495543,0.675623
5.495953,0.675539
5.496363,0.675455
5.496773,0.675369
5.497183,0.675284
5.497593,0.675201
5.498003,0.675115
5.498413,0.675031
5.498823,0.674947
5.499233,0.674862
5.499643,0.674778
5.500053,0.674694
5.500463,0.674609
5.500873,0.674525
5.501283,0.674441
5.501693,0.674357
5.502103,0.674272
5.502513,0.674188
5.502923,0.674104
5.503333,0.674020
5.503743,0.673936
5.504153,0.673852
5.504563,0.673769
5.504973,0.673685
5.505384,0.673600
5.505794,0.673516
5.506204,0.673432
5.506614,0.673349
5.507024,0.673265
5.507434,0.673182
5.507844,0.673098
5.508254,0.673014
5.508664,0.672931
5.509074,0.672847
5.509484,0.672764
5.509894,0.672680
5.510304,0.672596
5.510714,0.672513
5.511124,0.672430
5.511534,0.672347
5.511944,0.672263
5.512354,0.672180
5.512764,0.672097
5.513174,0.672013
5.513584,0.671931
5.513994,0.671848
5.514404,0.671765
5.514814,0.671681
5.515224,0.671599
5.515634,0.671515
5.516044,0.671433
5.516454,0.671350
5.516864,0.671267
5.517274,0.671185
5.517684,0.671102
5.518094,0.671019
5.518504,0.670936
5.518914,0.670853
5.519324,0.670771
5.519734,0.670688
5.520144,0.670606
5.520554,0.670523
5.520964,0.670441
5.521374,0.670358
5.521784,0.670276
5.522194,0.670194
5.522604,0.670112
5.523014,0.670029
5.523424,0.669947
5.523834,0.669864
5.524244,0.669783
5.524654,0.669700
5.525064,0.669618
5.525474,0.669536
5.525884,0.669454
5.526294,0.669371
5.526704,0.669290
5.527114,0.669208
5.527524,0.669126
5.527934,0.669044
5.528344,0.668963
5.528754,0.668880
5.529164,0.668799
5.529574,0.668718
5.529984,0.668636
5.530394,0.668554
5.530804,0.668472
5.531214,0.668391
5.531624,0.668309
5.532034,0.668228
5.532444,0.668146
5.532854,0.668065
5.533264,0.667984
5.533674,0.667903
5.534084,0.667821
5.534494,0.667739
5.534904,0.667658
5.535315,0.667577
5.535725,0.667496
5.536135,0.667415
5.536545,0.667334
5.536955,0.667252
5.537365,0.667172
5.537775,0.667090
5.538185,0.667010
5.538595,0.666929
5.539005,0.666848
5.539415,0.666767
5.539825,0.666686
5.540235,0.666605
5.540645,0.666524
5.541055,0.666444
5.541465,0.666363
5.541875,0.666283
5.542285,0.666202
5.542695,0.666121
5.543105,0.666041
5.543515,0.665960
5.543925,0.665880
5.544335,0.665799
5.544745,0.665719
5.545155,0.665639
5.545565,0.665559
5.545975,0.665478
5.546385,0.665398
5.546795,0.665317
5.547205,0.665238
5.547615,0.665157
5.548025,0.665077
5.548435,0.664997
5.548845,0.664917
5.549255,0.664837
5.549665,0.664757
5.550075,0.664677
5.550485,0.664597
5.550895,0.664517
5.551305,0.664438
5.551715,0.664358
5.552125,0.664278
5.552535,0.664199
5.552945,0.664119
5.553355,0.664039
5.553765,0.663960
5.554175,0.663879
5.554585,0.663800
5.554995,0.663721
5.555405,0.663642
5.555815,0.663562
5.556225,0.663483
5.556635,0.663403
5.557045,0.663323
5.557455,0.663244
5.557865,0.663165
5.558275,0.663086
5.558685,0.663006
5.559095,0.662928
5.559505,0.662849
5.559915,0.662770
5.560325,0.662690
5.560735,0.662611
5.561145,0.662532
5.561555,0.662454
5.561965,0.662374
5.562375,0.662295
5.562785,0.662216
5.563195,0.662137
5.563605,0.662059
5.564015,0.661981
5.564425,0.661902
5.564835,0.661823
5.565246,0.661744
5.565656,0.661666
5.566066,0.661587
5.566476,0.661509
5.566886,0.661430
5.567296,0.661352
5.567706,0.661273
5.568116,0.661195
5.568526,0.661116
5.568936,0.661039
5.569346,0.660959
5.569756,0.660882
5.570166,0.660804
5.570576,0.660726
5.570986,0.660646
5.571396,0.660569
5.571806,0.660490
5.572216,0.660413
5.572626,0.660334
5.573036,0.660257
5.573446,0.660179
5.573856,0.660101
5.574266,0.660023
5.574676,0.659945
5.575086,0.659867
5.575496,0.659789
5.575906,0.659712
5.576316,0.659634
5.576726,0.659557
5.577136,0.659479
5.577546,0.659401
5.577956,0.659324
5.578366,0.659246
5.578776,0.659168
5.579186,0.659091
5.579596,0.659014
5.580006,0.658936
5.580416,0.658859
5.580826,0.658781
5.581236,0.658704
5.581646,0.658627
5.582056,0.658550
5.582466,0.658472
5.582876,0.658395
5.583286,0.658318
5.583696,0.658241
5.584106,0.658164
5.584516,0.658087
5.584926,0.658010
5.585336,0.657933
5.585746,0.657855
5.586156,0.657779
5.586566,0.657701
5.586976,0.657625
5.587386,0.657549
5.587796,0.657472
5.588206,0.657395
5.588616,0.657318
5.589026,0.657242
5.589436,0.657165
5.589846,0.657089
5.590256,0.657012
5.590666,0.656936
5.591076,0.656858
5.591486,0.656782
5.591896,0.656707
5.592306,0.656629
5.592716,0.656553
5.593126,0.656477
5.593536,0.656400
5.593946,0.656325
5.594356,0.656249
5.594766,0.656171
5.595177,0.656096
5.595587,0.656020
5.595997,0.655943
5.596407,0.655867
5.596817,0.655792
5.597227,0.655716
5.597637,0.655639
5.598047,0.655563
5.598457,0.655488
5.598867,0.655412
5.599277,0.655336
5.599687,0.655261
5.600097,0.655185
5.600507,0.655109
5.600917,0.655033
5.601327,0.654958
5.601737,0.654882
5.602147,0.654806
5.602557,0.654731
5.602967,0.654655
5.603377,0.654579
5.603787,0.654504
5.604197,0.654428
5.604607,0.654353
5.605017,0.654278
5.605427,0.654203
5.605837,0.654128
5.606247,0.654052
5.606657,0.653977
5.607067,0.653902
5.607477,0.653827
5.607887,0.653751
5.608297,0.653677
5.608707,0.653601
5.609117,0.653526
5.609527,0.653452
5.609937,0.653377
5.610347,0.653301
5.610757,0.653227
5.611167,0.653152
5.611577,0.653077
5.611987,0.653001
5.612397,0.652927
5.612807,0.652852
5.613217,0.652778
5.613627,0.652703
5.614037,0.652629
5.614447,0.652554
5.614857,0.652479
5.615267,0.652404
5.615677,0.652330
5.616087,0.652256
5.616497,0.652181
5.616907,0.652107
5.617317,0.652033
5.617727,0.651958
5.618137,0.651884
5.618547,0.651810
5.618957,0.651735
5.619367,0.651661
5.619777,0.651587
5.620187,0.651513
5.620597,0.651439
5.621007,0.651365
5.621417,0.651290
5.621827,0.651217
5.622237,0.651142
5.622647,0.651068
5.623057,0.650994
5.623467,0.650920
5.623877,0.650847
5.624287,0.650772
5.624697,0.650699
5.625108,0.650626
5.625518,0.650552
5.625928,0.650478
5.626338,0.650404
5.626748,0.650331
5.627158,0.650257
5.627568,0.650183
5.627978,0.650110
5.628388,0.650037
5.628798,0.649963
5.629208,0.649889
5.629618,0.649816
5.630028,0.649743
5.630438,0.649669
5.630848,0.649596
5.631258,0.649523
5.631668,0.649449
5.632078,0.649377
5.632488,0.649303
5.632898,0.649230
5.633308,0.649157
5.633718,0.649084
5.634128,0.649011
5.634538,0.648938
5.634948,0.648864
5.635358,0.648792
5.635768,0.648719
5.636178,0.648646
5.636588,0.648573
5.636998,0.648501
5.637408,0.648427
5.637818,0.648355
5.638228,0.648282
5.638638,0.648209
5.639048,0.648137
5.639458,0.648064
5.639868,0.647991
5.640278,0.647919
5.640688,0.647846
5.641098,0.647774
5.641508,0.647701
5.641918,0.647628
5.642328,0.647556
5.642738,0.647484
5.643148,0.647412
5.643558,0.647340
5.643968,0.647267
5.644378,0.647195
5.644788,0.647123
5.645198,0.647051
5.645608,0.646978
5.646018,0.646906
5.646428,0.646834
5.646838,0.646762
5.647248,0.646690
5.647658,0.646618
5.648068,0.646546
5.648478,0.646474
5.648888,0.646402
5.649298,0.646330
5.649708,0.646258
5.650118,0.646187
5.650528,0.646115
5.650938,0.646043
5.651348,0.645971
5.651758,0.645900
5.652168,0.645828
5.652578,0.645757
5.652988,0.645685
5.653398,0.645613
5.653808,0.645541
5.654218,0.645470
5.654628,0.645398
5.655039,0.645327
5.655449,0.645256
5.655859,0.645184
5.656269,0.645113
5.656679,0.645042
5.657089,0.644971
5.657499,0.644899
5.657909,0.644828
5.658319,0.644757
5.658729,0.644686
5.659139,0.644614
5.659549,0.644544
5.659959,0.644473
5.660369,0.644401
5.660779,0.644330
5.661189,0.644260
5.661599,0.644188
5.662009,0.644117
5.662419,0.644046
5.662829,0.643976
5.663239,0.643905
5.663649,0.643834
5.664059,0.643763
5.664469,0.643693
5.664879,0.643622
5.665289,0.643551
5.665699,0.643480
5.666109,0.643410
5.666519,0.643339
5.666929,0.643269
5.667339,0.643199
5.667749,0.643128
5.668159,0.643057
5.668569,0.642987
5.668979,0.642917
5.669389,0.642846
5.669799,0.642776
5.670209,0.642706
5.670619,0.642636
5.671029,0.642565
5.671439,0.642495
5.671849,0.642424
5.672259,0.642355
5.672669,0.642284
5.673079,0.642214
5.673489,0.642144
5.673899,0.642075
5.674309,0.642005
5.674719,0.641934
5.675129,0.641864
5.675539,0.641795
5.675949,0.641724
5.676359,0.641655
5.676769,0.641586
5.677179,0.641515
5.677589,0.641445
5.677999,0.641376
5.678409,0.641306
5.678819,0.641237
5.679229,0.641167
5.679639,0.641097
5.680049,0.641028
5.680459,0.640958
5.680869,0.640889
5.681279,0.640819
5.681689,0.640750
5.682099,0.640680
5.682509,0.640611
5.682919,0.640541
5.683329,0.640472
5.683739,0.640403
5.684149,0.640334
5.684559,0.640265
5.684969,0.640195
5.685380,0.640126
5.685790,0.640057
5.686200,0.639988
5.686610,0.639918
5.687020,0.639850
5.687430,0.639780
5.687840,0.639711
5.688250,0.639643
5.688660,0.639574
5.689070,0.639505
5.689480,0.639436
5.689890,0.639367
5.690300,0.639298
5.690710,0.639230
5.691120,0.639161
5.691530,0.639093
5.691940,0.639023
5.692350,0.638954
5.692760,0.638886
5.693170,0.638817
5.693580,0.638749
5.693990,0.638681
5.694400,0.638612
5.694810,0.638543
5.695220,0.638476
5.695630,0.638406
5.696040,0.638338
5.696450,0.638270
5.696860,0.638201
5.697270,0.638134
5.697680,0.638065
5.698090,0.637997
5.698500,0.637928
5.698910,0.637860
5.699320,0.637793
5.699730,0.637724
5.700140,0.637656
5.700550,0.637588
5.700960,0.637520
5.701370,0.637452
5.701780,0.637384
5.702190,0.637317
5.702600,0.637248
5.703010,0.637180
5.703420,0.637112
5.703830,0.637045
5.704240,0.636977
5.704650,0.636909
5.705060,0.636841
5.705470,0.636774
5.705880,0.636706
5.706290,0.636638
5.706700,0.636571
5.707110,0.636503
5.707520,0.636436
5.707930,0.636367
5.708340,0.636300
5.708750,0.636233
5.709160,0.636165
5.709570,0.636098
5.709980,0.636030
5.710390,0.635963
5.710800,0.635896
5.711210,0.635829
5.711620,0.635762
5.712030,0.635694
5.712440,0.635627
5.712850,0.635560
5.713260,0.635493
5.713670,0.635425
5.714080,0.635359
5.714490,0.635292
5.714900,0.635225
5.715311,0.635157
5.715721,0.635091
5.716131,0.635023
5.716541,0.634957
5.716951,0.634890
5.717361,0.634823
5.717771,0.634756
5.718181,0.634689
5.718591,0.634622
5.719001,0.634556
5.719411,0.634489
5.719821,0.634422
5.720231,0.634355
5.720641,0.634289
5.721051,0.634223
5.721461,0.634155
5.721871,0.634089
5.722281,0.634023
5.722691,0.633957
5.723101,0.633890
5.723511,0.633823
5.723921,0.633757
5.724331,0.633691
5.724741,0.633625
5.725151,0.633558
5.725561,0.633492
5.725971,0.633425
5.726381,0.633360
5.726791,0.633293
5.727201,0.633227
5.727611,0.633161
5.728021,0.633094
5.728431,0.633029
5.728841,0.632962
5.729251,0.632896
5.729661,0.632830
5.730071,0.632764
5.730481,0.632699
5.730891,0.632632
5.731301,0.632566
5.731711,0.632501
5.732121,0.632435
5.732531,0.632369
5.732941,0.632303
5.733351,0.632239
5.733761,0.632172
5.734171,0.632107
5.734581,0.632041
5.734991,0.631975
5.735401,0.631909
5.735811,0.631844
5.736221,0.631778
5.736631,0.631713
5.737041,0.631648
5.737451,0.631582
5.737861,0.631516
5.738271,0.631451
5.738681,0.631386
5.739091,0.631321
5.739501,0.631255
5.739911,0.631190
5.740321,0.631125
5.740731,0.631060
5.741141,0.630994
5.741551,0.630929
5.741961,0.630864
5.742371,0.630799
5.742781,0.630734
5.743191,0.630669
5.743601,0.630603
5.744011,0.630539
5.744421,0.630474
5.744831,0.630408
5.745242,0.630344
5.745652,0.630279
5.746062,0.630214
5.746472,0.630150
5.746882,0.630084
5.747292,0.630020
5.747702,0.629955
5.748112,0.629890
5.748522,0.629826
5.748932,0.629761
5.749342,0.629697
5.749752,0.629632
5.750162,0.629567
5.750572,0.629503
5.750982,0.629438
5.751392,0.629373
5.751802,0.629309
5.752212,0.629244
5.752622,0.629180
5.753032,0.629116
5.753442,0.629052
5.753852,0.628987
5.754262,0.628923
5.754672,0.628859
5.755082,0.628794
5.755492,0.628730
5.755902,0.628666
5.756312,0.628602
5.756722,0.628538
5.757132,0.628474
5.757542,0.628410
5.757952,0.628345
5.758362,0.628282
5.758772,0.628217
5.759182,0.628154
5.759592,0.628089
5.760002,0.628026
5.760412,0.627962
5.760822,0.627898
5.761232,0.627834
5.761642,0.627770
5.762052,0.627707
5.762462,0.627643
5.762872,0.627580
5.763282,0.627516
5.763692,0.627453
5.764102,0.627388
5.764512,0.627325
5.764922,0.627261
5.765332,0.627198
5.765742,0.627134
5.766152,0.627070
5.766562,0.627007
5.766972,0.626945
5.767382,0.626880
5.767792,0.626817
5.768202,0.626754
5.768612,0.626691
5.769022,0.626627
5.769432,0.626564
5.769842,0.626501
5.770252,0.626437
5.770662,0.626374
5.771072,0.626311
5.771482,0.626248
5.771892,0.626185
5.772302,0.626122
5.772712,0.626058
5.773122,0.625995
5.773532,0.625933
5.773942,0.625870
5.774352,0.625807
5.774762,0.625744
5.775173,0.625681
5.775583,0.625618
5.775993,0.625556
5.776403,0.625492
5.776813,0.625430
5.777223,0.625367
5.777633,0.625304
5.778043,0.625242
5.778453,0.625179
5.778863,0.625116
5.779273,0.625054
5.779683,0.624991
5.780093,0.624928
5.780503,0.624867
5.780913,0.624804
5.781323,0.624741
5.781733,0.624679
5.782143,0.624616
5.782553,0.624553
5.782963,0.624491
5.783373,0.624429
5.783783,0.624367
5.784193,0.624305
5.784603,0.624242
5.785013,0.624180
5.785423,0.624118
5.785833,0.624056
5.786243,0.623994
5.786653,0.623931
5.787063,0.623869
5.787473,0.623807
5.787883,0.623745
5.788293,0.623683
5.788703,0.623621
5.789113,0.623559
5.789523,0.623497
5.789933,0.623435
5.790343,0.623374
5.790753,0.623312
5.791163,0.623249
5.791573,0.623188
5.791983,0.623126
5.792393,0.623064
5.792803,0.623003
5.793213,0.622941
5.793623,0.622880
5.794033,0.622818
5.794443,0.622756
5.794853,0.622694
5.795263,0.622633
5.795673,0.622571
5.796083,0.622510
5.796493,0.622448
5.796903,0.622387
5.797313,0.622326
5.797723,0.622263
5.798133,0.622203
5.798543,0.622141
5.798953,0.622079
5.799363,0.622019
5.799773,0.621958
5.800183,0.621896
5.800593,0.621835
5.801003,0.621774
5.801413,0.621713
5.801823,0.621651
5.802233,0.621591
5.802643,0.621529
5.803053,0.621468
5.803463,0.621407
5.803873,0.621347
5.804283,0.621285
5.804693,0.621225
5.805104,0.621164
5.805514,0.621103
5.805924,0.621042
5.806334,0.620981
5.806744,0.620920
5.807154,0.620859
5.807564,0.620798
5.807974,0.620738
5.808384,0.620677
5.808794,0.620616
5.809204,0.620556
5.809614,0.620495
5.810024,0.620434
5.810434,0.620374
5.810844,0.620313
5.811254,0.620252
5.811664,0.620192
5.812074,0.620132
5.812484,0.620071
5.812894,0.620010
5.813304,0.619951
5.813714,0.619890
5.814124,0.619830
5.814534,0.619769
5.814944,0.619709
5.815354,0.619650
5.815764,0.619588
5.816174,0.619528
5.816584,0.619468
5.816994,0.619408
5.817404,0.619348
5.817814,0.619288
5.818224,0.619227
5.818634,0.619168
5.819044,0.619108
5.819454,0.619048
5.819864,0.618988
5.820274,0.618927
5.820684,0.618867
5.821094,0.618808
5.821504,0.618748
5.821914,0.618688
5.822324,0.618628
5.822734,0.618569
5.823144,0.618509
5.823554,0.618449
5.823964,0.618389
5.824374,0.618330
5.824784,0.618270
5.825194,0.618210
5.825604,0.618151
5.826014,0.618091
5.826424,0.618032
5.826834,0.617972
5.827244,0.617913
5.827654,0.617853
5.828064,0.617793
5.828474,0.617734
5.828884,0.617675
5.829294,0.617615
5.829704,0.617556
5.830114,0.617497
5.830524,0.617437
5.830934,0.617378
5.831344,0.617318
5.831754,0.617259
5.832164,0.617201
5.832574,0.617141
5.832984,0.617082
5.833394,0.617022
5.833804,0.616963
5.834214,0.616905
5.834624,0.616845
5.835035,0.616786
5.835445,0.616727
5.835855,0.616669
5.836265,0.616610
5.836675,0.616550
5.837085,0.616492
5.837495,0.616432
5.837905,0.616374
5.838315,0.616315
5.838725,0.616256
5.839135,0.616198
5.839545,0.616139
5.839955,0.616080
5.840365,0.616022
5.840775,0.615963
5.841185,0.615904
5.841595,0.615846
5.842005,0.615787
5.842415,0.615728
5.842825,0.615670
5.843235,0.615611
5.843645,0.615553
5.844055,0.615494
5.844465,0.615436
5.844875,0.615377
5.845285,0.615319
5.845695,0.615261
5.846105,0.615202
5.846515,0.615144
5.846925,0.615086
5.847335,0.615027
5.847745,0.614969
5.848155,0.614911
5.848565,0.614853
5.848975,0.614795
5.849385,0.614736
5.849795,0.614678
5.850205,0.614620
5.850615,0.614562
5.851025,0.614503
5.851435,0.614446
5.851845,0.614388
5.852255,0.614331
5.852665,0.614272
5.853075,0.614215
5.853485,0.614156
5.853895,0.614098
5.854305,0.614041
5.854715,0.613983
5.855125,0.613925
5.855535,0.613867
5.855945,0.613810
5.856355,0.613752
5.856765,0.613694
5.857175,0.613636
5.857585,0.613579
5.857995,0.613521
5.858405,0.613464
5.858815,0.613406
5.859225,0.613349
5.859635,0.613291
5.860045,0.613233
5.860455,0.613176
5.860865,0.613119
5.861275,0.613061
5.861685,0.613004
5.862095,0.612946
5.862505,0.612889
5.862915,0.612832
5.863325,0.612775
5.863735,0.612717
5.864145,0.612660
5.864555,0.612602
5.864965,0.612545
5.865376,0.612488
5.865786,0.612430
5.866196,0.612373
5.866606,0.612317
5.867016,0.612260
5.867426,0.612203
5.867836,0.612146
5.868246,0.612089
5.868656,0.612032
5.869066,0.611975
5.869476,0.611918
5.869886,0.611861
5.870296,0.611804
5.870706,0.611748
5.871116,0.611691
5.871526,0.611634
5.871936,0.611577
5.872346,0.611520
5.872756,0.611464
5.873166,0.611407
5.873576,0.611350
5.873986,0.611294
5.874396,0.611237
5.874806,0.611180
5.875216,0.611124
5.875626,0.611067
5.876036,0.611011
5.876446,0.610954
5.876856,0.610898
5.877266,0.610841
5.877676,0.610785
5.878086,0.610728
5.878496,0.610672
5.878906,0.610615
5.879316,0.610559
5.879726,0.610502
5.880136,0.610446
5.880546,0.610390
5.880956,0.610334
5.881366,0.610278
5.881776,0.610221
5.882186,0.610166
5.882596,0.610110
5.883006,0.610054
5.883416,0.609997
5.883826,0.609941
5.884236,0.609885
5.884646,0.609829
5.885056,0.609772
5.885466,0.609717
5.885876,0.609661
5.886286,0.609605
5.886696,0.609549
5.887106,0.609493
5.887516,0.609437
5.887926,0.609382
5.888336,0.609325
5.888746,0.609270
5.889156,0.609214
5.889566,0.609158
5.889976,0.609103
5.890386,0.609047
5.890796,0.608992
5.891206,0.608936
5.891616,0.608880
5.892026,0.608825
5.892436,0.608769
5.892846,0.608713
5.893256,0.608658
5.893666,0.608603
5.894076,0.608547
5.894486,0.608492
5.894896,0.608436
5.895307,0.608381
5.895717,0.608326
5.896127,0.608270
5.896537,0.608215
5.896947,0.608159
5.897357,0.608104
5.897767,0.608049
5.898177,0.607994
5.898587,0.607939
5.898997,0.607883
5.899407,0.607828
5.899817,0.607773
5.900227,0.607718
5.900637,0.607663
5.901047,0.607608
5.901457,0.607553
5.901867,0.607498
5.902277,0.607442
5.902687,0.607387
5.903097,0.607332
5.903507,0.607278
5.903917,0.607223
5.904327,0.607168
5.904737,0.607113
5.905147,0.607058
5.905557,0.607004
5.905967,0.606949
5.906377,0.606894
5.906787,0.606839
5.907197,0.606785
5.907607,0.606730
5.908017,0.606675
5.908427,0.606621
5.908837,0.606567
5.909247,0.606512
5.909657,0.606457
5.910067,0.606402
5.910477,0.606348
5.910887,0.606292
5.911297,0.606239
5.911707,0.606185
5.912117,0.606130
5.912527,0.606076
5.912937,0.606021
5.913347,0.605967
5.913757,0.605912
5.914167,0.605858
5.914577,0.605804
5.914987,0.605749
5.915397,0.605695
5.915807,0.605641
5.916217,0.605587
5.916627,0.605533
5.917037,0.605478
5.917447,0.605425
5.917857,0.605371
5.918267,0.605316
5.918677,0.605262
5.919087,0.605209
5.919497,0.605154
5.919907,0.605100
5.920317,0.605046
5.920727,0.604992
5.921137,0.604938
5.921547,0.604884
5.921957,0.604830
5.922367,0.604777
5.922777,0.604723
5.923187,0.604669
5.923597,0.604615
5.924007,0.604562
5.924417,0.604508
5.924827,0.604454
5.925238,0.604400
5.925648,0.604347
5.926058,0.604294
5.926468,0.604239
5.926878,0.604186
5.927288,0.604133
5.927698,0.604079
5.928108,0.604025
5.928518,0.603971
5.928928,0.603918
5.929338,0.603865
5.929748,0.603812
5.930158,0.603758
5.930568,0.603705
5.930978,0.603651
5.931388,0.603598
5.931798,0.603545
5.932208,0.603491
5.932618,0.603438
5.933028,0.603385
5.933438,0.603332
5.933848,0.603278
5.934258,0.603226
5.934668,0.603172
5.935078,0.603119
5.935488,0.603066
5.935898,0.603013
5.936308,0.602960
5.936718,0.602906
5.937128,0.602854
5.937538,0.602801
5.937948,0.602747
5.938358,0.602695
5.938768,0.602642
5.939178,0.602589
5.939588,0.602536
5.939998,0.602483
5.940408,0.602431
5.940818,0.602377
5.941228,0.602325
5.941638,0.602272
5.942048,0.602219
5.942458,0.602167
5.942868,0.602114
5.943278,0.602062
5.943688,0.602008
5.944098,0.601956
5.944508,0.601904
5.944918,0.601850
5.945328,0.601798
5.945738,0.601745
5.946148,0.601693
5.946558,0.601641
5.946968,0.601588
5.947378,0.601536
5.947788,0.601483
5.948198,0.601431
5.948608,0.601378
5.949018,0.601327
5.949428,0.601274
5.949838,0.601222
5.950248,0.601169
5.950658,0.601117
5.951068,0.601064
5.951478,0.601012
5.951888,0.600960
5.952298,0.600908
5.952708,0.600856
5.953118,0.600804
5.953528,0.600751
5.953938,0.600699
5.954348,0.600648
5.954758,0.600595
5.955169,0.600544
5.955579,0.600492
5.955989,0.600439
5.956399,0.600387
5.956809,0.600335
5.957219,0.600283
5.957629,0.600232
5.958039,0.600179
5.958449,0.600128
5.958859,0.600076
5.959269,0.600024
5.959679,0.599973
5.960089,0.599921
5.960499,0.599869
5.960909,0.599817
5.961319,0.599766
5.961729,0.599714
5.962139,0.599662
5.962549,0.599611
5.962959,0.599559
5.963369,0.599508
5.963779,0.599456
5.964189,0.599405
5.964599,0.599352
5.965009,0.599301
5.965419,0.599250
5.965829,0.599198
5.966239,0.599147
5.966649,0.599096
5.967059,0.599044
5.967469,0.598993
5.967879,0.598942
5.968289,0.598890
5.968699,0.598839
5.969109,0.598788
5.969519,0.598736
5.969929,0.598685
5.970339,0.598634
5.970749,0.598583
5.971159,0.598532
5.971569,0.598481
5.971979,0.598429
5.972389,0.598378
5.972799,0.598328
5.973209,0.598276
5.973619,0.598225
5.974029,0.598174
5.974439,0.598123
5.974849,0.598072
5.975259,0.598022
5.975669,0.597971
5.976079,0.597919
5.976489,0.597869
5.976899,0.597818
5.977309,0.597767
5.977719,0.597716
5.978129,0.597665
5.978539,0.597614
5.978949,0.597563
5.979359,0.597513
5.979769,0.597463
5.980179,0.597412
5.980589,0.597361
5.980999,0.597311
5.981409,0.597260
5.981819,0.597209
5.982229,0.597159
5.982639,0.597108
5.983049,0.597058
5.983459,0.597007
5.983869,0.596956
5.984279,0.596906
5.984689,0.596856
5.985100,0.596805
5.985510,0.596756
5.985920,0.596704
5.986330,0.596654
5.986740,0.596603
5.987150,0.596554
5.987560,0.596503
5.987970,0.596453
5.988380,0.596403
5.988790,0.596352
5.989200,0.596302
5.989610,0.596253
5.990020,0.596202
5.990430,0.596152
5.990840,0.596102
5.991250,0.596052
5.991660,0.596001
5.992070,0.595952
5.992480,0.595901
5.992890,0.595852
5.993300,0.595802
5.993710,0.595752
5.994120,0.595702
5.994530,0.595652
5.994940,0.595602
5.995350,0.595552
5.995760,0.595502
5.996170,0.595452
5.996580,0.595402
5.996990,0.595353
5.997400,0.595303
5.997810,0.595253
5.998220,0.595203
5.998630,0.595154
5.999040,0.595104
5.999450,0.595055
5.999860,0.595005
6.000270,0.594955
6.000680,0.594906
6.001090,0.594856
6.001500,0.594806
6.001910,0.594756
6.002320,0.594707
6.002730,0.594658
6.003140,0.594608
6.003550,0.594559
6.003960,0.594509
6.004370,0.594460
6.004780,0.594411
6.005190,0.594361
6.005600,0.594312
6.006010,0.594263
6.006420,0.594213
6.006830,0.594164
6.007240,0.594115
6.007650,0.594065
6.008060,0.594016
6.008470,0.593967
6.008880,0.593918
6.009290,0.593869
6.009700,0.593820
6.010110,0.593771
6.010520,0.593721
6.010930,0.593672
6.011340,0.593623
6.011750,0.593574
6.012160,0.593525
6.012570,0.593476
6.012980,0.593428
6.013390,0.593378
6.013800,0.593329
6.014210,0.593280
6.014620,0.593231
6.015031,0.593182
6.015441,0.593134
6.015851,0.593085
6.016261,0.593036
6.016671,0.592987
6.017081,0.592939
6.017491,0.592890
6.017901,0.592842
6.018311,0.592792
6.018721,0.592744
6.019131,0.592695
6.019541,0.592646
6.019951,0.592597
6.020361,0.592549
6.020771,0.592501
6.021181,0.592452
6.021591,0.592404
6.022001,0.592355
6.022411,0.592307
6.022821,0.592258
6.023231,0.592210
6.023641,0.592161
6.024051,0.592113
6.024461,0.592065
6.024871,0.592016
6.025281,0.591967
6.025691,0.591919
6.026101,0.591871
6.026511,0.591823
6.026921,0.591775
6.027331,0.591727
6.027741,0.591678
6.028151,0.591630
6.028561,0.591582
6.028971,0.591534
6.029381,0.591485
6.029791,0.591437
6.030201,0.591390
6.030611,0.591341
6.031021,0.591293
6.031431,0.591245
6.031841,0.591197
6.032251,0.591149
6.032661,0.591101
6.033071,0.591053
6.033481,0.591005
6.033891,0.590957
6.034301,0.590909
6.034711,0.590862
6.035121,0.590814
6.035531,0.590766
6.035941,0.590718
6.036351,0.590670
6.036761,0.590622
6.037171,0.590575
6.037581,0.590527
6.037991,0.590480
6.038401,0.590432
6.038811,0.590384
6.039221,0.590336
6.039631,0.590289
6.040041,0.590242
6.040451,0.590194
6.040861,0.590146
6.041271,0.590099
6.041681,0.590051
6.042091,0.590003
6.042501,0.589957
6.042911,0.589908
6.043321,0.589861
6.043731,0.589814
6.044141,0.589766
6.044551,0.589719
6.044961,0.589671
6.045372,0.589625
6.045782,0.589577
6.046192,0.589530
6.046602,0.589482
6.047012,0.589435
6.047422,0.589388
6.047832,0.589341
6.048242,0.589293
6.048652,0.589247
6.049062,0.589200
6.049472,0.589152
6.049882,0.589105
6.050292,0.589058
6.050702,0.589010
6.051112,0.588964
6.051522,0.588917
6.051932,0.588869
6.052342,0.588822
6.052752,0.588776
6.053162,0.588729
6.053572,0.588682
6.053982,0.588635
6.054392,0.588588
6.054802,0.588541
6.055212,0.588494
6.055622,0.588448
6.056032,0.588400
6.056442,0.588353
6.056852,0.588307
6.057262,0.588260
6.057672,0.588213
6.058082,0.588166
6.058492,0.588119
6.058902,0.588073
6.059312,0.588027
6.059722,0.587980
6.060132,0.587934
6.060542,0.587887
6.060952,0.587840
6.061362,0.587793
6.061772,0.587747
6.062182,0.587701
6.062592,0.587654
6.063002,0.587608
6.063412,0.587562
6.063822,0.587515
6.064232,0.587468
6.064642,0.587422
6.065052,0.587376
6.065462,0.587330
6.065872,0.587282
6.066282,0.587237
6.066692,0.587190
6.067102,0.587144
6.067512,0.587098
6.067922,0.587052
6.068332,0.587006
6.068742,0.586959
6.069152,0.586913
6.069562,0.586866
6.069972,0.586821
6.070382,0.586775
6.070792,0.586728
6.071202,0.586683
6.071612,0.586636
6.072022,0.586590
6.072432,0.586544
6.072842,0.586499
6.073252,0.586452
6.073662,0.586407
6.074072,0.586360
6.074482,0.586315
6.074892,0.586268
6.075303,0.586223
6.075713,0.586177
6.076123,0.586131
6.076533,0.586085
6.076943,0.586040
6.077353,0.585993
6.077763,0.585948
6.078173,0.585902
6.078583,0.585856
6.078993,0.585811
6.079403,0.585765
6.079813,0.585719
6.080223,0.585674
6.080633,0.585628
6.081043,0.585582
6.081453,0.585537
6.081863,0.585491
6.082273,0.585445
6.082683,0.585400
6.083093,0.585355
6.083503,0.585309
6.083913,0.585263
6.084323,0.585219
6.084733,0.585173
6.085143,0.585128
6.085553,0.585082
6.085963,0.585037
6.086373,0.584991
6.086783,0.584945
6.087193,0.584901
6.087603,0.584855
6.088013,0.584809
6.088423,0.584765
6.088833,0.584719
6.089243,0.584674
6.089653,0.584629
6.090063,0.584584
6.090473,0.584539
6.090883,0.584494
6.091293,0.584448
6.091703,0.584403
6.092113,0.584358
6.092523,0.584313
6.092933,0.584268
6.093343,0.584223
6.093753,0.584178
6.094163,0.584133
6.094573,0.584088
6.094983,0.584043
6.095393,0.583998
6.095803,0.583953
6.096213,0.583908
6.096623,0.583863
6.097033,0.583818
6.097443,0.583773
6.097853,0.583729
6.098263,0.583684
6.098673,0.583639
6.099083,0.583595
6.099493,0.583550
6.099903,0.583506
6.100313,0.583460
6.100723,0.583416
6.101133,0.583371
6.101543,0.583326
6.101953,0.583282
6.102363,0.583237
6.102773,0.583193
6.103183,0.583148
6.103593,0.583104
6.104003,0.583059
6.104413,0.583015
6.104823,0.582970
6.105234,0.582925
6.105644,0.582881
6.106054,0.582837
6.106464,0.582792
6.106874,0.582748
6.107284,0.582703
6.107694,0.582659
6.108104,0.582615
6.108514,0.582571
6.108924,0.582526
6.109334,0.582482
6.109744,0.582437
6.110154,0.582394
6.110564,0.582349
6.110974,0.582305
6.111384,0.582261
6.111794,0.582217
6.112204,0.582173
6.112614,0.582128
6.113024,0.582084
6.113434,0.582040
6.113844,0.581996
6.114254,0.581952
6.114664,0.581907
6.115074,0.581864
6.115484,0.581820
6.115894,0.581776
6.116304,0.581732
6.116714,0.581688
6.117124,0.581643
6.117534,0.581600
6.117944,0.581556
6.118354,0.581512
6.118764,0.581469
6.119174,0.581425
6.119584,0.581381
6.119994,0.581337
6.120404,0.581293
6.120814,0.581249
6.121224,0.581205
6.121634,0.581162
6.122044,0.581118
6.122454,0.581075
6.122864,0.581031
6.123274,0.580987
6.123684,0.580944
6.124094,0.580900
6.124504,0.580856
6.124914,0.580813
6.125324,0.580769
6.125734,0.580726
6.126144,0.580682
6.126554,0.580638
6.126964,0.580595
6.127374,0.580552
6.127784,0.580508
6.128194,0.580465
6.128604,0.580422
6.129014,0.580378
6.129424,0.580335
6.129834,0.580291
6.130244,0.580248
6.130654,0.580205
6.131064,0.580162
6.131474,0.580118
6.131884,0.580075
6.132294,0.580032
6.132704,0.579989
6.133114,0.579946
6.133524,0.579902
6.133934,0.579859
6.134344,0.579816
6.134754,0.579773
6.135165,0.579730
6.135575,0.579687
6.135985,0.579643
6.136395,0.579601
6.136805,0.579557
6.137215,0.579514
6.137625,0.579471
6.138035,0.579428
6.138445,0.579385
6.138855,0.579342
6.139265,0.579299
6.139675,0.579257
6.140085,0.579213
6.140495,0.579171
6.140905,0.579128
6.141315,0.579085
6.141725,0.579042
6.142135,0.578999
6.142545,0.578957
6.142955,0.578914
6.143365,0.578871
6.143775,0.578829
6.144185,0.578786
6.144595,0.578743
6.145005,0.578700
6.145415,0.578658
6.145825,0.578614
6.146235,0.578573
6.146645,0.578529
6.147055,0.578487
6.147465,0.578444
6.147875,0.578402
6.148285,0.578359
6.148695,0.578318
6.149105,0.578274
6.149515,0.578232
6.149925,0.578189
6.150335,0.578148
6.150745,0.578105
6.151155,0.578062
6.151565,0.578020
6.151975,0.577978
6.152385,0.577935
6.152795,0.577893
6.153205,0.577851
6.153615,0.577808
6.154025,0.577766
6.154435,0.577724
6.154845,0.577682
6.155255,0.577639
6.155665,0.577597
6.156075,0.577555
6.156485,0.577513
6.156895,0.577471
6.157305,0.577428
6.157715,0.577387
6.158125,0.577345
6.158535,0.577302
6.158945,0.577260
6.159355,0.577218
6.159765,0.577176
6.160175,0.577134
6.160585,0.577092
6.160995,0.577050
6.161405,0.577008
6.161815,0.576966
6.162225,0.576924
6.162635,0.576883
6.163045,0.576841
6.163455,0.576799
6.163865,0.576757
6.164275,0.576715
6.164685,0.576673
6.165096,0.576631
6.165506,0.576590
6.165916,0.576548
6.166326,0.576506
6.166736,0.576465
6.167146,0.576423
6.167556,0.576381
6.167966,0.576340
6.168376,0.576298
6.168786,0.576256
6.169196,0.576214
6.169606,0.576173
6.170016,0.576132
6.170426,0.576090
6.170836,0.576048
6.171246,0.576007
6.171656,0.575966
6.172066,0.575924
6.172476,0.575882
6.172886,0.575841
6.173296,0.575800
6.173706,0.575758
6.174116,0.575717
6.174526,0.575675
6.174936,0.575634
6.175346,0.575592
6.175756,0.575551
6.176166,0.575510
6.176576,0.575468
6.176986,0.575428
6.177396,0.575386
6.177806,0.575345
6.178216,0.575303
6.178626,0.575262
6.179036,0.575221
6.179446,0.575181
6.179856,0.575139
6.180266,0.575097
6.180676,0.575057
6.181086,0.575016
6.181496,0.574974
6.181906,0.574933
6.182316,0.574893
6.182726,0.574851
6.183136,0.574810
6.183546,0.574769
6.183956,0.574728
6.184366,0.574687
6.184776,0.574646
6.185186,0.574606
6.185596,0.574565
6.186006,0.574524
6.186416,0.574483
6.186826,0.574442
6.187236,0.574401
6.187646,0.574360
6.188056,0.574319
6.188466,0.574278
6.188876,0.574237
6.189286,0.574197
6.189696,0.574156
6.190106,0.574115
6.190516,0.574075
6.190926,0.574034
6.191336,0.573994
6.191746,0.573953
6.192156,0.573913
6.192566,0.573872
6.192976,0.573831
6.193386,0.573791
6.193796,0.573750
6.194206,0.573709
6.194616,0.573669
6.195027,0.573629
6.195437,0.573588
6.195847,0.573547
6.196257,0.573507
6.196667,0.573467
6.197077,0.573426
6.197487,0.573386
6.197897,0.573346
6.198307,0.573305
6.198717,0.573265
6.199127,0.573224
6.199537,0.573184
6.199947,0.573143
6.200357,0.573104
6.200767,0.573063
6.201177,0.573022
6.201587,0.572982
6.201997,0.572942
6.202407,0.572902
6.202817,0.572861
6.203227,0.572822
6.203637,0.572781
6.204047,0.572741
6.204457,0.572701
6.204867,0.572661
6.205277,0.572621
6.205687,0.572581
6.206097,0.572541
6.206507,0.572501
6.206917,0.572461
6.207327,0.572421
6.207737,0.572382
6.208147,0.572341
6.208557,0.572301
6.208967,0.572261
6.209377,0.572221
6.209787,0.572181
6.210197,0.572141
6.210607,0.572102
6.211017,0.572062
6.211427,0.572022
6.211837,0.571982
6.212247,0.571942
6.212657,0.571903
6.213067,0.571863
6.213477,0.571823
6.213887,0.571783
6.214297,0.571744
6.214707,0.571704
6.215117,0.571664
6.215527,0.571625
6.215937,0.571584
6.216347,0.571545
6.216757,0.571506
6.217167,0.571466
6.217577,0.571427
6.217987,0.571387
6.218397,0.571347
6.218807,0.571308
6.219217,0.571269
6.219627,0.571229
6.220037,0.571190
6.220447,0.571150
6.220857,0.571110
6.221267,0.571071
6.221677,0.571031
6.222087,0.570992
6.222497,0.570953
6.222907,0.570913
6.223317,0.570874
6.223727,0.570835
6.224137,0.570796
6.224547,0.570757
6.224957,0.570717
6.225368,0.570678
6.225778,0.570638
6.226188,0.570599
6.226598,0.570560
6.227008,0.570521
6.227418,0.570482
6.227828,0.570442
6.228238,0.570403
6.228648,0.570364
6.229058,0.570325
6.229468,0.570286
6.229878,0.570247
6.230288,0.570208
6.230698,0.570169
6.231108,0.570130
6.231518,0.570091
6.231928,0.570052
6.232338,0.570013
6.232748,0.569973
6.233158,0.569935
6.233568,0.569896
6.233978,0.569857
6.234388,0.569818
6.234798,0.569780
6.235208,0.569741
6.235618,0.569702
6.236028,0.569663
6.236438,0.569624
6.236848,0.569585
6.237258,0.569547
6.237668,0.569508
6.238078,0.569469
6.238488,0.569430
6.238898,0.569391
6.239308,0.569353
6.239718,0.569314
6.240128,0.569275
6.240538,0.569237
6.240948,0.569198
6.241358,0.569160
6.241768,0.569121
6.242178,0.569082
6.242588,0.569044
6.242998,0.569005
6.243408,0.568967
6.243818,0.568928
6.244228,0.568890
6.244638,0.568851
6.245048,0.568813
6.245458,0.568774
6.245868,0.568736
6.246278,0.568697
6.246688,0.568659
6.247098,0.568620
6.247508,0.568583
6.247918,0.568545
6.248328,0.568506
6.248738,0.568467
6.249148,0.568429
6.249558,0.568391
6.249968,0.568353
6.250378,0.568314
6.250788,0.568276
6.251198,0.568238
6.251608,0.568200
6.252018,0.568162
6.252428,0.568123
6.252838,0.568084
6.253248,0.568047
6.253658,0.568009
6.254068,0.567971
6.254478,0.567932
6.254888,0.567895
6.255299,0.567856
6.255709,0.567819
6.256119,0.567780
6.256529,0.567742
6.256939,0.567704
6.257349,0.567666
6.257759,0.567629
6.258169,0.567590
6.258579,0.567553
6.258989,0.567514
6.259399,0.567477
6.259809,0.567439
6.260219,0.567401
6.260629,0.567363
6.261039,0.567325
6.261449,0.567288
6.261859,0.567250
6.262269,0.567212
6.262679,0.567174
6.263089,0.567137
6.263499,0.567099
6.263909,0.567061
6.264319,0.567023
6.264729,0.566986
6.265139,0.566948
6.265549,0.566910
6.265959,0.566873
6.266369,0.566834
6.266779,0.566797
6.267189,0.566760
6.267599,0.566723
6.268009,0.566685
6.268419,0.566647
6.268829,0.566609
6.269239,0.566572
6.269649,0.566534
6.270059,0.566497
6.270469,0.566459
6.270879,0.566422
6.271289,0.566384
6.271699,0.566348
6.272109,0.566310
6.272519,0.566272
6.272929,0.566235
6.273339,0.566198
6.273749,0.566160
6.274159,0.566123
6.274569,0.566086
6.274979,0.566049
6.275389,0.566011
6.275799,0.565974
6.276209,0.565937
6.276619,0.565899
6.277029,0.565862
6.277439,0.565825
6.277849,0.565788
6.278259,0.565751
6.278669,0.565714
6.279079,0.565676
6.279489,0.565639
6.279899,0.565602
6.280309,0.565565
6.280719,0.565528
6.281129,0.565491
6.281539,0.565454
6.281949,0.565417
6.282359,0.565379
6.282769,0.565343
6.283179,0.565306
6.283589,0.565269
6.283999,0.565232
6.284409,0.565195
6.284819,0.565158
6.285230,0.565122
6.285640,0.565084
6.286050,0.565048
6.286460,0.565011
6.286870,0.564973
6.287280,0.564938
6.287690,0.564900
6.288100,0.564864
6.288510,0.564827
6.288920,0.564790
6.289330,0.564753
6.289740,0.564716
6.290150,0.564679
6.290560,0.564643
6.290970,0.564606
6.291380,0.564570
6.291790,0.564533
6.292200,0.564496
6.292610,0.564459
6.293020,0.564423
6.293430,0.564386
6.293840,0.564350
6.294250,0.564314
6.294660,0.564277
6.295070,0.564241
6.295480,0.564204
6.295890,0.564167
6.296300,0.564131
6.296710,0.564094
6.297120,0.564058
6.297530,0.564022
6.297940,0.563985
6.298350,0.563948
6.298760,0.563912
6.299170,0.563877
6.299580,0.563839
6.299990,0.563803
6.300400,0.563767
6.300810,0.563731
6.301220,0.563694
6.301630,0.563658
6.302040,0.563622
6.302450,0.563586
6.302860,0.563550
6.303270,0.563513
6.303680,0.563477
6.304090,0.563441
6.304500,0.563405
6.304910,0.563369
6.305320,0.563332
6.305730,0.563296
6.306140,0.563260
6.306550,0.563224
6.306960,0.563188
6.307370,0.563152
6.307780,0.563115
6.308190,0.563079
6.308600,0.563043
6.309010,0.563007
6.309420,0.562971
6.309830,0.562936
6.310240,0.562899
6.310650,0.562864
6.311060,0.562828
6.311470,0.562792
6.311880,0.562755
6.312290,0.562721
6.312700,0.562684
6.313110,0.562648
6.313520,0.562613
6.313930,0.562577
6.314340,0.562541
6.314750,0.562505
6.315161,0.562469
6.315571,0.562433
6.315981,0.562398
6.316391,0.562362
6.316801,0.562327
6.317211,0.562290
6.317621,0.562255
6.318031,0.562219
6.318441,0.562183
6.318851,0.562148
6.319261,0.562112
6.319671,0.562077
6.320081,0.562042
6.320491,0.562005
6.320901,0.561970
6.321311,0.561935
6.321721,0.561899
6.322131,0.561864
6.322541,0.561828
6.322951,0.561792
6.323361,0.561757
6.323771,0.561722
6.324181,0.561686
6.324591,0.561651
6.325001,0.561616
6.325411,0.561580
6.325821,0.561545
6.326231,0.561509
6.326641,0.561474
6.327051,0.561438
6.327461,0.561403
6.327871,0.561368
6.328281,0.561332
6.328691,0.561297
6.329101,0.561262
6.329511,0.561227
6.329921,0.561191
6.330331,0.561156
6.330741,0.561121
6.331151,0.561086
6.331561,0.561051
6.331971,0.561016
6.332381,0.560980
6.332791,0.560946
6.333201,0.560911
6.333611,0.560875
6.334021,0.560839
6.334431,0.560805
6.334841,0.560770
6.335251,0.560735
6.335661,0.560699
6.336071,0.560665
6.336481,0.560630
6.336891,0.560594
6.337301,0.560560
6.337711,0.560525
6.338121,0.560490
6.338531,0.560455
6.338941,0.560420
6.339351,0.560385
6.339761,0.560350
6.340171,0.560315
6.340581,0.560281
6.340991,0.560245
6.341401,0.560211
6.341811,0.560176
6.342221,0.560141
6.342631,0.560106
6.343041,0.560072
6.343451,0.560037
6.343861,0.560002
6.344271,0.559967
6.344681,0.559934
6.345092,0.559898
6.345502,0.559863
6.345912,0.559828
6.346322,0.559794
6.346732,0.559760
6.347142,0.559725
6.347552,0.559691
6.347962,0.559656
6.348372,0.559621
6.348782,0.559587
6.349192,0.559552
6.349602,0.559518
6.350012,0.559483
6.350422,0.559448
6.350832,0.559414
6.351242,0.559379
6.351652,0.559345
6.352062,0.559311
6.352472,0.559276
6.352882,0.559242
6.353292,0.559208
6.353702,0.559172
6.354112,0.559139
6.354522,0.559105
6.354932,0.559070
6.355342,0.559035
6.355752,0.559001
6.356162,0.558967
6.356572,0.558933
6.356982,0.558898
6.357392,0.558864
6.357802,0.558829
6.358212,0.558796
6.358622,0.558761
6.359032,0.558727
6.359442,0.558693
6.359852,0.558659
6.360262,0.558625
6.360672,0.558591
6.361082,0.558557
6.361492,0.558523
6.361902,0.558488
6.362312,0.558454
6.362722,0.558421
6.363132,0.558386
6.363542,0.558352
6.363952,0.558318
6.364362,0.558284
6.364772,0.558250
6.365182,0.558216
6.365592,0.558182
6.366002,0.558149
6.366412,0.558114
6.366822,0.558080
6.367232,0.558047
6.367642,0.558013
6.368052,0.557979
6.368462,0.557944
6.368872,0.557911
6.369282,0.557877
6.369692,0.557844
6.370102,0.557810
6.370512,0.557776
6.370922,0.557742
6.371332,0.557708
6.371742,0.557674
6.372152,0.557640
6.372562,0.557607
6.372972,0.557573
6.373382,0.557540
6.373792,0.557506
6.374202,0.557472
6.374612,0.557439
6.375023,0.557405
6.375433,0.557371
6.375843,0.557337
6.376253,0.557304
6.376663,0.557271
6.377073,0.557237
6.377483,0.557203
6.377893,0.557169
6.378303,0.557136
6.378713,0.557103
6.379123,0.557069
6.379533,0.557036
6.379943,0.557002
6.380353,0.556969
6.380763,0.556935
6.381173,0.556902
6.381583,0.556869
6.381993,0.556835
6.382403,0.556802
6.382813,0.556768
6.383223,0.556735
6.383633,0.556702
6.384043,0.556669
6.384453,0.556635
6.384863,0.556602
6.385273,0.556568
6.385683,0.556536
6.386093,0.556502
6.386503,0.556469
6.386913,0.556435
6.387323,0.556403
6.387733,0.556369
6.388143,0.556336
6.388553,0.556303
6.388963,0.556270
6.389373,0.556237
6.389783,0.556204
6.390193,0.556170
6.390603,0.556137
6.391013,0.556104
6.391423,0.556072
6.391833,0.556038
6.392243,0.556005
6.392653,0.555972
6.393063,0.555940
6.393473,0.555906
6.393883,0.555874
6.394293,0.555840
6.394703,0.555807
6.395113,0.555774
6.395523,0.555741
6.395933,0.555708
6.396343,0.555675
6.396753,0.555642
6.397163,0.555610
6.397573,0.555576
6.397983,0.555544
6.398393,0.555511
6.398803,0.555478
6.399213,0.555445
6.399623,0.555413
6.400033,0.555379
6.400443,0.555348
6.400853,0.555314
6.401263,0.555282
6.401673,0.555249
6.402083,0.555217
6.402493,0.555183
6.402903,0.555151
6.403313,0.555118
6.403723,0.555086
6.404133,0.555053
6.404543,0.555020
6.404953,0.554988
6.405364,0.554955
6.405774,0.554923
6.406184,0.554890
6.406594,0.554857
6.407004,0.554825
6.407414,0.554792
6.407824,0.554760
6.408234,0.554726
6.408644,0.554695
6.409054,0.554663
6.409464,0.554629
6.409874,0.554597
6.410284,0.554565
6.410694,0.554532
6.411104,0.554500
6.411514,0.554468
6.411924,0.554435
6.412334,0.554403
6.412744,0.554371
6.413154,0.554338
6.413564,0.554306
6.413974,0.554274
6.414384,0.554242
6.414794,0.554209
6.415204,0.554177
6.415614,0.554145
6.416024,0.554112
6.416434,0.554080
6.416844,0.554048
6.417254,0.554016
6.417664,0.553984
6.418074,0.553951
6.418484,0.553919
6.418894,0.553887
6.419304,0.553855
6.419714,0.553822
6.420124,0.553791
6.420534,0.553758
6.420944,0.553727
6.421354,0.553694
6.421764,0.553662
6.422174,0.553630
6.422584,0.553598
6.422994,0.553567
6.423404,0.553534
6.423814,0.553502
6.424224,0.553470
6.424634,0.553438
6.425044,0.553406
6.425454,0.553374
6.425864,0.553343
6.426274,0.553311
6.426684,0.553279
6.427094,0.553247
6.427504,0.553215
6.427914,0.553183
6.428324,0.553151
6.428734,0.553120
6.429144,0.553087
6.429554,0.553056
6.429964,0.553024
6.430374,0.552992
6.430784,0.552960
6.431194,0.552929
6.431604,0.552898
6.432014,0.552865
6.432424,0.552834
6.432834,0.552801
6.433244,0.552771
6.433654,0.552738
6.434064,0.552707
6.434474,0.552676
6.434884,0.552644
6.435295,0.552612
6.435705,0.552580
6.436115,0.552549
6.436525,0.552518
6.436935,0.552486
6.437345,0.552454
6.437755,0.552422
6.438165,0.552392
6.438575,0.552360
6.438985,0.552328
6.439395,0.552297
6.439805,0.552265
6.440215,0.552234
6.440625,0.552202
6.441035,0.552171
6.441445,0.552139
6.441855,0.552109
6.442265,0.552077
6.442675,0.552045
6.443085,0.552014
6.443495,0.551983
6.443905,0.551951
6.444315,0.551920
6.444725,0.551889
6.445135,0.551858
6.445545,0.551827
6.445955,0.551795
6.446365,0.551764
6.446775,0.551733
6.447185,0.551701
6.447595,0.551670
6.448005,0.551639
6.448415,0.551608
6.448825,0.551576
6.449235,0.551546
6.449645,0.551514
6.450055,0.551483
6.450465,0.551452
6.450875,0.551421
6.451285,0.551390
6.451695,0.551358
6.452105,0.551327
6.452515,0.551296
6.452925,0.551266
6.453335,0.551235
6.453745,0.551203
6.454155,0.551172
6.454565,0.551142
6.454975,0.551110
6.455385,0.551080
6.455795,0.551048
6.456205,0.551017
6.456615,0.550986
6.457025,0.550956
6.457435,0.550924
6.457845,0.550894
6.458255,0.550863
6.458665,0.550832
6.459075,0.550802
6.459485,0.550771
6.459895,0.550740
6.460305,0.550709
6.460715,0.550678
6.461125,0.550648
6.461535,0.550617
6.461945,0.550585
6.462355,0.550555
6.462765,0.550524
6.463175,0.550493
6.463585,0.550463
6.463995,0.550433
6.464405,0.550402
6.464815,0.550370
6.465226,0.550340
6.465636,0.550310
6.466046,0.550279
6.466456,0.550248
6.466866,0.550218
6.467276,0.550187
6.467686,0.550157
6.468096,0.550125
6.468506,0.550096
6.468916,0.550065
6.469326,0.550034
6.469736,0.550004
6.470146,0.549973
6.470556,0.549943
6.470966,0.549912
6.471376,0.549882
6.471786,0.549852
6.472196,0.549821
6.472606,0.549791
6.473016,0.549760
6.473426,0.549730
6.473836,0.549700
6.474246,0.549669
6.474656,0.549639
6.475066,0.549608
6.475476,0.549578
6.475886,0.549548
6.476296,0.549517
6.476706,0.549487
6.477116,0.549457
6.477526,0.549427
6.477936,0.549396
6.478346,0.549366
6.478756,0.549335
6.479166,0.549305
6.479576,0.549276
6.479986,0.549245
6.480396,0.549215
6.480806,0.549185
6.481216,0.549155
6.481626,0.549125
6.482036,0.549094
6.482446,0.549064
6.482856,0.549034
6.483266,0.549005
6.483676,0.548974
6.484086,0.548945
6.484496,0.548914
6.484906,0.548884
6.485316,0.548854
6.485726,0.548824
6.486136,0.548794
6.486546,0.548764
6.486956,0.548735
6.487366,0.548704
6.487776,0.548674
6.488186,0.548644
6.488596,0.548614
6.489006,0.548585
6.489416,0.548555
6.489826,0.548524
6.490236,0.548495
6.490646,0.548465
6.491056,0.548435
6.491466,0.548405
6.491876,0.548375
6.492286,0.548345
6.492696,0.548316
6.493106,0.548286
6.493516,0.548256
6.493926,0.548226
6.494336,0.548196
6.494746,0.548167
6.495157,0.548137
6.495567,0.548107
6.495977,0.548077
6.496387,0.548048
6.496797,0.548018
6.497207,0.547989
6.497617,0.547959
6.498027,0.547929
6.498437,0.547900
6.498847,0.547870
6.499257,0.547841
6.499667,0.547811
6.500077,0.547782
6.500487,0.547751
6.500897,0.547722
6.501307,0.547693
6.501717,0.547663
6.502127,0.547633
6.502537,0.547604
6.502947,0.547575
6.503357,0.547545
6.503767,0.547516
6.504177,0.547487
6.504587,0.547457
6.504997,0.547428
6.505407,0.547398
6.505817,0.547369
6.506227,0.547339
6.506637,0.547310
6.507047,0.547281
6.507457,0.547251
6.507867,0.547222
6.508277,0.547193
6.508687,0.547163
6.509097,0.547134
6.509507,0.547104
6.509917,0.547075
6.510327,0.547046
6.510737,0.547018
6.511147,0.546987
6.511557,0.546958
6.511967,0.546929
6.512377,0.546900
6.512787,0.546871
6.513197,0.546841
6.513607,0.546813
6.514017,0.546783
6.514427,0.546753
6.514837,0.546725
6.515247,0.546696
6.515657,0.546667
6.516067,0.546637
6.516477,0.546609
6.516887,0.546579
6.517297,0.546550
6.517707,0.546522
6.518117,0.546493
6.518527,0.546463
6.518937,0.546434
6.519347,0.546405
6.519757,0.546376
6.520167,0.546347
6.520577,0.546318
6.520987,0.546289
6.521397,0.546260
6.521807,0.546232
6.522217,0.546203
6.522627,0.546174
6.523037,0.546145
6.523447,0.546116
6.523857,0.546087
6.524267,0.546058
6.524677,0.546029
6.525088,0.546000
6.525498,0.545972
6.525908,0.545943
6.526318,0.545914
6.526728,0.545885
6.527138,0.545857
6.527548,0.545828
6.527958,0.545799
6.528368,0.545770
6.528778,0.545741
6.529188,0.545713
6.529598,0.545684
6.530008,0.545656
6.530418,0.545627
6.530828,0.545598
6.531238,0.545569
6.531648,0.545541
6.532058,0.545512
6.532468,0.545484
6.532878,0.545455
6.533288,0.545427
6.533698,0.545398
6.534108,0.545369
6.534518,0.545341
6.534928,0.545312
6.535338,0.545284
6.535748,0.545255
6.536158,0.545227
6.536568,0.545198
6.536978,0.545170
6.537388,0.545141
6.537798,0.545113
6.538208,0.545085
6.538618,0.545056
6.539028,0.545027
6.539438,0.545000
6.539848,0.544971
6.540258,0.544943
6.540668,0.544914
6.541078,0.544886
6.541488,0.544857
6.541898,0.544829
6.542308,0.544801
6.542718,0.544773
6.543128,0.544744
6.543538,0.544716
6.543948,0.544688
6.544358,0.544659
6.544768,0.544631
6.545178,0.544602
6.545588,0.544575
6.545998,0.544547
6.546408,0.544518
6.546818,0.544490
6.547228,0.544462
6.547638,0.544434
6.548048,0.544405
6.548458,0.544377
6.548868,0.544349
6.549278,0.544322
6.549688,0.544293
6.550098,0.544265
6.550508,0.544237
6.550918,0.544209
6.551328,0.544181
6.551738,0.544153
6.552148,0.544125
6.552558,0.544096
6.552968,0.544069
6.553378,0.544040
6.553788,0.544012
6.554198,0.543985
6.554608,0.543956
6.555019,0.543928
6.555429,0.543900
6.555839,0.543873
6.556249,0.543844
6.556659,0.543817
6.557069,0.543789
6.557479,0.543761
6.557889,0.543733
6.558299,0.543705
6.558709,0.543677
6.559119,0.543649
6.559529,0.543622
6.559939,0.543594
6.560349,0.543566
6.560759,0.543538
6.561169,0.543511
6.561579,0.543483
6.561989,0.543455
6.562399,0.543428
6.562809,0.543400
6.563219,0.543372
6.563629,0.543344
6.564039,0.543316
6.564449,0.543289
6.564859,0.543261
6.565269,0.543234
6.565679,0.543205
6.566089,0.543179
6.566499,0.543151
6.566909,0.543123
6.567319,0.543096
6.567729,0.543068
6.568139,0.543040
6.568549,0.543013
6.568959,0.542985
6.569369,0.542958
6.569779,0.542930
6.570189,0.542903
6.570599,0.542875
6.571009,0.542848
6.571419,0.542820
6.571829,0.542792
6.572239,0.542765
6.572649,0.542738
6.573059,0.542711
6.573469,0.542683
6.573879,0.542655
6.574289,0.542629
6.574699,0.542600
6.575109,0.542573
6.575519,0.542546
6.575929,0.542518
6.576339,0.542491
6.576749,0.542464
6.577159,0.542436
6.577569,0.542409
6.577979,0.542382
6.578389,0.542355
6.578799,0.542327
6.579209,0.542300
6.579619,0.542272
6.580029,0.542245
6.580439,0.542218
6.580849,0.542191
6.581259,0.542164
6.581669,0.542137
6.582079,0.542109
6.582489,0.542082
6.582899,0.542055
6.583309,0.542028
6.583719,0.542001
6.584129,0.541974
6.584539,0.541946
6.584949,0.541919
6.585360,0.541892
6.585770,0.541865
6.586180,0.541839
6.586590,0.541811
6.587000,0.541784
6.587410,0.541757
6.587820,0.541729
6.588230,0.541703
6.588640,0.541676
6.589050,0.541649
6.589460,0.541622
6.589870,0.541595
6.590280,0.541567
6.590690,0.541541
6.591100,0.541514
6.591510,0.541487
6.591920,0.541460
6.592330,0.541433
6.592740,0.541406
6.593150,0.541379
6.593560,0.541353
6.593970,0.541326
6.594380,0.541299
6.594790,0.541272
6.595200,0.541246
6.595610,0.541218
6.596020,0.541191
6.596430,0.541165
6.596840,0.541138
6.597250,0.541111
6.597660,0.541085
6.598070,0.541058
6.598480,0.541032
6.598890,0.541005
6.599300,0.540978
6.599710,0.540950
6.600120,0.540924
6.600530,0.540897
6.600940,0.540871
6.601350,0.540845
6.601760,0.540818
6.602170,0.540791
6.602580,0.540764
6.602990,0.540738
6.603400,0.540711
6.603810,0.540684
6.604220,0.540658
6.604630,0.540632
6.605040,0.540605
6.605450,0.540579
6.605860,0.540552
6.606270,0.540525
6.606680,0.540498
6.607090,0.540472
6.607500,0.540445
6.607910,0.540419
6.608320,0.540392
6.608730,0.540366
6.609140,0.540340
6.609550,0.540313
6.609960,0.540287
6.610370,0.540260
6.610780,0.540235
6.611190,0.540208
6.611600,0.540181
6.612010,0.540155
6.612420,0.540128
6.612830,0.540103
6.613240,0.540076
6.613650,0.540049
6.614060,0.540023
6.614470,0.539997
6.614880,0.539971
6.615291,0.539944
6.615701,0.539918
6.616111,0.539892
6.616521,0.539866
6.616931,0.539839
6.617341,0.539812
6.617751,0.539787
6.618161,0.539761
6.618571,0.539734
6.618981,0.539708
6.619391,0.539682
6.619801,0.539657
6.620211,0.539630
6.620621,0.539603
6.621031,0.539577
6.621441,0.539552
6.621851,0.539526
6.622261,0.539499
6.622671,0.539473
6.623081,0.539447
6.623491,0.539420
6.623901,0.539395
6.624311,0.539369
6.624721,0.539343
6.625131,0.539317
6.625541,0.539291
6.625951,0.539265
6.626361,0.539239
6.626771,0.539213
6.627181,0.539186
6.627591,0.539161
6.628001,0.539135
6.628411,0.539109
6.628821,0.539083
6.629231,0.539057
6.629641,0.539031
6.630051,0.539005
6.630461,0.538980
6.630871,0.538953
6.631281,0.538928
6.631691,0.538902
6.632101,0.538876
6.632511,0.538851
6.632921,0.538825
6.633331,0.538799
6.633741,0.538774
6.634151,0.538747
6.634561,0.538721
6.634971,0.538696
6.635381,0.538669
6.635791,0.538644
6.636201,0.538618
6.636611,0.538592
6.637021,0.538567
6.637431,0.538541
6.637841,0.538516
6.638251,0.538490
6.638661,0.538464
6.639071,0.538438
6.639481,0.538413
6.639891,0.538387
6.640301,0.538362
6.640711,0.538336
6.641121,0.538310
6.641531,0.538285
6.641941,0.538259
6.642351,0.538234
6.642761,0.538208
6.643171,0.538182
6.643581,0.538157
6.643991,0.538132
6.644401,0.538106
6.644811,0.538080
6.645222,0.538055
6.645632,0.538030
6.646042,0.538004
6.646452,0.537979
6.646862,0.537953
6.647272,0.537928
6.647682,0.537902
6.648092,0.537877
6.648502,0.537852
6.648912,0.537826
6.649322,0.537800
6.649732,0.537775
6.650142,0.537750
6.650552,0.537724
6.650962,0.537700
6.651372,0.537674
6.651782,0.537648
6.652192,0.537623
6.652602,0.537598
6.653012,0.537573
6.653422,0.537547
6.653832,0.537523
6.654242,0.537496
6.654652,0.537472
6.655062,0.537447
6.655472,0.537421
6.655882,0.537396
6.656292,0.537371
6.656702,0.537346
6.657112,0.537321
6.657522,0.537295
6.657932,0.537270
6.658342,0.537245
6.658752,0.537220
6.659162,0.537194
6.659572,0.537170
6.659982,0.537145
6.660392,0.537120
6.660802,0.537094
6.661212,0.537069
6.661622,0.537044
6.662032,0.537019
6.662442,0.536994
6.662852,0.536969
6.663262,0.536944
6.663672,0.536919
6.664082,0.536893
6.664492,0.536869
6.664902,0.536844
6.665312,0.536819
6.665722,0.536794
6.666132,0.536769
6.666542,0.536745
6.666952,0.536719
6.667362,0.536694
6.667772,0.536670
6.668182,0.536645
6.668592,0.536620
6.669002,0.536595
6.669412,0.536570
6.669822,0.536545
6.670232,0.536520
6.670642,0.536496
6.671052,0.536471
6.671462,0.536446
6.671872,0.536421
6.672282,0.536396
6.672692,0.536372
6.673102,0.536347
6.673512,0.536322
6.673922,0.536297
6.674332,0.536272
6.674742,0.536247
6.675153,0.536223
6.675563,0.536199
6.675973,0.536173
6.676383,0.536149
6.676793,0.536125
6.677203,0.536099
6.677613,0.536074
6.678023,0.536050
6.678433,0.536025
6.678843,0.536001
6.679253,0.535977
6.679663,0.535952
6.680073,0.535927
6.680483,0.535902
6.680893,0.535878
6.681303,0.535853
6.681713,0.535829
6.682123,0.535804
6.682533,0.535779
6.682943,0.535755
6.683353,0.535730
6.683763,0.535706
6.684173,0.535682
6.684583,0.535657
6.684993,0.535632
6.685403,0.535608
6.685813,0.535583
6.686223,0.535559
6.686633,0.535535
6.687043,0.535510
6.687453,0.535486
6.687863,0.535461
6.688273,0.535437
6.688683,0.535413
6.689093,0.535389
6.689503,0.535364
6.689913,0.535339
6.690323,0.535315
6.690733,0.535291
6.691143,0.535267
6.691553,0.535242
6.691963,0.535218
6.692373,0.535194
6.692783,0.535169
6.693193,0.535145
6.693603,0.535121
6.694013,0.535097
6.694423,0.535072
6.694833,0.535048
6.695243,0.535024
6.695653,0.535000
6.696063,0.534976
6.696473,0.534951
6.696883,0.534927
6.697293,0.534903
6.697703,0.534879
6.698113,0.534855
6.698523,0.534830
6.698933,0.534806
6.699343,0.534783
6.699753,0.534758
6.700163,0.534734
6.700573,0.534710
6.700983,0.534686
6.701393,0.534662
6.701803,0.534638
6.702213,0.534614
6.702623,0.534589
6.703033,0.534566
6.703443,0.534542
6.703853,0.534518
6.704263,0.534493
6.704673,0.534470
6.705084,0.534446
6.705494,0.534421
6.705904,0.534398
6.706314,0.534373
6.706724,0.534350
6.707134,0.534326
6.707544,0.534302
6.707954,0.534278
6.708364,0.534254
6.708774,0.534231
6.709184,0.534207
6.709594,0.534183
6.710004,0.534158
6.710414,0.534135
6.710824,0.534111
6.711234,0.534087
6.711644,0.534063
6.712054,0.534040
6.712464,0.534015
6.712874,0.533992
6.713284,0.533968
6.713694,0.533944
6.714104,0.533921
6.714514,0.533897
6.714924,0.533873
6.715334,0.533849
6.715744,0.533826
6.716154,0.533802
6.716564,0.533779
6.716974,0.533754
6.717384,0.533732
6.717794,0.533707
6.718204,0.533683
6.718614,0.533660
6.719024,0.533636
6.719434,0.533613
6.719844,0.533589
6.720254,0.533566
6.720664,0.533541
6.721074,0.533518
6.721484,0.533495
6.721894,0.533471
6.722304,0.533448
6.722714,0.533424
6.723124,0.533400
6.723534,0.533377
6.723944,0.533353
6.724354,0.533330
6.724764,0.533306
6.725174,0.533283
6.725584,0.533260
6.725994,0.533236
6.726404,0.533213
6.726814,0.533189
6.727224,0.533165
6.727634,0.533142
6.728044,0.533118
6.728454,0.533095
6.728864,0.533072
6.729274,0.533048
6.729684,0.533024
6.730094,0.533002
6.730504,0.532979
6.730914,0.532955
6.731324,0.532931
6.731734,0.532909
6.732144,0.532885
6.732554,0.532862
6.732964,0.532839
6.733374,0.532815
6.733784,0.532792
6.734194,0.532769
6.734604,0.532745
6.735015,0.532722
6.735425,0.532699
6.735835,0.532675
6.736245,0.532652
6.736655,0.532629
6.737065,0.532606
6.737475,0.532582
6.737885,0.532559
6.738295,0.532536
6.738705,0.532513
6.739115,0.532490
6.739525,0.532466
6.739935,0.532443
6.740345,0.532421
6.740755,0.532398
6.741165,0.532374
6.741575,0.532352
6.741985,0.532328
6.742395,0.532305
6.742805,0.532282
6.743215,0.532259
6.743625,0.532235
6.744035,0.532213
6.744445,0.532190
6.744855,0.532167
6.745265,0.532144
6.745675,0.532120
6.746085,0.532097
6.746495,0.532075
6.746905,0.532052
6.747315,0.532029
6.747725,0.532006
6.748135,0.531983
6.748545,0.531959
6.748955,0.531937
6.749365,0.531915
6.749775,0.531891
6.750185,0.531868
6.750595,0.531845
6.751005,0.531822
6.751415,0.531800
6.751825,0.531777
6.752235,0.531754
6.752645,0.531730
6.753055,0.531708
6.753465,0.531685
6.753875,0.531663
6.754285,0.531639
6.754695,0.531617
6.755105,0.531594
6.755515,0.531571
6.755925,0.531549
6.756335,0.531526
6.756745,0.531503
6.757155,0.531480
6.757565,0.531458
6.757975,0.531435
6.758385,0.531412
6.758795,0.531390
6.759205,0.531367
6.759615,0.531344
6.760025,0.531321
6.760435,0.531299
6.760845,0.531276
6.761255,0.531253
6.761665,0.531231
6.762075,0.531209
6.762485,0.531186
6.762895,0.531163
6.763305,0.531141
6.763715,0.531118
6.764125,0.531095
6.764535,0.531072
6.764945,0.531050
6.765356,0.531028
6.765766,0.531005
6.766176,0.530982
6.766586,0.530960
6.766996,0.530938
6.767406,0.530915
6.767816,0.530892
6.768226,0.530870
6.768636,0.530848
6.769046,0.530825
6.769456,0.530802
6.769866,0.530780
6.770276,0.530758
6.770686,0.530736
6.771096,0.530713
6.771506,0.530690
6.771916,0.530668
6.772326,0.530645
6.772736,0.530624
6.773146,0.530601
6.773556,0.530579
6.773966,0.530556
6.774376,0.530534
6.774786,0.530512
6.775196,0.530489
6.775606,0.530467
6.776016,0.530445
6.776426,0.530422
6.776836,0.530400
6.777246,0.530378
6.777656,0.530356
6.778066,0.530333
6.778476,0.530311
6.778886,0.530289
6.779296,0.530266
6.779706,0.530244
6.780116,0.530222
6.780526,0.530200
6.780936,0.530178
6.781346,0.530155
6.781756,0.530133
6.782166,0.530111
6.782576,0.530089
6.782986,0.530067
6.783396,0.530044
6.783806,0.530023
6.784216,0.530000
6.784626,0.529978
6.785036,0.529956
6.785446,0.529933
6.785856,0.529912
6.786266,0.529890
6.786676,0.529868
6.787086,0.529845
6.787496,0.529824
6.787906,0.529802
6.788316,0.529779
6.788726,0.529757
6.789136,0.529735
6.789546,0.529714
6.789956,0.529692
6.790366,0.529670
6.790776,0.529647
6.791186,0.529625
6.791596,0.529604
6.792006,0.529582
6.792416,0.529560
6.792826,0.529538
6.793236,0.529516
6.793646,0.529495
6.794056,0.529472
6.794466,0.529451
6.794876,0.529429
6.795287,0.529407
6.795697,0.529385
6.796107,0.529362
6.796517,0.529341
6.796927,0.529318
6.797337,0.529297
6.797747,0.529275
6.798157,0.529253
6.798567,0.529232
6.798977,0.529210
6.799387,0.529188
6.799797,0.529167
6.800207,0.529145
6.800617,0.529123
6.801027,0.529102
6.801437,0.529080
6.801847,0.529058
6.802257,0.529036
6.802667,0.529014
6.803077,0.528992
6.803487,0.528970
6.803897,0.528949
6.804307,0.528928
6.804717,0.528906
6.805127,0.528884
6.805537,0.528862
6.805947,0.528841
6.806357,0.528819
6.806767,0.528798
6.807177,0.528776
6.807587,0.528755
6.807997,0.528733
6.808407,0.528712
6.808817,0.528690
6.809227,0.528668
6.809637,0.528647
6.810047,0.528625
6.810457,0.528603
6.810867,0.528582
6.811277,0.528561
6.811687,0.528540
6.812097,0.528517
6.812507,0.528496
6.812917,0.528474
6.813327,0.528453
6.813737,0.528432
6.814147,0.528410
6.814557,0.528389
6.814967,0.528368
6.815377,0.528346
6.815787,0.528324
6.816197,0.528303
6.816607,0.528281
6.817017,0.528261
6.817427,0.528239
6.817837,0.528217
6.818247,0.528196
6.818657,0.528175
6.819067,0.528153
6.819477,0.528132
6.819887,0.528111
6.820297,0.528090
6.820707,0.528068
6.821117,0.528048
6.821527,0.528026
6.821937,0.528004
6.822347,0.527983
6.822757,0.527962
6.823167,0.527940
6.823577,0.527919
6.823987,0.527898
6.824397,0.527877
6.824807,0.527855
6.825218,0.527834
6.825628,0.527813
6.826038,0.527791
6.826448,0.527770
6.826858,0.527749
6.827268,0.527728
6.827678,0.527708
6.828088,0.527685
6.828498,0.527664
6.828908,0.527644
6.829318,0.527622
6.829728,0.527601
6.830138,0.527580
6.830548,0.527559
6.830958,0.527538
6.831368,0.527517
6.831778,0.527496
6.832188,0.527475
6.832598,0.527454
6.833008,0.527433
6.833418,0.527411
6.833828,0.527390
6.834238,0.527370
6.834648,0.527348
6.835058,0.527327
6.835468,0.527306
6.835878,0.527285
6.836288,0.527264
6.836698,0.527244
6.837108,0.527223
6.837518,0.527201
6.837928,0.527181
6.838338,0.527160
6.838748,0.527139
6.839158,0.527118
6.839568,0.527097
6.839978,0.527076
6.840388,0.527055
6.840798,0.527034
6.841208,0.527014
6.841618,0.526992
6.842028,0.526972
6.842438,0.526951
6.842848,0.526930
6.843258,0.526909
6.843668,0.526889
6.844078,0.526868
6.844488,0.526847
6.844898,0.526826
6.845308,0.526805
6.845718,0.526784
6.846128,0.526764
6.846538,0.526743
6.846948,0.526722
6.847358,0.526701
6.847768,0.526680
6.848178,0.526661
6.848588,0.526640
6.848998,0.526618
6.849408,0.526597
6.849818,0.526577
6.850228,0.526556
6.850638,0.526536
6.851048,0.526516
6.851458,0.526494
6.851868,0.526474
6.852278,0.526453
6.852688,0.526432
6.853098,0.526412
6.853508,0.526392
6.853918,0.526371
6.854328,0.526350
6.854738,0.526329
6.855149,0.526309
6.855559,0.526288
6.855969,0.526267
6.856379,0.526248
6.856789,0.526226
6.857199,0.526206
6.857609,0.526186
6.858019,0.526166
6.858429,0.526145
6.858839,0.526124
6.859249,0.526103
6.859659,0.526083
6.860069,0.526063
6.860479,0.526042
6.860889,0.526022
6.861299,0.526001
6.861709,0.525981
6.862119,0.525961
6.862529,0.525939
6.862939,0.525919
6.863349,0.525899
6.863759,0.525879
6.864169,0.525859
6.864579,0.525838
6.864989,0.525817
6.865399,0.525797
6.865809,0.525776
6.866219,0.525756
6.866629,0.525736
6.867039,0.525716
6.867449,0.525695
6.867859,0.525675
6.868269,0.525655
6.868679,0.525634
6.869089,0.525614
6.869499,0.525594
6.869909,0.525574
6.870319,0.525553
6.870729,0.525533
6.871139,0.525514
6.871549,0.525492
6.871959,0.525473
6.872369,0.525452
6.872779,0.525433
6.873189,0.525412
6.873599,0.525392
6.874009,0.525372
6.874419,0.525351
6.874829,0.525331
6.875239,0.525311
6.875649,0.525291
6.876059,0.525271
6.876469,0.525251
6.876879,0.525230
6.877289,0.525210
6.877699,0.525190
6.878109,0.525170
6.878519,0.525150
6.878929,0.525130
6.879339,0.525109
6.879749,0.525089
6.880159,0.525070
6.880569,0.525049
6.880979,0.525029
6.881389,0.525009
6.881799,0.524989
6.882209,0.524969
6.882619,0.524949
6.883029,0.524929
6.883439,0.524909
6.883849,0.524889
6.884259,0.524869
6.884669,0.524849
6.885080,0.524829
6.885490,0.524809
6.885900,0.524790
6.886310,0.524769
6.886720,0.524749
6.887130,0.524730
6.887540,0.524709
6.887950,0.524690
6.888360,0.524670
6.888770,0.524650
6.889180,0.524630
6.889590,0.524610
6.890000,0.524591
6.890410,0.524570
6.890820,0.524551
6.891230,0.524531
6.891640,0.524511
6.892050,0.524491
6.892460,0.524472
6.892870,0.524451
6.893280,0.524432
6.893690,0.524412
6.894100,0.524393
6.894510,0.524373
6.894920,0.524352
6.895330,0.524333
6.895740,0.524313
6.896150,0.524293
6.896560,0.524273
6.896970,0.524254
6.897380,0.524234
6.897790,0.524214
6.898200,0.524195
6.898610,0.524175
6.899020,0.524156
6.899430,0.524136
6.899840,0.524117
6.900250,0.524096
6.900660,0.524077
6.901070,0.524057
6.901480,0.524037
6.901890,0.524017
6.902300,0.523999
6.902710,0.523979
6.903120,0.523959
6.903530,0.523940
6.903940,0.523920
6.904350,0.523900
6.904760,0.523881
6.905170,0.523862
6.905580,0.523841
6.905990,0.523822
6.906400,0.523802
6.906810,0.523783
6.907220,0.523763
6.907630,0.523744
6.908040,0.523725
6.908450,0.523704
6.908860,0.523685
6.909270,0.523667
6.909680,0.523647
6.910090,0.523627
6.910500,0.523608
6.910910,0.523588
6.911320,0.523569
6.911730,0.523549
6.912140,0.523530
6.912550,0.523511
6.912960,0.523491
6.913370,0.523472
6.913780,0.523452
6.914190,0.523433
6.914600,0.523413
6.915011,0.523394
6.915421,0.523375
6.915831,0.523356
6.916241,0.523336
6.916651,0.523316
6.917061,0.523297
6.917471,0.523278
6.917881,0.523258
6.918291,0.523240
6.918701,0.523220
6.919111,0.523200
6.919521,0.523181
6.919931,0.523163
6.920341,0.523143
6.920751,0.523123
6.921161,0.523104
6.921571,0.523085
6.921981,0.523066
6.922391,0.523047
6.922801,0.523028
6.923211,0.523009
6.923621,0.522989
6.924031,0.522970
6.924441,0.522951
6.924851,0.522932
6.925261,0.522913
6.925671,0.522894
6.926081,0.522874
6.926491,0.522855
6.926901,0.522836
6.927311,0.522817
6.927721,0.522798
6.928131,0.522778
6.928541,0.522760
6.928951,0.522741
6.929361,0.522721
6.929771,0.522702
6.930181,0.522684
6.930591,0.522664
6.931001,0.522645
6.931411,0.522626
6.931821,0.522607
6.932231,0.522588
6.932641,0.522569
6.933051,0.522550
6.933461,0.522531
6.933871,0.522512
6.934281,0.522493
6.934691,0.522474
6.935101,0.522454
6.935511,0.522436
6.935921,0.522417
6.936331,0.522398
6.936741,0.522379
6.937151,0.522360
6.937561,0.522341
6.937971,0.522323
6.938381,0.522304
6.938791,0.522285
6.939201,0.522265
6.939611,0.522247
6.940021,0.522228
6.940431,0.522209
6.940841,0.522191
6.941251,0.522171
6.941661,0.522153
6.942071,0.522133
6.942481,0.522115
6.942891,0.522096
6.943301,0.522077
6.943711,0.522058
6.944121,0.522040
6.944531,0.522021
6.944941,0.522002
6.945352,0.521983
6.945762,0.521964
6.946172,0.521945
6.946582,0.521927
6.946992,0.521909
6.947402,0.521890
6.947812,0.521871
6.948222,0.521852
6.948632,0.521833
6.949042,0.521814
6.949452,0.521796
6.949862,0.521777
6.950272,0.521758
6.950682,0.521740
6.951092,0.521721
6.951502,0.521702
6.951912,0.521684
6.952322,0.521665
6.952732,0.521646
6.953142,0.521628
6.953552,0.521610
6.953962,0.521591
6.954372,0.521572
6.954782,0.521553
6.955192,0.521535
6.955602,0.521516
6.956012,0.521497
6.956422,0.521479
6.956832,0.521460
6.957242,0.521442
6.957652,0.521424
6.958062,0.521405
6.958472,0.521386
6.958882,0.521368
6.959292,0.521349
6.959702,0.521331
6.960112,0.521312
6.960522,0.521294
6.960932,0.521275
6.961342,0.521257
6.961752,0.521238
6.962162,0.521220
6.962572,0.521201
6.962982,0.521183
6.963392,0.521165
6.963802,0.521145
6.964212,0.521128
6.964622,0.521109
6.965032,0.521091
6.965442,0.521072
6.965852,0.521054
6.966262,0.521035
6.966672,0.521017
6.967082,0.520999
6.967492,0.520981
6.967902,0.520962
6.968312,0.520944
6.968722,0.520925
6.969132,0.520907
6.969542,0.520889
6.969952,0.520871
6.970362,0.520852
6.970772,0.520834
6.971182,0.520816
6.971592,0.520798
6.972002,0.520779
6.972412,0.520761
6.972822,0.520742
6.973232,0.520724
6.973642,0.520705
6.974052,0.520688
6.974462,0.520669
6.974872,0.520651
6.975283,0.520633
6.975693,0.520614
6.976103,0.520597
6.976513,0.520579
6.976923,0.520560
6.977333,0.520542
6.977743,0.520524
6.978153,0.520506
6.978563,0.520488
6.978973,0.520470
6.979383,0.520451
6.979793,0.520434
6.980203,0.520416
6.980613,0.520397
6.981023,0.520379
6.981433,0.520360
6.981843,0.520343
6.982253,0.520325
6.982663,0.520307
6.983073,0.520288
6.983483,0.520270
6.983893,0.520252
6.984303,0.520234
6.984713,0.520216
6.985123,0.520198
6.985533,0.520180
6.985943,0.520162
6.986353,0.520144
6.986763,0.520126
6.987173,0.520108
6.987583,0.520090
6.987993,0.520071
6.988403,0.520054
6.988813,0.520036
6.989223,0.520018
6.989633,0.520000
6.990043,0.519982
6.990453,0.519965
6.990863,0.519946
6.991273,0.519929
6.991683,0.519910
6.992093,0.519893
6.992503,0.519874
6.992913,0.519856
6.993323,0.519839
6.993733,0.519821
6.994143,0.519803
6.994553,0.519786
6.994963,0.519768
6.995373,0.519750
6.995783,0.519732
6.996193,0.519714
6.996603,0.519696
6.997013,0.519678
6.997423,0.519660
6.997833,0.519642
6.998243,0.519625
6.998653,0.519607
6.999063,0.519589
6.999473,0.519571
6.999883,0.519554
7.000293,0.519536
7.000703,0.519518
7.001113,0.519501
7.001523,0.519483
7.001933,0.519465
7.002343,0.519447
7.002753,0.519430
7.003163,0.519412
7.003573,0.519394
7.003983,0.519376
7.004393,0.519359
7.004803,0.519341
7.005214,0.519324
7.005624,0.519306
7.006034,0.519289
7.006444,0.519270
7.006854,0.519252
7.007264,0.519235
7.007674,0.519218
7.008084,0.519200
7.008494,0.519182
7.008904,0.519165
7.009314,0.519147
7.009724,0.519129
7.010134,0.519112
7.010544,0.519095
7.010954,0.519077
7.011364,0.519059
7.011774,0.519042
7.012184,0.519024
7.012594,0.519007
7.013004,0.518989
7.013414,0.518971
7.013824,0.518954
7.014234,0.518936
7.014644,0.518919
7.015054,0.518901
7.015464,0.518884
7.015874,0.518866
7.016284,0.518849
7.016694,0.518832
7.017104,0.518814
7.017514,0.518796
7.017924,0.518779
7.018334,0.518762
7.018744,0.518744
7.019154,0.518727
7.019564,0.518709
7.019974,0.518692
7.020384,0.518675
7.020794,0.518657
7.021204,0.518640
7.021614,0.518623
7.022024,0.518605
7.022434,0.518587
7.022844,0.518570
7.023254,0.518553
7.023664,0.518535
7.024074,0.518518
7.024484,0.518501
7.024894,0.518483
7.025304,0.518466
7.025714,0.518449
7.026124,0.518432
7.026534,0.518414
7.026944,0.518397
7.027354,0.518380
7.027764,0.518363
7.028174,0.518345
7.028584,0.518328
7.028994,0.518311
7.029404,0.518294
7.029814,0.518277
7.030224,0.518259
7.030634,0.518242
7.031044,0.518224
7.031454,0.518207
7.031864,0.518190
7.032274,0.518173
7.032684,0.518155
7.033094,0.518138
7.033504,0.518121
7.033914,0.518104
7.034324,0.518087
7.034734,0.518070
7.035145,0.518053
7.035555,0.518035
7.035965,0.518019
7.036375,0.518001
7.036785,0.517985
7.037195,0.517967
7.037605,0.517950
7.038015,0.517933
7.038425,0.517916
7.038835,0.517900
7.039245,0.517882
7.039655,0.517865
7.040065,0.517848
7.040475,0.517831
7.040885,0.517814
7.041295,0.517796
7.041705,0.517780
7.042115,0.517762
7.042525,0.517745
7.042935,0.517729
7.043345,0.517712
7.043755,0.517694
7.044165,0.517677
7.044575,0.517660
7.044985,0.517644
7.045395,0.517626
7.045805,0.517610
7.046215,0.517593
7.046625,0.517576
7.047035,0.517559
7.047445,0.517542
7.047855,0.517525
7.048265,0.517508
7.048675,0.517491
7.049085,0.517475
7.049495,0.517457
7.049905,0.517440
7.050315,0.517423
7.050725,0.517406
7.051135,0.517390
7.051545,0.517372
7.051955,0.517356
7.052365,0.517339
7.052775,0.517323
7.053185,0.517305
7.053595,0.517289
7.054005,0.517271
7.054415,0.517255
7.054825,0.517238
7.055235,0.517221
7.055645,0.517204
7.056055,0.517188
7.056465,0.517171
7.056875,0.517154
7.057285,0.517137
7.057695,0.517120
7.058105,0.517104
7.058515,0.517087
7.058925,0.517070
7.059335,0.517054
7.059745,0.517038
7.060155,0.517020
7.060565,0.517003
7.060975,0.516987
7.061385,0.516970
7.061795,0.516953
7.062205,0.516937
7.062615,0.516920
7.063025,0.516903
7.063435,0.516886
7.063845,0.516870
7.064255,0.516854
7.064665,0.516837
7.065076,0.516821
7.065486,0.516804
7.065896,0.516787
7.066306,0.516771
7.066716,0.516753
7.067126,0.516737
7.067536,0.516721
7.067946,0.516704
7.068356,0.516687
7.068766,0.516671
7.069176,0.516654
7.069586,0.516637
7.069996,0.516621
7.070406,0.516605
7.070816,0.516588
7.071226,0.516572
7.071636,0.516555
7.072046,0.516538
7.072456,0.516522
7.072866,0.516505
7.073276,0.516489
7.073686,0.516472
7.074096,0.516456
7.074506,0.516439
7.074916,0.516422
7.075326,0.516406
7.075736,0.516390
7.076146,0.516374
7.076556,0.516357
7.076966,0.516341
7.077376,0.516324
7.077786,0.516308
7.078196,0.516291
7.078606,0.516275
7.079016,0.516259
7.079426,0.516242
7.079836,0.516226
7.080246,0.516209
7.080656,0.516193
7.081066,0.516177
7.081476,0.516160
7.081886,0.516144
7.082296,0.516128
7.082706,0.516111
7.083116,0.516095
7.083526,0.516079
7.083936,0.516062
7.084346,0.516046
7.084756,0.516029
7.085166,0.516013
7.085576,0.515997
7.085986,0.515981
7.086396,0.515964
7.086806,0.515948
7.087216,0.515932
7.087626,0.515916
7.088036,0.515899
7.088446,0.515883
7.088856,0.515866
7.089266,0.515851
7.089676,0.515835
7.090086,0.515818
7.090496,0.515802
7.090906,0.515786
7.091316,0.515770
7.091726,0.515753
7.092136,0.515737
7.092546,0.515721
7.092956,0.515705
7.093366,0.515689
7.093776,0.515672
7.094186,0.515656
7.094596,0.515641
7.095007,0.515624
7.095417,0.515608
7.095827,0.515592
7.096237,0.515576
7.096647,0.515559
7.097057,0.515543
7.097467,0.515528
7.097877,0.515512
7.098287,0.515495
7.098697,0.515479
7.099107,0.515462
7.099517,0.515447
7.099927,0.515430
7.100337,0.515415
7.100747,0.515399
7.101157,0.515383
7.101567,0.515367
7.101977,0.515351
7.102387,0.515334
7.102797,0.515319
7.103207,0.515302
7.103617,0.515287
7.104027,0.515271
7.104437,0.515255
7.104847,0.515239
7.105257,0.515222
7.105667,0.515207
7.106077,0.515190
7.106487,0.515175
7.106897,0.515159
7.107307,0.515143
7.107717,0.515127
7.108127,0.515112
7.108537,0.515095
7.108947,0.515079
7.109357,0.515063
7.109767,0.515047
7.110177,0.515032
7.110587,0.515016
7.110997,0.515000
7.111407,0.514984
7.111817,0.514968
7.112227,0.514952
7.112637,0.514937
7.113047,0.514920
7.113457,0.514904
7.113867,0.514889
7.114277,0.514873
7.114687,0.514857
7.115097,0.514841
7.115507,0.514825
7.115917,0.514810
7.116327,0.514794
7.116737,0.514778
7.117147,0.514763
7.117557,0.514748
7.117967,0.514731
7.118377,0.514715
7.118787,0.514700
7.119197,0.514684
7.119607,0.514667
7.120017,0.514653
7.120427,0.514636
7.120837,0.514621
7.121247,0.514605
7.121657,0.514589
7.122067,0.514573
7.122477,0.514558
7.122887,0.514542
7.123297,0.514527
7.123707,0.514511
7.124117,0.514495
7.124527,0.514480
7.124937,0.514464
7.125348,0.514448
7.125758,0.514432
7.126168,0.514417
7.126578,0.514401
7.126988,0.514386
7.127398,0.514370
7.127808,0.514354
7.128218,0.514339
7.128628,0.514324
7.129038,0.514308
7.129448,0.514292
7.129858,0.514276
7.130268,0.514261
7.130678,0.514244
7.131088,0.514230
7.131498,0.514214
7.131908,0.514198
7.132318,0.514183
7.132728,0.514168
7.133138,0.514152
7.133548,0.514137
7.133958,0.514121
7.134368,0.514106
7.134778,0.514090
7.135188,0.514074
7.135598,0.514058
7.136008,0.514044
7.136418,0.514028
7.136828,0.514012
7.137238,0.513997
7.137648,0.513982
7.138058,0.513967
7.138468,0.513951
7.138878,0.513935
7.139288,0.513920
7.139698,0.513904
7.140108,0.513889
7.140518,0.513874
7.140928,0.513858
7.141338,0.513843
7.141748,0.513828
7.142158,0.513812
7.142568,0.513797
7.142978,0.513781
7.143388,0.513766
7.143798,0.513750
7.144208,0.513735
7.144618,0.513720
7.145028,0.513705
7.145438,0.513689
7.145848,0.513675
7.146258,0.513658
7.146668,0.513643
7.147078,0.513628
7.147488,0.513613
7.147898,0.513597
7.148308,0.513582
7.148718,0.513567
7.149128,0.513551
7.149538,0.513537
7.149948,0.513521
7.150358,0.513505
7.150768,0.513491
7.151178,0.513475
7.151588,0.513460
7.151998,0.513445
7.152408,0.513429
7.152818,0.513414
7.153228,0.513399
7.153638,0.513384
7.154048,0.513369
7.154458,0.513353
7.154868,0.513338
7.155279,0.513323
7.155689,0.513308
7.156099,0.513293
7.156509,0.513277
7.156919,0.513263
7.157329,0.513247
7.157739,0.513232
7.158149,0.513217
7.158559,0.513202
7.158969,0.513186
7.159379,0.513171
7.159789,0.513156
7.160199,0.513141
7.160609,0.513126
7.161019,0.513110
7.161429,0.513096
7.161839,0.513081
7.162249,0.513066
7.162659,0.513051
7.163069,0.513036
7.163479,0.513020
7.163889,0.513006
7.164299,0.512990
7.164709,0.512975
7.165119,0.512960
7.165529,0.512945
7.165939,0.512931
7.166349,0.512915
7.166759,0.512900
7.167169,0.512885
7.167579,0.512870
7.167989,0.512856
7.168399,0.512840
7.168809,0.512825
7.169219,0.512810
7.169629,0.512796
7.170039,0.512780
7.170449,0.512766
7.170859,0.512751
7.171269,0.512736
7.171679,0.512721
7.172089,0.512706
7.172499,0.512691
7.172909,0.512677
7.173319,0.512661
7.173729,0.512646
7.174139,0.512631
7.174549,0.512617
7.174959,0.512601
7.175369,0.512586
7.175779,0.512572
7.176189,0.512557
7.176599,0.512542
7.177009,0.512527
7.177419,0.512513
7.177829,0.512497
7.178239,0.512482
7.178649,0.512468
7.179059,0.512453
7.179469,0.512438
7.179879,0.512424
7.180289,0.512409
7.180699,0.512394
7.181109,0.512379
7.181519,0.512364
7.181929,0.512349
7.182339,0.512334
7.182749,0.512320
7.183159,0.512305
7.183569,0.512289
7.183979,0.512276
7.184389,0.512261
7.184799,0.512246
7.185210,0.512230
7.185620,0.512217
7.186030,0.512202
7.186440,0.512187
7.186850,0.512173
7.187260,0.512158
7.187670,0.512142
7.188080,0.512128
7.188490,0.512114
7.188900,0.512099
7.189310,0.512084
7.189720,0.512069
7.190130,0.512055
7.190540,0.512040
7.190950,0.512026
7.191360,0.512011
7.191770,0.511996
7.192180,0.511982
7.192590,0.511967
7.193000,0.511953
7.193410,0.511938
7.193820,0.511923
7.194230,0.511909
7.194640,0.511894
7.195050,0.511879
7.195460,0.511864
7.195870,0.511850
7.196280,0.511836
7.196690,0.511821
7.197100,0.511807
7.197510,0.511792
7.197920,0.511777
7.198330,0.511763
7.198740,0.511749
7.199150,0.511734
7.199560,0.511719
7.199970,0.511705
7.200380,0.511691
7.200790,0.511676
7.201200,0.511661
7.201610,0.511647
7.202020,0.511633
7.202430,0.511618
7.202840,0.511604
7.203250,0.511589
7.203660,0.511575
7.204070,0.511560
7.204480,0.511546
7.204890,0.511531
7.205300,0.511517
7.205710,0.511502
7.206120,0.511488
7.206530,0.511474
7.206940,0.511459
7.207350,0.511445
7.207760,0.511430
7.208170,0.511416
7.208580,0.511402
7.208990,0.511387
7.209400,0.511373
7.209810,0.511358
7.210220,0.511344
7.210630,0.511329
7.211040,0.511315
7.211450,0.511301
7.211860,0.511286
7.212270,0.511273
7.212680,0.511257
7.213090,0.511243
7.213500,0.511229
7.213910,0.511215
7.214320,0.511201
7.214730,0.511186
7.215141,0.511172
7.215551,0.511158
7.215961,0.511144
7.216371,0.511129
7.216781,0.511115
7.217191,0.511100
7.217601,0.511087
7.218011,0.511072
7.218421,0.511058
7.218831,0.511044
7.219241,0.511029
7.219651,0.511015
7.220061,0.511001
7.220471,0.510987
7.220881,0.510973
7.221291,0.510958
7.221701,0.510944
7.222111,0.510930
7.222521,0.510916
7.222931,0.510902
7.223341,0.510887
7.223751,0.510873
7.224161,0.510859
7.224571,0.510844
7.224981,0.510831
7.225391,0.510816
7.225801,0.510803
7.226211,0.510789
7.226621,0.510774
7.227031,0.510760
7.227441,0.510746
7.227851,0.510732
7.228261,0.510718
7.228671,0.510704
7.229081,0.510689
7.229491,0.510676
7.229901,0.510661
7.230311,0.510647
7.230721,0.510633
7.231131,0.510619
7.231541,0.510605
7.231951,0.510591
7.232361,0.510578
7.232771,0.510562
7.233181,0.510549
7.233591,0.510534
7.234001,0.510521
7.234411,0.510506
7.234821,0.510493
7.235231,0.510478
7.235641,0.510465
7.236051,0.510450
7.236461,0.510436
7.236871,0.510422
7.237281,0.510409
7.237691,0.510395
7.238101,0.510381
7.238511,0.510367
7.238921,0.510353
7.239331,0.510339
7.239741,0.510326
7.240151,0.510311
7.240561,0.510297
7.240971,0.510284
7.241381,0.510269
7.241791,0.510256
7.242201,0.510241
7.242611,0.510228
7.243021,0.510214
7.243431,0.510200
7.243841,0.510186
7.244251,0.510171
7.244661,0.510158
7.245072,0.510145
7.245482,0.510131
7.245892,0.510116
7.246302,0.510103
7.246712,0.510089
7.247122,0.510075
7.247532,0.510061
7.247942,0.510048
7.248352,0.510034
7.248762,0.510020
7.249172,0.510006
7.249582,0.509992
7.249992,0.509978
7.250402,0.509964
7.250812,0.509951
7.251222,0.509937
7.251632,0.509923
7.252042,0.509909
7.252452,0.509896
7.252862,0.509882
7.253272,0.509868
7.253682,0.509854
7.254092,0.509840
7.254502,0.509827
7.254912,0.509813
7.255322,0.509799
7.255732,0.509786
7.256142,0.509772
7.256552,0.509758
7.256962,0.509745
7.257372,0.509731
7.257782,0.509717
7.258192,0.509703
7.258602,0.509690
7.259012,0.509676
7.259422,0.509662
7.259832,0.509649
7.260242,0.509635
7.260652,0.509622
7.261062,0.509608
7.261472,0.509594
7.261882,0.509581
7.262292,0.509567
7.262702,0.509553
7.263112,0.509539
7.263522,0.509526
7.263932,0.509513
7.264342,0.509499
7.264752,0.509486
7.265162,0.509471
7.265572,0.509458
7.265982,0.509444
7.266392,0.509431
7.266802,0.509417
7.267212,0.509404
7.267622,0.509390
7.268032,0.509377
7.268442,0.509364
7.268852,0.509350
7.269262,0.509336
7.269672,0.509323
7.270082,0.509309
7.270492,0.509296
7.270902,0.509282
7.271312,0.509268
7.271722,0.509255
7.272132,0.509241
7.272542,0.509228
7.272952,0.509215
7.273362,0.509202
7.273772,0.509188
7.274182,0.509174
7.274592,0.509161
7.275003,0.509147
7.275413,0.509133
7.275823,0.509120
7.276233,0.509107
7.276643,0.509093
7.277053,0.509080
7.277463,0.509066
7.277873,0.509053
7.278283,0.509039
7.278693,0.509026
7.279103,0.509013
7.279513,0.508999
7.279923,0.508986
7.280333,0.508973
7.280743,0.508959
7.281153,0.508946
7.281563,0.508933
7.281973,0.508920
7.282383,0.508906
7.282793,0.508893
7.283203,0.508880
7.283613,0.508865
7.284023,0.508852
7.284433,0.508839
7.284843,0.508826
7.285253,0.508813
7.285663,0.508799
7.286073,0.508785
7.286483,0.508773
7.286893,0.508759
7.287303,0.508746
7.287713,0.508733
7.288123,0.508720
7.288533,0.508706
7.288943,0.508693
7.289353,0.508679
7.289763,0.508666
7.290173,0.508653
7.290583,0.508640
7.290993,0.508627
7.291403,0.508613
7.291813,0.508600
7.292223,0.508587
7.292633,0.508573
7.293043,0.508560
7.293453,0.508547
7.293863,0.508534
7.294273,0.508521
7.294683,0.508508
7.295093,0.508495
7.295503,0.508481
7.295913,0.508468
7.296323,0.508455
7.296733,0.508442
7.297143,0.508429
7.297553,0.508415
7.297963,0.508402
7.298373,0.508390
7.298783,0.508376
7.299193,0.508362
7.299603,0.508350
7.300013,0.508337
7.300423,0.508323
7.300833,0.508310
7.301243,0.508297
7.301653,0.508284
7.302063,0.508272
7.302473,0.508258
7.302883,0.508245
7.303293,0.508232
7.303703,0.508219
7.304113,0.508205
7.304523,0.508193
7.304933,0.508180
7.305344,0.508167
7.305754,0.508154
7.306164,0.508141
7.306574,0.508127
7.306984,0.508115
7.307394,0.508102
7.307804,0.508088
7.308214,0.508076
7.308624,0.508062
7.309034,0.508049
7.309444,0.508036
7.309854,0.508023
7.310264,0.508010
7.310674,0.507998
7.311084,0.507984
7.311494,0.507971
7.311904,0.507958
7.312314,0.507945
7.312724,0.507932
7.313134,0.507920
7.313544,0.507907
7.313954,0.507894
7.314364,0.507881
7.314774,0.507868
7.315184,0.507855
7.315594,0.507842
7.316004,0.507829
7.316414,0.507816
7.316824,0.507803
7.317234,0.507790
7.317644,0.507777
7.318054,0.507764
7.318464,0.507751
7.318874,0.507739
7.319284,0.507726
7.319694,0.507714
7.320104,0.507700
7.320514,0.507687
7.320924,0.507675
7.321334,0.507662
7.321744,0.507649
7.322154,0.507636
7.322564,0.507623
7.322974,0.507610
7.323384,0.507598
7.323794,0.507585
7.324204,0.507571
7.324614,0.507559
7.325024,0.507546
7.325434,0.507534
7.325844,0.507521
7.326254,0.507508
7.326664,0.507495
7.327074,0.507482
7.327484,0.507470
7.327894,0.507457
7.328304,0.507444
7.328714,0.507431
7.329124,0.507419
7.329534,0.507406
7.329944,0.507393
7.330354,0.507380
7.330764,0.507368
7.331174,0.507355
7.331584,0.507342
7.331994,0.507329
7.332404,0.507317
7.332814,0.507304
7.333224,0.507292
7.333634,0.507279
7.334044,0.507266
7.334454,0.507254
7.334864,0.507241
7.335275,0.507228
7.335685,0.507216
7.336095,0.507203
7.336505,0.507191
7.336915,0.507178
7.337325,0.507165
7.337735,0.507152
7.338145,0.507139
7.338555,0.507127
7.338965,0.507115
7.339375,0.507102
7.339785,0.507089
7.340195,0.507076
7.340605,0.507064
7.341015,0.507051
7.341425,0.507038
7.341835,0.507026
7.342245,0.507013
7.342655,0.507001
7.343065,0.506988
7.343475,0.506975
7.343885,0.506963
7.344295,0.506951
7.344705,0.506938
7.345115,0.506926
7.345525,0.506913
7.345935,0.506900
7.346345,0.506888
7.346755,0.506875
7.347165,0.506863
7.347575,0.506851
7.347985,0.506838
7.348395,0.506826
7.348805,0.506813
7.349215,0.506801
7.349625,0.506788
7.350035,0.506776
7.350445,0.506763
7.350855,0.506751
7.351265,0.506738
7.351675,0.506725
7.352085,0.506713
7.352495,0.506701
7.352905,0.506688
7.353315,0.506675
7.353725,0.506664
7.354135,0.506651
7.354545,0.506638
7.354955,0.506626
7.355365,0.506614
7.355775,0.506601
7.356185,0.506589
7.356595,0.506577
7.357005,0.506564
7.357415,0.506552
7.357825,0.506539
7.358235,0.506527
7.358645,0.506515
7.359055,0.506503
7.359465,0.506490
7.359875,0.506477
7.360285,0.506465
7.360695,0.506453
7.361105,0.506441
7.361515,0.506428
7.361925,0.506416
7.362335,0.506404
7.362745,0.506391
7.363155,0.506379
7.363565,0.506367
7.363975,0.506355
7.364385,0.506342
7.364795,0.506330
7.365206,0.506317
7.365616,0.506305
7.366026,0.506293
7.366436,0.506281
7.366846,0.506268
7.367256,0.506256
7.367666,0.506244
7.368076,0.506231
7.368486,0.506220
7.368896,0.506207
7.369306,0.506194
7.369716,0.506183
7.370126,0.506170
7.370536,0.506158
7.370946,0.506146
7.371356,0.506134
7.371766,0.506122
7.372176,0.506110
7.372586,0.506097
7.372996,0.506085
7.373406,0.506073
7.373816,0.506060
7.374226,0.506049
7.374636,0.506036
7.375046,0.506024
7.375456,0.506012
7.375866,0.506000
7.376276,0.505988
7.376686,0.505975
7.377096,0.505963
7.377506,0.505951
7.377916,0.505939
7.378326,0.505927
7.378736,0.505915
7.379146,0.505903
7.379556,0.505891
7.379966,0.505879
7.380376,0.505867
7.380786,0.505854
7.381196,0.505842
7.381606,0.505830
7.382016,0.505818
7.382426,0.505806
7.382836,0.505794
7.383246,0.505782
7.383656,0.505770
7.384066,0.505757
7.384476,0.505746
7.384886,0.505733
7.385296,0.505721
7.385706,0.505710
7.386116,0.505697
7.386526,0.505685
7.386936,0.505673
7.387346,0.505661
7.387756,0.505650
7.388166,0.505637
7.388576,0.505625
7.388986,0.505613
7.389396,0.505602
7.389806,0.505590
7.390216,0.505577
7.390626,0.505566
7.391036,0.505553
7.391446,0.505541
7.391856,0.505530
7.392266,0.505518
7.392676,0.505505
7.393086,0.505494
7.393496,0.505482
7.393906,0.505470
7.394316,0.505458
7.394726,0.505446
7.395137,0.505434
7.395547,0.505422
7.395957,0.505410
7.396367,0.505399
7.396777,0.505386
7.397187,0.505375
7.397597,0.505363
7.398007,0.505351
7.398417,0.505339
7.398827,0.505327
7.399237,0.505315
7.399647,0.505303
7.400057,0.505291
7.400467,0.505279
7.400877,0.505268
7.401287,0.505256
7.401697,0.505243
7.402107,0.505232
7.402517,0.505220
7.402927,0.505208
7.403337,0.505196
7.403747,0.505185
7.404157,0.505173
7.404567,0.505161
7.404977,0.505149
7.405387,0.505137
7.405797,0.505126
7.406207,0.505114
7.406617,0.505102
7.407027,0.505090
7.407437,0.505079
7.407847,0.505067
7.408257,0.505055
7.408667,0.505043
7.409077,0.505031
7.409487,0.505020
7.409897,0.505008
7.410307,0.504996
7.410717,0.504985
7.411127,0.504973
7.411537,0.504961
7.411947,0.504949
7.412357,0.504938
7.412767,0.504926
7.413177,0.504915
7.413587,0.504902
7.413997,0.504891
7.414407,0.504879
7.414817,0.504867
7.415227,0.504855
7.415637,0.504844
7.416047,0.504833
7.416457,0.504821
7.416867,0.504809
7.417277,0.504797
7.417687,0.504785
7.418097,0.504774
7.418507,0.504762
7.418917,0.504750
7.419327,0.504740
7.419737,0.504727
7.420147,0.504716
7.420557,0.504704
7.420967,0.504692
7.421377,0.504681
7.421787,0.504669
7.422197,0.504657
7.422607,0.504646
7.423017,0.504635
7.423427,0.504623
7.423837,0.504611
7.424247,0.504600
7.424657,0.504588
7.425068,0.504577
7.425478,0.504565
7.425888,0.504554
7.426298,0.504542
7.426708,0.504530
7.427118,0.504519
7.427528,0.504507
7.427938,0.504496
7.428348,0.504485
7.428758,0.504472
7.429168,0.504462
7.429578,0.504449
7.429988,0.504438
7.430398,0.504426
7.430808,0.504416
7.431218,0.504403
7.431628,0.504392
7.432038,0.504381
7.432448,0.504369
7.432858,0.504357
7.433268,0.504346
7.433678,0.504334
7.434088,0.504323
7.434498,0.504311
7.434908,0.504300
7.435318,0.504289
7.435728,0.504277
7.436138,0.504266
7.436548,0.504254
7.436958,0.504243
7.437368,0.504232
7.437778,0.504220
7.438188,0.504209
7.438598,0.504198
7.439008,0.504186
7.439418,0.504175
7.439828,0.504163
7.440238,0.504152
7.440648,0.504140
7.441058,0.504129
7.441468,0.504117
7.441878,0.504107
7.442288,0.504095
7.442698,0.504083
7.443108,0.504073
7.443518,0.504061
7.443928,0.504050
7.444338,0.504039
7.444748,0.504027
7.445158,0.504016
7.445568,0.504004
7.445978,0.503993
7.446388,0.503982
7.446798,0.503970
7.447208,0.503959
7.447618,0.503948
7.448028,0.503936
7.448438,0.503925
7.448848,0.503913
7.449258,0.503902
7.449668,0.503891
7.450078,0.503880
7.450488,0.503868
7.450898,0.503857
7.451308,0.503846
7.451718,0.503835
7.452128,0.503823
7.452538,0.503812
7.452948,0.503801
7.453358,0.503789
7.453768,0.503778
7.454178,0.503767
7.454588,0.503756
7.454998,0.503744
7.455409,0.503734
7.455819,0.503723
7.456229,0.503711
7.456639,0.503700
7.457049,0.503689
7.457459,0.503677
7.457869,0.503666
7.458279,0.503656
7.458689,0.503644
7.459099,0.503633
7.459509,0.503621
7.459919,0.503610
7.460329,0.503599
7.460739,0.503588
7.461149,0.503577
7.461559,0.503566
7.461969,0.503554
7.462379,0.503544
7.462789,0.503532
7.463199,0.503521
7.463609,0.503510
7.464019,0.503499
7.464429,0.503488
7.464839,0.503477
7.465249,0.503466
7.465659,0.503454
7.466069,0.503443
7.466479,0.503433
7.466889,0.503421
7.467299,0.503410
7.467709,0.503399
7.468119,0.503388
7.468529,0.503376
7.468939,0.503366
7.469349,0.503355
7.469759,0.503343
7.470169,0.503333
7.470579,0.503321
7.470989,0.503310
7.471399,0.503299
7.471809,0.503289
7.472219,0.503277
7.472629,0.503266
7.473039,0.503255
7.473449,0.503244
7.473859,0.503233
7.474269,0.503222
7.474679,0.503211
7.475089,0.503200
7.475499,0.503189
7.475909,0.503178
7.476319,0.503167
7.476729,0.503156
7.477139,0.503145
7.477549,0.503134
7.477959,0.503123
7.478369,0.503112
7.478779,0.503101
7.479189,0.503090
7.479599,0.503079
7.480009,0.503068
7.480419,0.503058
7.480829,0.503047
7.481239,0.503036
7.481649,0.503025
7.482059,0.503014
7.482469,0.503003
7.482879,0.502992
7.483289,0.502981
7.483699,0.502970
7.484109,0.502959
7.484519,0.502948
7.484929,0.502937
7.485340,0.502927
7.485750,0.502915
7.486160,0.502905
7.486570,0.502893
7.486980,0.502883
7.487390,0.502872
7.487800,0.502861
7.488210,0.502850
7.488620,0.502839
7.489030,0.502828
7.489440,0.502818
7.489850,0.502807
7.490260,0.502796
7.490670,0.502785
7.491080,0.502775
7.491490,0.502764
7.491900,0.502752
7.492310,0.502742
7.492720,0.502731
7.493130,0.502720
7.493540,0.502709
7.493950,0.502699
7.494360,0.502688
7.494770,0.502677
7.495180,0.502666
7.495590,0.502655
7.496000,0.502645
7.496410,0.502634
7.496820,0.502624
7.497230,0.502612
7.497640,0.502602
7.498050,0.502591
7.498460,0.502580
7.498870,0.502570
7.499280,0.502559
7.499690,0.502548
7.500100,0.502538
7.500510,0.502527
7.500920,0.502516
7.501330,0.502505
7.501740,0.502494
7.502150,0.502484
7.502560,0.502473
7.502970,0.502463
7.503380,0.502452
7.503790,0.502441
7.504200,0.502430
7.504610,0.502419
7.505020,0.502409
7.505430,0.502398
7.505840,0.502387
7.506250,0.502377
7.506660,0.502366
7.507070,0.502357
7.507480,0.502345
7.507890,0.502334
7.508300,0.502323
7.508710,0.502313
7.509120,0.502303
7.509530,0.502291
7.509940,0.502281
7.510350,0.502270
7.510760,0.502260
7.511170,0.502249
7.511580,0.502239
7.511990,0.502228
7.512400,0.502217
7.512810,0.502207
7.513220,0.502197
7.513630,0.502186
7.514040,0.502175
7.514450,0.502164
7.514860,0.502154
7.515271,0.502144
7.515681,0.502133
7.516091,0.502123
7.516501,0.502112
7.516911,0.502101
7.517321,0.502091
7.517731,0.502079
7.518141,0.502069
7.518551,0.502059
7.518961,0.502048
7.519371,0.502038
7.519781,0.502027
7.520191,0.502017
7.520601,0.502006
7.521011,0.501996
7.521421,0.501985
7.521831,0.501975
7.522241,0.501965
7.522651,0.501954
7.523061,0.501944
7.523471,0.501933
7.523881,0.501922
7.524291,0.501912
7.524701,0.501901
7.525111,0.501891
7.525521,0.501881
7.525931,0.501870
7.526341,0.501860
7.526751,0.501849
7.527161,0.501839
7.527571,0.501828
7.527981,0.501817
7.528391,0.501807
7.528801,0.501797
7.529211,0.501786
7.529621,0.501777
7.530031,0.501766
7.530441,0.501755
7.530851,0.501745
7.531261,0.501734
7.531671,0.501725
7.532081,0.501714
7.532491,0.501703
7.532901,0.501693
7.533311,0.501683
7.533721,0.501673
7.534131,0.501662
7.534541,0.501652
7.534951,0.501641
7.535361,0.501631
7.535771,0.501620
7.536181,0.501610
7.536591,0.501600
7.537001,0.501590
7.537411,0.501579
7.537821,0.501569
7.538231,0.501558
7.538641,0.501548
7.539051,0.501538
7.539461,0.501527
7.539871,0.501517
7.540281,0.501507
7.540691,0.501496
7.541101,0.501486
7.541511,0.501476
7.541921,0.501465
7.542331,0.501455
7.542741,0.501445
7.543151,0.501435
7.543561,0.501424
7.543971,0.501414
7.544381,0.501405
7.544791,0.501394
7.545202,0.501384
7.545612,0.501373
7.546022,0.501363
7.546432,0.501353
7.546842,0.501343
7.547252,0.501333
7.547662,0.501322
7.548072,0.501311
7.548482,0.501301
7.548892,0.501291
7.549302,0.501281
7.549712,0.501271
7.550122,0.501261
7.550532,0.501250
7.550942,0.501241
7.551352,0.501230
7.551762,0.501220
7.552172,0.501210
7.552582,0.501200
7.552992,0.501189
7.553402,0.501180
7.553812,0.501170
7.554222,0.501159
7.554632,0.501149
7.555042,0.501139
7.555452,0.501129
7.555862,0.501119
7.556272,0.501108
7.556682,0.501098
7.557092,0.501088
7.557502,0.501078
7.557912,0.501068
7.558322,0.501057
7.558732,0.501048
7.559142,0.501038
7.559552,0.501027
7.559962,0.501017
7.560372,0.501007
7.560782,0.500997
7.561192,0.500987
7.561602,0.500977
7.562012,0.500966
7.562422,0.500957
7.562832,0.500946
7.563242,0.500937
7.563652,0.500927
7.564062,0.500917
7.564472,0.500906
7.564882,0.500896
7.565292,0.500886
7.565702,0.500875
7.566112,0.500866
7.566522,0.500856
7.566932,0.500846
7.567342,0.500836
7.567752,0.500826
7.568162,0.500816
7.568572,0.500806
7.568982,0.500796
7.569392,0.500786
7.569802,0.500776
7.570212,0.500766
7.570622,0.500756
7.571032,0.500746
7.571442,0.500736
7.571852,0.500726
7.572262,0.500717
7.572672,0.500706
7.573082,0.500696
7.573492,0.500686
7.573902,0.500676
7.574312,0.500666
7.574722,0.500656
7.575133,0.500646
7.575543,0.500636
7.575953,0.500627
7.576363,0.500616
7.576773,0.500607
7.577183,0.500597
7.577593,0.500587
7.578003,0.500577
7.578413,0.500567
7.578823,0.500557
7.579233,0.500547
7.579643,0.500537
7.580053,0.500527
7.580463,0.500517
7.580873,0.500507
7.581283,0.500497
7.581693,0.500488
7.582103,0.500478
7.582513,0.500468
7.582923,0.500458
7.583333,0.500448
7.583743,0.500438
7.584153,0.500428
7.584563,0.500418
7.584973,0.500409
7.585383,0.500399
7.585793,0.500389
7.586203,0.500379
7.586613,0.500369
7.587023,0.500359
7.587433,0.500350
7.587843,0.500340
7.588253,0.500330
7.588663,0.500320
7.589073,0.500311
7.589483,0.500301
7.589893,0.500291
7.590303,0.500280
7.590713,0.500272
7.591123,0.500261
7.591533,0.500252
7.591943,0.500242
7.592353,0.500232
7.592763,0.500222
7.593173,0.500213
7.593583,0.500203
7.593993,0.500192
7.594403,0.500183
7.594813,0.500173
7.595223,0.500164
7.595633,0.500153
7.596043,0.500144
7.596453,0.500134
7.596863,0.500124
7.597273,0.500114
7.597683,0.500105
7.598093,0.500095
7.598503,0.500086
7.598913,0.500076
7.599323,0.500067
7.599733,0.500057
7.600143,0.500047
7.600553,0.500037
7.600963,0.500027
7.601373,0.500018
7.601783,0.500008
7.602193,0.499998
7.602603,0.499988
7.603013,0.499979
7.603423,0.499969
7.603833,0.499959
7.604243,0.499950
7.604653,0.499940
7.605064,0.499931
7.605474,0.499921
7.605884,0.499912
7.606294,0.499901
7.606704,0.499892
7.607114,0.499883
7.607524,0.499873
7.607934,0.499863
7.608344,0.499854
7.608754,0.499844
7.609164,0.499834
7.609574,0.499825
7.609984,0.499815
7.610394,0.499805
7.610804,0.499796
7.611214,0.499786
7.611624,0.499777
7.612034,0.499767
7.612444,0.499758
7.612854,0.499748
7.613264,0.499738
7.613674,0.499729
7.614084,0.499719
7.614494,0.499710
7.614904,0.499700
7.615314,0.499691
7.615724,0.499681
7.616134,0.499672
7.616544,0.499662
7.616954,0.499653
7.617364,0.499643
7.617774,0.499633
7.618184,0.499623
7.618594,0.499614
7.619004,0.499604
7.619414,0.499595
7.619824,0.499585
7.620234,0.499576
7.620644,0.499566
7.621054,0.499557
7.621464,0.499548
7.621874,0.499538
7.622284,0.499529
7.622694,0.499519
7.623104,0.499510
7.623514,0.499500
7.623924,0.499490
7.624334,0.499481
7.624744,0.499472
7.625154,0.499462
7.625564,0.499453
7.625974,0.499443
7.626384,0.499434
7.626794,0.499425
7.627204,0.499415
7.627614,0.499406
7.628024,0.499396
7.628434,0.499386
7.628844,0.499377
7.629254,0.499367
7.629664,0.499359
7.630074,0.499349
7.630484,0.499340
7.630894,0.499330
7.631304,0.499321
7.631714,0.499311
7.632124,0.499302
7.632534,0.499293
7.632944,0.499283
7.633354,0.499274
7.633764,0.499264
7.634174,0.499255
7.634584,0.499245
7.634994,0.499237
7.635405,0.499226
7.635815,0.499218
7.636225,0.499208
7.636635,0.499198
7.637045,0.499189
7.637455,0.499180
7.637865,0.499171
7.638275,0.499161
7.638685,0.499152
7.639095,0.499142
7.639505,0.499133
7.639915,0.499124
7.640325,0.499115
7.640735,0.499105
7.641145,0.499097
7.641555,0.499087
7.641965,0.499077
7.642375,0.499068
7.642785,0.499058
7.643195,0.499050
7.643605,0.499040
7.644015,0.499031
7.644425,0.499022
7.644835,0.499012
7.645245,0.499003
7.645655,0.498994
7.646065,0.498985
7.646475,0.498975
7.646885,0.498965
7.647295,0.498956
7.647705,0.498948
7.648115,0.498939
7.648525,0.498929
7.648935,0.498920
7.649345,0.498911
7.649755,0.498902
7.650165,0.498892
7.650575,0.498883
7.650985,0.498874
7.651395,0.498864
7.651805,0.498855
7.652215,0.498846
7.652625,0.498836
7.653035,0.498828
7.653445,0.498818
7.653855,0.498809
7.654265,0.498800
7.654675,0.498791
7.655085,0.498781
7.655495,0.498773
7.655905,0.498763
7.656315,0.498753
7.656725,0.498745
7.657135,0.498736
7.657545,0.498726
7.657955,0.498717
7.658365,0.498709
7.658775,0.498699
7.659185,0.498690
7.659595,0.498680
7.660005,0.498672
7.660415,0.498663
7.660825,0.498653
7.661235,0.498644
7.661645,0.498635
7.662055,0.498626
7.662465,0.498617
7.662875,0.498608
7.663285,0.498599
7.663695,0.498590
7.664105,0.498581
7.664515,0.498571
7.664925,0.498562
7.665336,0.498553
7.665746,0.498544
7.666156,0.498535
7.666566,0.498526
7.666976,0.498516
7.667386,0.498508
7.667796,0.498499
7.668206,0.498489
7.668616,0.498480
7.669026,0.498471
7.669436,0.498462
7.669846,0.498454
7.670256,0.498445
7.670666,0.498435
7.671076,0.498426
7.671486,0.498417
7.671896,0.498408
7.672306,0.498399
7.672716,0.498390
7.673126,0.498381
7.673536,0.498372
7.673946,0.498363
7.674356,0.498354
7.674766,0.498345
7.675176,0.498336
7.675586,0.498327
7.675996,0.498318
7.676406,0.498309
7.676816,0.498300
7.677226,0.498291
7.677636,0.498282
7.678046,0.498273
7.678456,0.498264
7.678866,0.498255
7.679276,0.498246
7.679686,0.498238
7.680096,0.498228
7.680506,0.498220
7.680916,0.498210
7.681326,0.498202
7.681736,0.498192
7.682146,0.498183
7.682556,0.498175
7.682966,0.498166
7.683376,0.498157
7.683786,0.498148
7.684196,0.498139
7.684606,0.498130
7.685016,0.498121
7.685426,0.498112
7.685836,0.498104
7.686246,0.498095
7.686656,0.498086
7.687066,0.498076
7.687476,0.498068
7.687886,0.498059
7.688296,0.498050
7.688706,0.498041
7.689116,0.498032
7.689526,0.498024
7.689936,0.498015
7.690346,0.498006
7.690756,0.497996
7.691166,0.497988
7.691576,0.497979
7.691986,0.497970
7.692396,0.497962
7.692806,0.497953
7.693216,0.497944
7.693626,0.497934
7.694036,0.497926
7.694446,0.497917
7.694856,0.497908
7.695267,0.497900
7.695677,0.497891
7.696087,0.497882
7.696497,0.497873
7.696907,0.497864
7.697317,0.497855
7.697727,0.497847
7.698137,0.497838
7.698547,0.497828
7.698957,0.497820
7.699367,0.497811
7.699777,0.497803
7.700187,0.497794
7.700597,0.497785
7.701007,0.497777
7.701417,0.497767
7.701827,0.497759
7.702237,0.497750
7.702647,0.497741
7.703057,0.497733
7.703467,0.497723
7.703877,0.497715
7.704287,0.497706
7.704697,0.497697
7.705107,0.497689
7.705517,0.497680
7.705927,0.497672
7.706337,0.497663
7.706747,0.497653
7.707157,0.497645
7.707567,0.497636
7.707977,0.497627
7.708387,0.497619
7.708797,0.497610
7.709207,0.497602
7.709617,0.497593
7.710027,0.497584
7.710437,0.497580
7.710847,0.497577
7.711257,0.497575
7.711667,0.497572
7.712077,0.497570
7.712487,0.497567
7.712897,0.497565
7.713307,0.497563
7.713717,0.497560
7.714127,0.497558
7.714537,0.497555
7.714947,0.497553
7.715357,0.497550
7.715767,0.497548
7.716177,0.497545
7.716587,0.497543
7.716997,0.497541
7.717407,0.497538
7.717817,0.497536
7.718227,0.497533
7.718637,0.497531
7.719047,0.497528
7.719457,0.497526
7.719867,0.497523
7.720277,0.497521
7.720687,0.497519
7.721097,0.497516
7.721507,0.497514
7.721917,0.497512
7.722327,0.497509
7.722737,0.497507
7.723147,0.497504
7.723557,0.497502
7.723967,0.497499
7.724377,0.497497
7.724787,0.497495
7.725198,0.497492
7.725608,0.497490
7.726018,0.497487
7.726428,0.497485
7.726838,0.497483
7.727248,0.497480
7.727658,0.497478
7.728068,0.497476
7.728478,0.497473
7.728888,0.497471
7.729298,0.497468
7.729708,0.497466
7.730118,0.497463
7.730528,0.497461
7.730938,0.497459
7.731348,0.497456
7.731758,0.497454
7.732168,0.497452
7.732578,0.497449
7.732988,0.497447
7.733398,0.497444
7.733808,0.497442
7.734218,0.497440
7.734628,0.497437
7.735038,0.497435
7.735448,0.497432
7.735858,0.497430
7.736268,0.497428
7.736678,0.497425
7.737088,0.497423
7.737498,0.497420
7.737908,0.497418
7.738318,0.497416
7.738728,0.497413
7.739138,0.497411
7.739548,0.497408
7.739958,0.497406
7.740368,0.497404
7.740778,0.497401
7.741188,0.497399
7.741598,0.497397
7.742008,0.497394
7.742418,0.497392
7.742828,0.497389
7.743238,0.497387
7.743648,0.497385
7.744058,0.497382
7.744468,0.497380
7.744878,0.497378
7.745288,0.497375
7.745698,0.497373
7.746108,0.497371
7.746518,0.497368
7.746928,0.497366
7.747338,0.497364
7.747748,0.497361
7.748158,0.497359
7.748568,0.497356
7.748978,0.497354
7.749388,0.497352
7.749798,0.497349
7.750208,0.497347
7.750618,0.497345
7.751028,0.497342
7.751438,0.497340
7.751848,0.497338
7.752258,0.497335
7.752668,0.497333
7.753078,0.497331
7.753488,0.497328
7.753898,0.497326
7.754308,0.497324
7.754718,0.497321
7.755129,0.497319
7.755539,0.497317
7.755949,0.497314
7.756359,0.497312
7.756769,0.497310
7.757179,0.497307
7.757589,0.497305
7.757999,0.497303
7.758409,0.497300
7.758819,0.497298
7.759229,0.497296
7.759639,0.497293
7.760049,0.497291
7.760459,0.497289
7.760869,0.497286
7.761279,0.497284
7.761689,0.497282
7.762099,0.497279
7.762509,0.497277
7.762919,0.497275
7.763329,0.497272
7.763739,0.497270
7.764149,0.497268
7.764559,0.497265
7.764969,0.497263
7.765379,0.497261
7.765789,0.497258
7.766199,0.497256
7.766609,0.497254
7.767019,0.497251
7.767429,0.497249
7.767839,0.497247
7.768249,0.497244
7.768659,0.497242
7.769069,0.497240
7.769479,0.497238
7.769889,0.497235
7.770299,0.497233
7.770709,0.497231
7.771119,0.497228
7.771529,0.497226
7.771939,0.497224
7.772349,0.497222
7.772759,0.497219
7.773169,0.497217
7.773579,0.497215
7.773989,0.497212
7.774399,0.497210
7.774809,0.497208
7.775219,0.497205
7.775629,0.497203
7.776039,0.497201
7.776449,0.497198
7.776859,0.497196
7.777269,0.497194
7.777679,0.497192
7.778089,0.497189
7.778499,0.497187
7.778909,0.497185
7.779319,0.497182
7.779729,0.497180
7.780139,0.497178
7.780549,0.497176
7.780959,0.497173
7.781369,0.497171
7.781779,0.497169
7.782189,0.497167
7.782599,0.497164
7.783009,0.497162
7.783419,0.497160
7.783829,0.497158
7.784239,0.497155
7.784649,0.497153
7.785060,0.497151
7.785470,0.497149
7.785880,0.497146
7.786290,0.497144
7.786700,0.497142
7.787110,0.497139
7.787520,0.497137
7.787930,0.497135
7.788340,0.497133
7.788750,0.497130
7.789160,0.497128
7.789570,0.497126
7.789980,0.497124
7.790390,0.497121
7.790800,0.497119
7.791210,0.497117
7.791620,0.497114
7.792030,0.497112
7.792440,0.497110
7.792850,0.497108
7.793260,0.497106
7.793670,0.497103
7.794080,0.497101
7.794490,0.497099
7.794900,0.497097
7.795310,0.497094
7.795720,0.497092
7.796130,0.497090
7.796540,0.497087
7.796950,0.497085
7.797360,0.497083
7.797770,0.497081
7.798180,0.497078
7.798590,0.497076
7.799000,0.497074
7.799410,0.497072
7.799820,0.497069
7.800230,0.497067
7.800640,0.497065
7.801050,0.497063
7.801460,0.497061
7.801870,0.497059
7.802280,0.497056
7.802690,0.497054
7.803100,0.497052
7.803510,0.497049
7.803920,0.497047
7.804330,0.497045
7.804740,0.497043
7.805150,0.497041
7.805560,0.497038
7.805970,0.497036
7.806380,0.497034
7.806790,0.497032
7.807200,0.497029
7.807610,0.497027
7.808020,0.497025
7.808430,0.497023
7.808840,0.497021
7.809250,0.497018
7.809660,0.497016
7.810070,0.497014
7.810480,0.497012
7.810890,0.497009
7.811300,0.497007
7.811710,0.497005
7.812120,0.497003
7.812530,0.497001
7.812940,0.496998
7.813350,0.496996
7.813760,0.496994
7.814170,0.496992
7.814580,0.496990
7.814990,0.496987
7.815401,0.496985
7.815811,0.496983
7.816221,0.496981
7.816631,0.496978
7.817041,0.496976
7.817451,0.496974
7.817861,0.496972
7.818271,0.496970
7.818681,0.496968
7.819091,0.496965
7.819501,0.496963
7.819911,0.496961
7.820321,0.496959
7.820731,0.496957
7.821141,0.496955
7.821551,0.496952
7.821961,0.496950
7.822371,0.496948
7.822781,0.496946
7.823191,0.496944
7.823601,0.496941
7.824011,0.496939
7.824421,0.496937
7.824831,0.496935
7.825241,0.496933
7.825651,0.496931
7.826061,0.496928
7.826471,0.496926
7.826881,0.496924
7.827291,0.496922
7.827701,0.496920
7.828111,0.496918
7.828521,0.496915
7.828931,0.496913
7.829341,0.496911
7.829751,0.496909
7.830161,0.496907
7.830571,0.496904
7.830981,0.496902
7.831391,0.496900
7.831801,0.496898
7.832211,0.496896
7.832621,0.496893
7.833031,0.496891
7.833441,0.496889
7.833851,0.496887
7.834261,0.496885
7.834671,0.496883
7.835081,0.496881
7.835491,0.496878
7.835901,0.496876
7.836311,0.496874
7.836721,0.496872
7.837131,0.496870
7.837541,0.496868
7.837951,0.496865
7.838361,0.496863
7.838771,0.496861
7.839181,0.496859
7.839591,0.496857
7.840001,0.496855
7.840411,0.496853
7.840821,0.496850
7.841231,0.496848
7.841641,0.496846
7.842051,0.496844
7.842461,0.496842
7.842871,0.496840
7.843281,0.496838
7.843691,0.496836
7.844101,0.496833
7.844511,0.496831
7.844921,0.496829
7.845332,0.496827
7.845742,0.496825
7.846152,0.496823
7.846562,0.496821
7.846972,0.496818
7.847382,0.496816
7.847792,0.496814
7.848202,0.496812
7.848612,0.496810
7.849022,0.496808
7.849432,0.496806
7.849842,0.496803
7.850252,0.496801
7.850662,0.496799
7.851072,0.496797
7.851482,0.496795
7.851892,0.496793
7.852302,0.496790
7.852712,0.496788
7.853122,0.496786
7.853532,0.496784
7.853942,0.496782
7.854352,0.496780
7.854762,0.496778
7.855172,0.496776
7.855582,0.496774
7.855992,0.496772
7.856402,0.496770
7.856812,0.496767
7.857222,0.496765
7.857632,0.496763
7.858042,0.496761
7.858452,0.496759
7.858862,0.496757
7.859272,0.496755
7.859682,0.496753
7.860092,0.496751
7.860502,0.496749
7.860912,0.496746
7.861322,0.496744
7.861732,0.496742
7.862142,0.496740
7.862552,0.496738
7.862962,0.496736
7.863372,0.496734
7.863782,0.496732
7.864192,0.496729
7.864602,0.496727
7.865012,0.496725
7.865422,0.496723
7.865832,0.496721
7.866242,0.496719
7.866652,0.496717
7.867062,0.496715
7.867472,0.496713
7.867882,0.496711
7.868292,0.496708
7.868702,0.496707
7.869112,0.496704
7.869522,0.496702
7.869932,0.496700
7.870342,0.496698
7.870752,0.496696
7.871162,0.496694
7.871572,0.496692
7.871982,0.496690
7.872392,0.496688
7.872802,0.496686
7.873212,0.496684
7.873622,0.496682
7.874032,0.496679
7.874442,0.496677
7.874852,0.496675
7.875263,0.496673
7.875673,0.496671
7.876083,0.496669
7.876493,0.496667
7.876903,0.496665
7.877313,0.496663
7.877723,0.496661
7.878133,0.496659
7.878543,0.496657
7.878953,0.496655
7.879363,0.496653
7.879773,0.496650
7.880183,0.496648
7.880593,0.496646
7.881003,0.496644
7.881413,0.496642
7.881823,0.496640
7.882233,0.496638
7.882643,0.496636
7.883053,0.496634
7.883463,0.496632
7.883873,0.496630
7.884283,0.496628
7.884693,0.496626
7.885103,0.496624
7.885513,0.496622
7.885923,0.496620
7.886333,0.496618
7.886743,0.496615
7.887153,0.496613
7.887563,0.496611
7.887973,0.496609
7.888383,0.496607
7.888793,0.496605
7.889203,0.496603
7.889613,0.496601
7.890023,0.496599
7.890433,0.496597
7.890843,0.496595
7.891253,0.496593
7.891663,0.496591
7.892073,0.496589
7.892483,0.496587
7.892893,0.496585
7.893303,0.496583
7.893713,0.496581
7.894123,0.496579
7.894533,0.496576
7.894943,0.496575
7.895353,0.496572
7.895763,0.496571
7.896173,0.496569
7.896583,0.496566
7.896993,0.496565
7.897403,0.496562
7.897813,0.496560
7.898223,0.496558
7.898633,0.496556
7.899043,0.496554
7.899453,0.496552
7.899863,0.496550
7.900273,0.496548
7.900683,0.496546
7.901093,0.496544
7.901503,0.496542
7.901913,0.496540
7.902323,0.496538
7.902733,0.496536
7.903143,0.496534
7.903553,0.496532
7.903963,0.496530
7.904373,0.496528
7.904783,0.496526
7.905194,0.496524
7.905604,0.496522
7.906014,0.496520
7.906424,0.496518
7.906834,0.496516
7.907244,0.496514
7.907654,0.496512
7.908064,0.496510
7.908474,0.496508
7.908884,0.496506
7.909294,0.496504
7.909704,0.496502
7.910114,0.496500
7.910524,0.496498
7.910934,0.496496
7.911344,0.496494
7.911754,0.496492
7.912164,0.496490
7.912574,0.496488
7.912984,0.496486
7.913394,0.496484
7.913804,0.496482
7.914214,0.496480
7.914624,0.496478
7.915034,0.496476
7.915444,0.496474
7.915854,0.496472
7.916264,0.496470
7.916674,0.496468
7.917084,0.496466
7.917494,0.496464
7.917904,0.496462
7.918314,0.496460
7.918724,0.496458
7.919134,0.496456
7.919544,0.496454
7.919954,0.496452
7.920364,0.496450
7.920774,0.496448
7.921184,0.496446
7.921594,0.496444
7.922004,0.496442
7.922414,0.496440
7.922824,0.496438
7.923234,0.496436
7.923644,0.496434
7.924054,0.496432
7.924464,0.496430
7.924874,0.496428
7.925284,0.496426
7.925694,0.496424
7.926104,0.496422
7.926514,0.496420
7.926924,0.496418
7.927334,0.496417
7.927744,0.496415
7.928154,0.496413
7.928564,0.496411
7.928974,0.496408
7.929384,0.496407
7.929794,0.496405
7.930204,0.496403
7.930614,0.496401
7.931024,0.496399
7.931434,0.496397
7.931844,0.496395
7.932254,0.496393
7.932664,0.496391
7.933074,0.496389
7.933484,0.496387
7.933894,0.496385
7.934304,0.496383
7.934714,0.496381
7.935125,0.496379
7.935535,0.496377
7.935945,0.496375
7.936355,0.496373
7.936765,0.496371
7.937175,0.496369
7.937585,0.496367
7.937995,0.496366
7.938405,0.496364
7.938815,0.496362
7.939225,0.496360
7.939635,0.496358
7.940045,0.496356
7.940455,0.496354
7.940865,0.496352
7.941275,0.496350
7.941685,0.496348
7.942095,0.496346
7.942505,0.496344
7.942915,0.496342
7.943325,0.496340
7.943735,0.496338
7.944145,0.496336
7.944555,0.496334
7.944965,0.496333
7.945375,0.496331
7.945785,0.496329
7.946195,0.496327
7.946605,0.496325
7.947015,0.496323
7.947425,0.496321
7.947835,0.496319
7.948245,0.496317
7.948655,0.496315
7.949065,0.496313
7.949475,0.496311
7.949885,0.496309
7.950295,0.496307
7.950705,0.496305
7.951115,0.496304
7.951525,0.496302
7.951935,0.496300
7.952345,0.496298
7.952755,0.496296
7.953165,0.496294
7.953575,0.496292
7.953985,0.496290
7.954395,0.496288
7.954805,0.496286
7.955215,0.496284
7.955625,0.496283
7.956035,0.496281
7.956445,0.496279
7.956855,0.496277
7.957265,0.496275
7.957675,0.496273
7.958085,0.496271
7.958495,0.496269
7.958905,0.496267
7.959315,0.496265
7.959725,0.496263
7.960135,0.496261
7.960545,0.496260
7.960955,0.496258
7.961365,0.496256
7.961775,0.496254
7.962185,0.496252
7.962595,0.496250
7.963005,0.496248
7.963415,0.496246
7.963825,0.496244
7.964235,0.496242
7.964645,0.496241
7.965056,0.496239
7.965466,0.496237
7.965876,0.496235
7.966286,0.496233
7.966696,0.496231
7.967106,0.496229
7.967516,0.496227
7.967926,0.496225
7.968336,0.496224
7.968746,0.496222
7.969156,0.496220
7.969566,0.496218
7.969976,0.496216
7.970386,0.496214
7.970796,0.496212
7.971206,0.496210
7.971616,0.496208
7.972026,0.496207
7.972436,0.496204
7.972846,0.496203
7.973256,0.496201
7.973666,0.496199
7.974076,0.496197
7.974486,0.496195
7.974896,0.496193
7.975306,0.496192
7.975716,0.496190
7.976126,0.496188
7.976536,0.496186
7.976946,0.496184
7.977356,0.496182
7.977766,0.496180
7.978176,0.496178
7.978586,0.496177
7.978996,0.496175
7.979406,0.496173
7.979816,0.496171
7.980226,0.496169
7.980636,0.496167
7.981046,0.496165
7.981456,0.496163
7.981866,0.496162
7.982276,0.496160
7.982686,0.496158
7.983096,0.496156
7.983506,0.496154
7.983916,0.496152
7.984326,0.496150
7.984736,0.496149
7.985146,0.496147
7.985556,0.496145
7.985966,0.496143
7.986376,0.496141
7.986786,0.496139
7.987196,0.496137
7.987606,0.496135
7.988016,0.496134
7.988426,0.496132
7.988836,0.496130
7.989246,0.496128
7.989656,0.496126
7.990066,0.496124
7.990476,0.496123
7.990886,0.496121
7.991296,0.496119
7.991706,0.496117
7.992116,0.496115
7.992526,0.496113
7.992936,0.496111
7.993346,0.496110
7.993756,0.496108
7.994166,0.496106
7.994576,0.496104
7.994986,0.496102
7.995397,0.496100
7.995807,0.496099
7.996217,0.496097
7.996627,0.496095
7.997037,0.496093
7.997447,0.496091
7.997857,0.496090
7.998267,0.496088
7.998677,0.496086
7.999087,0.496084
7.999497,0.496082
7.999907,0.496080
8.000317,0.496078
8.000727,0.496077
8.001137,0.496075
8.001547,0.496073
8.001957,0.496071
8.002367,0.496069
8.002777,0.496067
8.003187,0.496066
8.003597,0.496064
8.004007,0.496062
8.004417,0.496060
8.004827,0.496058
8.005237,0.496056
8.005647,0.496055
8.006057,0.496053
8.006467,0.496051
8.006877,0.496049
8.007287,0.496047
8.007697,0.496046
8.008107,0.496044
8.008517,0.496042
8.008927,0.496040
8.009337,0.496038
8.009747,0.496037
8.010157,0.496035
8.010567,0.496033
8.010977,0.496031
8.011387,0.496029
8.011797,0.496027
8.012207,0.496026
8.012617,0.496024
8.013027,0.496022
8.013437,0.496020
8.013847,0.496018
8.014257,0.496017
8.014667,0.496015
8.015077,0.496013
8.015487,0.496011
8.015897,0.496009
8.016307,0.496008
8.016717,0.496006
8.017127,0.496004
8.017537,0.496002
8.017947,0.496000
8.018357,0.495999
8.018767,0.495997
8.019177,0.495995
8.019587,0.495993
8.019997,0.495991
8.020407,0.495990
8.020817,0.495988
8.021227,0.495986
8.021637,0.495984
8.022047,0.495983
8.022457,0.495981
8.022867,0.495979
8.023277,0.495977
8.023687,0.495975
8.024097,0.495974
8.024507,0.495972
8.024917,0.495970
8.025328,0.495968
8.025738,0.495966
8.026148,0.495964
8.026558,0.495963
8.026968,0.495961
8.027378,0.495959
8.027788,0.495957
8.028198,0.495955
8.028608,0.495954
8.029018,0.495952
8.029428,0.495950
8.029838,0.495949
8.030248,0.495947
8.030658,0.495945
8.031068,0.495943
8.031478,0.495941
8.031888,0.495940
8.032298,0.495938
8.032708,0.495936
8.033118,0.495934
8.033528,0.495933
8.033938,0.495931
8.034348,0.495929
8.034758,0.495927
8.035168,0.495925
8.035578,0.495924
8.035988,0.495922
8.036398,0.495920
8.036808,0.495918
8.037218,0.495917
8.037628,0.495915
8.038038,0.495913
8.038448,0.495911
8.038858,0.495909
8.039268,0.495908
8.039678,0.495906
8.040088,0.495904
8.040498,0.495903
8.040908,0.495901
8.041318,0.495899
8.041728,0.495897
8.042138,0.495896
8.042548,0.495894
8.042958,0.495892
8.043368,0.495890
8.043778,0.495889
8.044188,0.495887
8.044598,0.495885
8.045008,0.495883
8.045418,0.495881
8.045828,0.495880
8.046238,0.495878
8.046648,0.495876
8.047058,0.495875
8.047468,0.495873
8.047878,0.495871
8.048288,0.495869
8.048698,0.495867
8.049108,0.495866
8.049518,0.495864
8.049928,0.495862
8.050338,0.495861
8.050748,0.495859
8.051158,0.495857
8.051568,0.495855
8.051978,0.495854
8.052388,0.495852
8.052798,0.495850
8.053208,0.495849
8.053618,0.495847
8.054028,0.495845
8.054438,0.495843
8.054848,0.495842
8.055259,0.495840
8.055669,0.495838
8.056079,0.495836
8.056489,0.495834
8.056899,0.495833
8.057309,0.495831
8.057719,0.495829
8.058129,0.495827
8.058539,0.495826
8.058949,0.495824
8.059359,0.495822
8.059769,0.495821
8.060179,0.495819
8.060589,0.495817
8.060999,0.495816
8.061409,0.495814
8.061819,0.495812
8.062229,0.495810
8.062639,0.495808
8.063049,0.495807
8.063459,0.495805
8.063869,0.495803
8.064279,0.495802
8.064689,0.495800
8.065099,0.495798
8.065509,0.495796
8.065919,0.495795
8.066329,0.495793
8.066739,0.495791
8.067149,0.495790
8.067559,0.495788
8.067969,0.495786
8.068379,0.495785
8.068789,0.495783
8.069199,0.495781
8.069609,0.495779
8.070019,0.495778
8.070429,0.495776
8.070839,0.495774
8.071249,0.495773
8.071659,0.495771
8.072069,0.495769
8.072479,0.495768
8.072889,0.495766
8.073299,0.495764
8.073709,0.495762
8.074119,0.495761
8.074529,0.495759
8.074939,0.495757
8.075349,0.495756
8.075759,0.495754
8.076169,0.495752
8.076579,0.495751
8.076989,0.495749
8.077399,0.495747
8.077809,0.495745
8.078219,0.495744
8.078629,0.495742
8.079039,0.495740
8.079449,0.495739
8.079859,0.495737
8.080269,0.495735
8.080679,0.495734
8.081089,0.495732
8.081499,0.495730
8.081909,0.495729
8.082319,0.495727
8.082729,0.495725
8.083139,0.495724
8.083549,0.495722
8.083959,0.495720
8.084369,0.495718
8.084779,0.495717
8.085190,0.495715
8.085600,0.495713
8.086010,0.495712
8.086420,0.495710
8.086830,0.495708
8.087240,0.495707
8.087650,0.495705
8.088060,0.495703
8.088470,0.495702
8.088880,0.495700
8.089290,0.495698
8.089700,0.495697
8.090110,0.495695
8.090520,0.495693
8.090930,0.495692
8.091340,0.495690
8.091750,0.495688
8.092160,0.495687
8.092570,0.495685
8.092980,0.495683
8.093390,0.495681
8.093800,0.495680
8.094210,0.495678
8.094620,0.495677
8.095030,0.495675
8.095440,0.495673
8.095850,0.495672
8.096260,0.495670
8.096670,0.495668
8.097080,0.495667
8.097490,0.495665
8.097900,0.495663
8.098310,0.495662
8.098720,0.495660
8.099130,0.495658
8.099540,0.495656
8.099950,0.495655
8.100360,0.495653
8.100770,0.495652
8.101180,0.495650
8.101590,0.495648
8.102000,0.495647
8.102410,0.495645
8.102820,0.495643
8.103230,0.495642
8.103640,0.495640
8.104050,0.495638
8.104460,0.495637
8.104870,0.495635
8.105280,0.495633
8.105690,0.495632
8.106100,0.495630
8.106510,0.495629
8.106920,0.495627
8.107330,0.495625
8.107740,0.495624
8.108150,0.495622
8.108560,0.495620
8.108970,0.495619
8.109380,0.495617
8.109790,0.495615
8.110200,0.495614
8.110610,0.495612
8.111020,0.495610
8.111430,0.495609
8.111840,0.495607
8.112250,0.495605
8.112660,0.495604
8.113070,0.495602
8.113480,0.495600
8.113890,0.495599
8.114300,0.495597
8.114710,0.495596
8.115121,0.495594
8.115531,0.495592
8.115941,0.495591
8.116351,0.495589
8.116761,0.495587
8.117171,0.495586
8.117581,0.495584
8.117991,0.495583
8.118401,0.495581
8.118811,0.495579
8.119221,0.495578
8.119631,0.495576
8.120041,0.495575
8.120451,0.495573
8.120861,0.495571
8.121271,0.495570
8.121681,0.495568
8.122091,0.495566
8.122501,0.495565
8.122911,0.495563
8.123321,0.495562
8.123731,0.495560
8.124141,0.495558
8.124551,0.495557
8.124961,0.495555
8.125371,0.495554
8.125781,0.495552
8.126191,0.495550
8.126601,0.495548
8.127011,0.495547
8.127421,0.495546
8.127831,0.495544
8.128241,0.495542
8.128651,0.495541
8.129061,0.495539
8.129471,0.495537
8.129881,0.495536
8.130291,0.495534
8.130701,0.495532
8.131111,0.495531
8.131521,0.495529
8.131931,0.495528
8.132341,0.495526
8.132751,0.495524
8.133161,0.495523
8.133571,0.495521
8.133981,0.495520
8.134391,0.495518
8.134801,0.495516
8.135211,0.495515
8.135621,0.495513
8.136031,0.495512
8.136441,0.495510
8.136851,0.495508
8.137261,0.495507
8.137671,0.495505
8.138081,0.495504
8.138491,0.495502
8.138901,0.495501
8.139311,0.495499
8.139721,0.495497
8.140131,0.495496
8.140541,0.495494
8.140951,0.495493
8.141361,0.495491
8.141771,0.495489
8.142181,0.495488
8.142591,0.495486
8.143001,0.495485
8.143411,0.495483
8.143821,0.495481
8.144231,0.495480
8.144641,0.495478
8.145052,0.495477
8.145462,0.495475
8.145872,0.495474
8.146282,0.495472
8.146692,0.495470
8.147102,0.495469
8.147512,0.495467
8.147922,0.495466
8.148332,0.495464
8.148742,0.495462
8.149152,0.495461
8.149562,0.495459
8.149972,0.495458
8.150382,0.495456
8.150792,0.495454
8.151202,0.495453
8.151612,0.495452
8.152022,0.495450
8.152432,0.495448
8.152842,0.495447
8.153252,0.495445
8.153662,0.495443
8.154072,0.495442
8.154482,0.495440
8.154892,0.495439
8.155302,0.495437
8.155712,0.495436
8.156122,0.495434
8.156532,0.495433
8.156942,0.495431
8.157352,0.495429
8.157762,0.495428
8.158172,0.495426
8.158582,0.495425
8.158992,0.495423
8.159402,0.495421
8.159812,0.495420
8.160222,0.495418
8.160632,0.495417
8.161042,0.495415
8.161452,0.495414
8.161862,0.495412
8.162272,0.495411
8.162682,0.495409
8.163092,0.495408
8.163502,0.495406
8.163912,0.495404
8.164322,0.495403
8.164732,0.495401
8.165142,0.495400
8.165552,0.495398
8.165962,0.495397
8.166372,0.495395
8.166782,0.495393
8.167192,0.495392
8.167602,0.495390
8.168012,0.495389
8.168422,0.495387
8.168832,0.495386
8.169242,0.495384
8.169652,0.495383
8.170062,0.495381
8.170472,0.495380
8.170882,0.495378
8.171292,0.495376
8.171702,0.495375
8.172112,0.495374
8.172522,0.495372
8.172932,0.495370
8.173342,0.495369
8.173752,0.495367
8.174162,0.495366
8.174572,0.495364
8.174982,0.495363
8.175393,0.495361
8.175803,0.495360
8.176213,0.495358
8.176623,0.495356
8.177033,0.495355
8.177443,0.495353
8.177853,0.495352
8.178263,0.495350
8.178673,0.495349
8.179083,0.495347
8.179493,0.495346
8.179903,0.495344
8.180313,0.495343
8.180723,0.495341
8.181133,0.495340
8.181543,0.495338
8.181953,0.495337
8.182363,0.495335
8.182773,0.495334
8.183183,0.495332
8.183593,0.495331
8.184003,0.495329
8.184413,0.495327
8.184823,0.495326
8.185233,0.495324
8.185643,0.495323
8.186053,0.495321
8.186463,0.495320
8.186873,0.495318
8.187283,0.495317
8.187693,0.495315
8.188103,0.495314
8.188513,0.495312
8.188923,0.495311
8.189333,0.495309
8.189743,0.495308
8.190153,0.495306
8.190563,0.495305
8.190973,0.495303
8.191383,0.495302
8.191793,0.495300
8.192203,0.495299
8.192613,0.495297
8.193023,0.495295
8.193433,0.495294
8.193843,0.495292
8.194253,0.495291
8.194663,0.495290
8.195073,0.495288
8.195483,0.495287
8.195893,0.495285
8.196303,0.495283
8.196713,0.495282
8.197123,0.495281
8.197533,0.495279
8.197943,0.495277
8.198353,0.495276
8.198763,0.495275
8.199173,0.495273
8.199583,0.495271
8.199993,0.495270
8.200403,0.495268
8.200813,0.495267
8.201223,0.495265
8.201633,0.495264
8.202043,0.495263
8.202453,0.495261
8.202863,0.495259
8.203273,0.495258
8.203683,0.495256
8.204093,0.495255
8.204503,0.495254
8.204913,0.495252
8.205324,0.495250
8.205734,0.495249
8.206144,0.495247
8.206554,0.495246
8.206964,0.495245
8.207374,0.495243
8.207784,0.495242
8.208194,0.495240
8.208604,0.495239
8.209014,0.495237
8.209424,0.495236
8.209834,0.495234
8.210244,0.495233
8.210654,0.495231
8.211064,0.495230
8.211474,0.495228
8.211884,0.495227
8.212294,0.495225
8.212704,0.495224
8.213114,0.495222
8.213524,0.495221
8.213934,0.495219
8.214344,0.495218
8.214754,0.495216
8.215164,0.495215
8.215574,0.495213
8.215984,0.495212
8.216394,0.495210
8.216804,0.495209
8.217214,0.495208
8.217624,0.495206
8.218034,0.495205
8.218444,0.495203
8.218854,0.495201
8.219264,0.495200
8.219674,0.495199
8.220084,0.495197
8.220494,0.495196
8.220904,0.495194
8.221314,0.495193
8.221724,0.495191
8.222134,0.495190
8.222544,0.495188
8.222954,0.495187
8.223364,0.495185
8.223774,0.495184
8.224184,0.495183
8.224594,0.495181
8.225004,0.495180
8.225414,0.495178
8.225824,0.495177
8.226234,0.495175
8.226644,0.495174
8.227054,0.495172
8.227464,0.495171
8.227874,0.495169
8.228284,0.495168
8.228694,0.495166
8.229104,0.495165
8.229514,0.495163
8.229924,0.495162
8.230334,0.495160
8.230744,0.495159
8.231154,0.495158
8.231564,0.495156
8.231974,0.495155
8.232384,0.495153
8.232794,0.495152
8.233204,0.495150
8.233614,0.495149
8.234024,0.495147
8.234434,0.495146
8.234844,0.495145
8.235255,0.495143
8.235665,0.495142
8.236075,0.495140
8.236485,0.495139
8.236895,0.495137
8.237305,0.495136
8.237715,0.495135
8.238125,0.495133
8.238535,0.495131
8.238945,0.495130
8.239355,0.495129
8.239765,0.495127
8.240175,0.495126
8.240585,0.495124
8.240995,0.495123
8.241405,0.495121
8.241815,0.495120
8.242225,0.495118
8.242635,0.495117
8.243045,0.495116
8.243455,0.495114
8.243865,0.495113
8.244275,0.495111
8.244685,0.495110
8.245095,0.495108
8.245505,0.495107
8.245915,0.495106
8.246325,0.495104
8.246735,0.495103
8.247145,0.495101
8.247555,0.495100
8.247965,0.495099
8.248375,0.495097
8.248785,0.495096
8.249195,0.495094
8.249605,0.495093
8.250015,0.495091
8.250425,0.495090
8.250835,0.495088
8.251245,0.495087
8.251655,0.495086
8.252065,0.495084
8.252475,0.495083
8.252885,0.495081
8.253295,0.495080
8.253705,0.495079
8.254115,0.495077
8.254525,0.495076
8.254935,0.495074
8.255345,0.495073
8.255755,0.495071
8.256165,0.495070
8.256575,0.495068
8.256985,0.495067
8.257395,0.495066
8.257805,0.495064
8.258215,0.495063
8.258625,0.495062
8.259035,0.495060
8.259445,0.495059
8.259855,0.495057
8.260265,0.495056
8.260675,0.495055
8.261085,0.495053
8.261495,0.495052
8.261905,0.495050
8.262315,0.495049
8.262725,0.495047
8.263135,0.495046
8.263545,0.495044
8.263955,0.495043
8.264365,0.495042
8.264775,0.495040
8.265186,0.495039
8.265596,0.495037
8.266006,0.495036
8.266416,0.495035
8.266826,0.495033
8.267236,0.495032
8.267646,0.495030
8.268056,0.495029
8.268466,0.495028
8.268876,0.495026
8.269286,0.495025
8.269696,0.495024
8.270106,0.495022
8.270516,0.495021
8.270926,0.495019
8.271336,0.495018
8.271746,0.495016
8.272156,0.495015
8.272566,0.495014
8.272976,0.495012
8.273386,0.495011
8.273796,0.495010
8.274206,0.495008
8.274616,0.495007
8.275026,0.495005
8.275436,0.495004
8.275846,0.495003
8.276256,0.495001
8.276666,0.495000
8.277076,0.494998
8.277486,0.494997
8.277896,0.494996
8.278306,0.494994
8.278716,0.494993
8.279126,0.494991
8.279536,0.494990
8.279946,0.494989
8.280356,0.494987
8.280766,0.494986
8.281176,0.494985
8.281586,0.494983
8.281996,0.494982
8.282406,0.494980
8.282816,0.494979
8.283226,0.494978
8.283636,0.494976
8.284046,0.494975
8.284456,0.494973
8.284866,0.494972
8.285276,0.494971
8.285686,0.494969
8.286096,0.494968
8.286506,0.494967
8.286916,0.494965
8.287326,0.494964
8.287736,0.494962
8.288146,0.494961
8.288556,0.494960
8.288966,0.494958
8.289376,0.494957
8.289786,0.494956
8.290196,0.494954
8.290606,0.494953
8.291016,0.494951
8.291426,0.494950
8.291836,0.494949
8.292246,0.494947
8.292656,0.494946
8.293066,0.494945
8.293476,0.494943
8.293886,0.494942
8.294296,0.494940
8.294706,0.494939
8.295117,0.494938
8.295527,0.494936
8.295937,0.494935
8.296347,0.494934
8.296757,0.494932
8.297167,0.494931
8.297577,0.494930
8.297987,0.494928
8.298397,0.494927
8.298807,0.494925
8.299217,0.494924
8.299627,0.494923
8.300037,0.494921
8.300447,0.494920
8.300857,0.494919
8.301267,0.494917
8.301677,0.494916
8.302087,0.494915
8.302497,0.494913
8.302907,0.494912
8.303317,0.494911
8.303727,0.494909
8.304137,0.494908
8.304547,0.494906
8.304957,0.494905
8.305367,0.494904
8.305777,0.494903
8.306187,0.494901
8.306597,0.494900
8.307007,0.494898
8.307417,0.494897
8.307827,0.494896
8.308237,0.494894
8.308647,0.494893
8.309057,0.494892
8.309467,0.494890
8.309877,0.494889
8.310287,0.494888
8.310697,0.494886
8.311107,0.494885
8.311517,0.494884
8.311927,0.494882
8.312337,0.494881
8.312747,0.494880
8.313157,0.494878
8.313567,0.494877
8.313977,0.494876
8.314387,0.494874
8.314797,0.494873
8.315207,0.494872
8.315617,0.494870
8.316027,0.494869
8.316437,0.494868
8.316847,0.494866
8.317257,0.494865
8.317667,0.494863
8.318077,0.494862
8.318487,0.494861
8.318897,0.494859
8.319307,0.494858
8.319717,0.494857
8.320127,0.494856
8.320537,0.494854
8.320947,0.494853
8.321357,0.494852
8.321767,0.494850
8.322177,0.494849
8.322587,0.494848
8.322997,0.494846
8.323407,0.494845
8.323817,0.494844
8.324227,0.494842
8.324637,0.494841
8.325048,0.494840
8.325458,0.494838
8.325868,0.494837
8.326278,0.494836
8.326688,0.494834
8.327098,0.494833
8.327508,0.494831
8.327918,0.494830
8.328328,0.494829
8.328738,0.494828
8.329148,0.494826
8.329558,0.494825
8.329968,0.494824
8.330378,0.494823
8.330788,0.494821
8.331198,0.494820
8.331608,0.494818
8.332018,0.494817
8.332428,0.494816
8.332838,0.494814
8.333248,0.494813
8.333658,0.494812
8.334068,0.494811
8.334478,0.494809
8.334888,0.494808
8.335298,0.494807
8.335708,0.494805
8.336118,0.494804
8.336528,0.494803
8.336938,0.494801
8.337348,0.494800
8.337758,0.494799
8.338168,0.494797
8.338578,0.494796
8.338988,0.494795
8.339398,0.494794
8.339808,0.494792
8.340218,0.494791
8.340628,0.494790
8.341038,0.494788
8.341448,0.494787
8.341858,0.494786
8.342268,0.494784
8.342678,0.494783
8.343088,0.494782
8.343498,0.494780
8.343908,0.494779
8.344318,0.494778
8.344728,0.494777
8.345138,0.494775
8.345548,0.494774
8.345958,0.494773
8.346368,0.494771
8.346778,0.494770
8.347188,0.494769
8.347598,0.494768
8.348008,0.494766
8.348418,0.494765
8.348828,0.494764
8.349238,0.494762
8.349648,0.494761
8.350058,0.494760
8.350468,0.494759
8.350878,0.494757
8.351288,0.494756
8.351698,0.494755
8.352108,0.494753
8.352518,0.494752
8.352928,0.494751
8.353338,0.494750
8.353748,0.494748
8.354158,0.494747
8.354568,0.494746
8.354978,0.494744
8.355389,0.494743
8.355799,0.494742
8.356209,0.494741
8.356619,0.494739
8.357029,0.494738
8.357439,0.494737
8.357849,0.494735
8.358259,0.494734
8.358669,0.494733
8.359079,0.494731
8.359489,0.494730
8.359899,0.494729
8.360309,0.494728
8.360719,0.494726
8.361129,0.494725
8.361539,0.494724
8.361949,0.494722
8.362359,0.494721
8.362769,0.494720
8.363179,0.494719
8.363589,0.494717
8.363999,0.494716
8.364409,0.494715
8.364819,0.494714
8.365229,0.494712
8.365639,0.494711
8.366049,0.494710
8.366459,0.494709
8.366869,0.494707
8.367279,0.494706
8.367689,0.494705
8.368099,0.494703
8.368509,0.494702
8.368919,0.494701
8.369329,0.494700
8.369739,0.494698
8.370149,0.494697
8.370559,0.494696
8.370969,0.494694
8.371379,0.494693
8.371789,0.494692
8.372199,0.494691
8.372609,0.494689
8.373019,0.494688
8.373429,0.494687
8.373839,0.494686
8.374249,0.494684
8.374659,0.494683
8.375069,0.494682
8.375479,0.494681
8.375889,0.494679
8.376299,0.494678
8.376709,0.494677
8.377119,0.494675
8.377529,0.494674
8.377939,0.494673
8.378349,0.494672
8.378759,0.494671
8.379169,0.494669
8.379579,0.494668
8.379989,0.494667
8.380399,0.494666
8.380809,0.494664
8.381219,0.494663
8.381629,0.494662
8.382039,0.494661
8.382449,0.494659
8.382859,0.494658
8.383269,0.494657
8.383679,0.494656
8.384089,0.494654
8.384499,0.494653
8.384909,0.494652
8.385320,0.494651
8.385730,0.494649
8.386140,0.494648
8.386550,0.494647
8.386960,0.494645
8.387370,0.494644
8.387780,0.494643
8.388190,0.494642
8.388600,0.494641
8.389010,0.494639
8.389420,0.494638
8.389830,0.494637
8.390240,0.494636
8.390650,0.494634
8.391060,0.494633
8.391470,0.494632
8.391880,0.494631
8.392290,0.494629
8.392700,0.494628
8.393110,0.494627
8.393520,0.494626
8.393930,0.494624
8.394340,0.494623
8.394750,0.494622
8.395160,0.494621
8.395570,0.494619
8.395980,0.494618
8.396390,0.494617
8.396800,0.494616
8.397210,0.494615
8.397620,0.494613
8.398030,0.494612
8.398440,0.494611
8.398850,0.494610
8.399260,0.494608
8.399670,0.494607
8.400080,0.494606
8.400490,0.494605
8.400900,0.494604
8.401310,0.494602
8.401720,0.494601
8.402130,0.494600
8.402540,0.494599
8.402950,0.494597
8.403360,0.494596
8.403770,0.494595
8.404180,0.494594
8.404590,0.494593
8.405000,0.494591
8.405410,0.494590
8.405820,0.494589
8.406230,0.494588
8.406640,0.494586
8.407050,0.494585
8.407460,0.494584
8.407870,0.494583
8.408280,0.494581
8.408690,0.494580
8.409100,0.494579
8.409510,0.494578
8.409920,0.494576
8.410330,0.494576
8.410740,0.494574
8.411150,0.494573
8.411560,0.494572
8.411970,0.494570
8.412380,0.494569
8.412790,0.494568
8.413200,0.494567
8.413610,0.494566
8.414020,0.494565
8.414430,0.494563
8.414840,0.494562
8.415251,0.494561
8.415661,0.494559
8.416071,0.494559
8.416481,0.494557
8.416891,0.494556
8.417301,0.494555
8.417711,0.494554
8.418121,0.494552
8.418531,0.494551
8.418941,0.494550
8.419351,0.494548
8.419761,0.494547
8.420171,0.494546
8.420581,0.494545
8.420991,0.494544
8.421401,0.494543
8.421811,0.494542
8.422221,0.494540
8.422631,0.494539
8.423041,0.494538
8.423451,0.494537
8.423861,0.494536
8.424271,0.494534
8.424681,0.494533
8.425091,0.494532
8.425501,0.494531
8.425911,0.494529
8.426321,0.494528
8.426731,0.494527
8.427141,0.494526
8.427551,0.494525
8.427961,0.494523
8.428371,0.494522
8.428781,0.494521
8.429191,0.494520
8.429601,0.494519
8.430011,0.494517
8.430421,0.494516
8.430831,0.494515
8.431241,0.494514
8.431651,0.494513
8.432061,0.494511
8.432471,0.494510
8.432881,0.494509
8.433291,0.494508
8.433701,0.494507
8.434111,0.494506
8.434521,0.494504
8.434931,0.494503
8.435341,0.494502
8.435751,0.494501
8.436161,0.494500
8.436571,0.494498
8.436981,0.494497
8.437391,0.494496
8.437801,0.494495
8.438211,0.494494
8.438621,0.494492
8.439031,0.494491
8.439441,0.494490
8.439851,0.494489
8.440261,0.494488
8.440671,0.494487
8.441081,0.494485
8.441491,0.494484
8.441901,0.494483
8.442311,0.494482
8.442721,0.494481
8.443131,0.494479
8.443541,0.494478
8.443951,0.494477
8.444361,0.494476
8.444771,0.494475
8.445182,0.494474
8.445592,0.494472
8.446002,0.494471
8.446412,0.494470
8.446822,0.494469
8.447232,0.494468
8.447642,0.494467
8.448052,0.494465
8.448462,0.494464
8.448872,0.494463
8.449282,0.494462
8.449692,0.494461
8.450102,0.494459
8.450512,0.494458
8.450922,0.494457
8.451332,0.494456
8.451742,0.494455
8.452152,0.494454
8.452562,0.494453
8.452972,0.494451
8.453382,0.494450
8.453792,0.494449
8.454202,0.494448
8.454612,0.494447
8.455022,0.494446
8.455432,0.494444
8.455842,0.494443
8.456252,0.494442
8.456662,0.494441
8.457072,0.494440
8.457482,0.494438
8.457892,0.494437
8.458302,0.494436
8.458712,0.494435
8.459122,0.494434
8.459532,0.494433
8.459942,0.494432
8.460352,0.494431
8.460762,0.494429
8.461172,0.494428
8.461582,0.494427
8.461992,0.494426
8.462402,0.494425
8.462812,0.494424
8.463222,0.494422
8.463632,0.494421
8.464042,0.494420
8.464452,0.494419
8.464862,0.494418
8.465272,0.494416
8.465682,0.494415
8.466092,0.494414
8.466502,0.494413
8.466912,0.494412
8.467322,0.494411
8.467732,0.494410
8.468142,0.494408
8.468552,0.494407
8.468962,0.494406
8.469372,0.494405
8.469782,0.494404
8.470192,0.494403
8.470602,0.494402
8.471012,0.494400
8.471422,0.494399
8.471832,0.494398
8.472242,0.494397
8.472652,0.494396
8.473062,0.494395
8.473472,0.494394
8.473882,0.494393
8.474292,0.494391
8.474702,0.494390
8.475113,0.494389
8.475523,0.494388
8.475933,0.494387
8.476343,0.494386
8.476753,0.494384
8.477163,0.494383
8.477573,0.494382
8.477983,0.494381
8.478393,0.494380
8.478803,0.494379
8.479213,0.494378
8.479623,0.494377
8.480033,0.494375
8.480443,0.494374
8.480853,0.494373
8.481263,0.494372
8.481673,0.494371
8.482083,0.494370
8.482493,0.494369
8.482903,0.494368
8.483313,0.494366
8.483723,0.494365
8.484133,0.494364
8.484543,0.494363
8.484953,0.494362
8.485363,0.494361
8.485773,0.494360
8.486183,0.494358
8.486593,0.494357
8.487003,0.494356
8.487413,0.494355
8.487823,0.494354
8.488233,0.494353
8.488643,0.494352
8.489053,0.494350
8.489463,0.494350
8.489873,0.494348
8.490283,0.494347
8.490693,0.494346
8.491103,0.494345
8.491513,0.494344
8.491923,0.494343
8.492333,0.494341
8.492743,0.494340
8.493153,0.494339
8.493563,0.494338
8.493973,0.494337
8.494383,0.494336
8.494793,0.494335
8.495203,0.494334
8.495613,0.494333
8.496023,0.494331
8.496433,0.494330
8.496843,0.494329
8.497253,0.494328
8.497663,0.494327
8.498073,0.494326
8.498483,0.494325
8.498893,0.494324
8.499303,0.494323
8.499713,0.494321
8.500123,0.494320
8.500533,0.494319
8.500943,0.494318
8.501353,0.494317
8.501763,0.494316
8.502173,0.494315
8.502583,0.494313
8.502993,0.494313
8.503403,0.494311
8.503813,0.494310
8.504223,0.494309
8.504633,0.494308
8.505044,0.494307
8.505454,0.494306
8.505864,0.494305
8.506274,0.494304
8.506684,0.494303
8.507094,0.494301
8.507504,0.494300
8.507914,0.494299
8.508324,0.494298
8.508734,0.494297
8.509144,0.494296
8.509554,0.494295
8.509964,0.494294
8.510374,0.494293
8.510784,0.494292
8.511194,0.494290
8.511604,0.494289
8.512014,0.494288
8.512424,0.494287
8.512834,0.494286
8.513244,0.494285
8.513654,0.494284
8.514064,0.494283
8.514474,0.494282
8.514884,0.494280
8.515294,0.494279
8.515704,0.494278
8.516114,0.494277
8.516524,0.494276
8.516934,0.494275
8.517344,0.494274
8.517754,0.494273
8.518164,0.494272
8.518574,0.494271
8.518984,0.494269
8.519394,0.494269
8.519804,0.494267
8.520214,0.494266
8.520624,0.494265
8.521034,0.494264
8.521444,0.494263
8.521854,0.494262
8.522264,0.494261
8.522674,0.494260
8.523084,0.494259
8.523494,0.494257
8.523904,0.494256
8.524314,0.494255
8.524724,0.494254
8.525134,0.494253
8.525544,0.494252
8.525954,0.494251
8.526364,0.494250
8.526774,0.494249
8.527184,0.494248
8.527594,0.494247
8.528004,0.494246
8.528414,0.494245
8.528824,0.494244
8.529234,0.494242
8.529644,0.494241
8.530054,0.494240
8.530464,0.494239
8.530874,0.494238
8.531284,0.494237
8.531694,0.494236
8.532104,0.494235
8.532514,0.494234
8.532924,0.494233
8.533334,0.494232
8.533744,0.494230
8.534154,0.494230
8.534564,0.494228
8.534974,0.494227
8.535385,0.494226
8.535795,0.494225
8.536205,0.494224
8.536615,0.494223
8.537025,0.494222
8.537435,0.494221
8.537845,0.494220
8.538255,0.494219
8.538665,0.494218
8.539075,0.494216
8.539485,0.494215
8.539895,0.494214
8.540305,0.494213
8.540715,0.494212
8.541125,0.494211
8.541535,0.494210
8.541945,0.494209
8.542355,0.494208
8.542765,0.494207
8.543175,0.494206
8.543585,0.494205
8.543995,0.494204
8.544405,0.494203
8.544815,0.494202
8.545225,0.494201
8.545635,0.494200
8.546045,0.494198
8.546455,0.494197
8.546865,0.494196
8.547275,0.494195
8.547685,0.494194
8.548095,0.494193
8.548505,0.494192
8.548915,0.494191
8.549325,0.494190
8.549735,0.494189
8.550145,0.494188
8.550555,0.494187
8.550965,0.494186
8.551375,0.494185
8.551785,0.494183
8.552195,0.494183
8.552605,0.494181
8.553015,0.494181
8.553425,0.494179
8.553835,0.494178
8.554245,0.494177
8.554655,0.494176
8.555065,0.494175
8.555475,0.494174
8.555885,0.494173
8.556295,0.494172
8.556705,0.494171
8.557115,0.494170
8.557525,0.494169
8.557935,0.494168
8.558345,0.494167
8.558755,0.494166
8.559165,0.494165
8.559575,0.494164
8.559985,0.494162
8.560395,0.494161
8.560805,0.494160
8.561215,0.494159
8.561625,0.494158
8.562035,0.494157
8.562445,0.494156
8.562855,0.494155
8.563265,0.494154
8.563675,0.494153
8.564085,0.494152
8.564495,0.494151
8.564905,0.494150
8.565316,0.494149
8.565726,0.494148
8.566136,0.494147
8.566546,0.494146
8.566956,0.494145
8.567366,0.494144
8.567776,0.494143
8.568186,0.494141
8.568596,0.494140
8.569006,0.494139
8.569416,0.494139
8.569826,0.494137
8.570236,0.494136
8.570646,0.494135
8.571056,0.494134
8.571466,0.494133
8.571876,0.494132
8.572286,0.494131
8.572696,0.494130
8.573106,0.494129
8.573516,0.494128
8.573926,0.494127
8.574336,0.494126
8.574746,0.494125
8.575156,0.494124
8.575566,0.494123
8.575976,0.494122
8.576386,0.494121
8.576796,0.494120
8.577206,0.494119
8.577616,0.494118
8.578026,0.494117
8.578436,0.494116
8.578846,0.494115
8.579256,0.494114
8.579666,0.494113
8.580076,0.494111
8.580486,0.494111
8.580896,0.494109
8.581306,0.494108
8.581716,0.494107
8.582126,0.494106
8.582536,0.494105
8.582946,0.494104
8.583356,0.494103
8.583766,0.494102
8.584176,0.494101
8.584586,0.494100
8.584996,0.494099
8.585406,0.494098
8.585816,0.494097
8.586226,0.494096
8.586636,0.494095
8.587046,0.494094
8.587456,0.494093
8.587866,0.494092
8.588276,0.494091
8.588686,0.494090
8.589096,0.494089
8.589506,0.494088
8.589916,0.494087
8.590326,0.494086
8.590736,0.494085
8.591146,0.494084
8.591556,0.494083
8.591966,0.494082
8.592376,0.494081
8.592786,0.494080
8.593196,0.494079
8.593606,0.494078
8.594016,0.494077
8.594426,0.494076
8.594836,0.494075
8.595247,0.494074
8.595657,0.494073
8.596067,0.494072
8.596477,0.494071
8.596887,0.494070
8.597297,0.494069
8.597707,0.494068
8.598117,0.494067
8.598527,0.494066
8.598937,0.494065
8.599347,0.494064
8.599757,0.494063
8.600167,0.494062
8.600577,0.494061
8.600987,0.494060
8.601397,0.494058
8.601807,0.494058
8.602217,0.494056
8.602627,0.494056
8.603037,0.494055
8.603447,0.494054
8.603857,0.494053
8.604267,0.494052
8.604677,0.494051
8.605087,0.494050
8.605497,0.494049
8.605907,0.494048
8.606317,0.494047
8.606727,0.494045
8.607137,0.494045
8.607547,0.494044
8.607957,0.494043
8.608367,0.494042
8.608777,0.494041
8.609187,0.494040
8.609597,0.494039
8.610007,0.494037
8.610417,0.494037
8.610827,0.494036
8.611237,0.494035
8.611647,0.494034
8.612057,0.494033
8.612467,0.494032
8.612877,0.494031
8.613287,0.494030
8.613697,0.494029
8.614107,0.494028
8.614517,0.494027
8.614927,0.494026
8.615337,0.494025
8.615747,0.494024
8.616157,0.494023
8.616567,0.494022
8.616977,0.494021
8.617387,0.494020
8.617797,0.494019
8.618207,0.494018
8.618617,0.494017
8.619027,0.494016
8.619437,0.494015
8.619847,0.494014
8.620257,0.494013
8.620667,0.494012
8.621077,0.494011
8.621487,0.494010
8.621897,0.494009
8.622307,0.494008
8.622717,0.494007
8.623127,0.494006
8.623537,0.494005
8.623947,0.494004
8.624357,0.494003
8.624767,0.494002
8.625178,0.494001
8.625588,0.494000
8.625998,0.493999
8.626408,0.493998
8.626818,0.493997
8.627228,0.493996
8.627638,0.493995
8.628048,0.493994
8.628458,0.493993
8.628868,0.493992
8.629278,0.493991
8.629688,0.493990
8.630098,0.493989
8.630508,0.493988
8.630918,0.493987
8.631328,0.493986
8.631738,0.493985
8.632148,0.493984
8.632558,0.493983
8.632968,0.493982
8.633378,0.493981
8.633788,0.493980
8.634198,0.493979
8.634608,0.493978
8.635018,0.493977
8.635428,0.493977
8.635838,0.493976
8.636248,0.493975
8.636658,0.493973
8.637068,0.493973
8.637478,0.493972
8.637888,0.493971
8.638298,0.493970
8.638708,0.493969
8.639118,0.493968
8.639528,0.493967
8.639938,0.493966
8.640348,0.493965
8.640758,0.493964
8.641168,0.493963
8.641578,0.493962
8.641988,0.493961
8.642398,0.493960
8.642808,0.493959
8.643218,0.493958
8.643628,0.493957
8.644038,0.493956
8.644448,0.493955
8.644858,0.493954
8.645268,0.493953
8.645678,0.493952
8.646088,0.493951
8.646498,0.493950
8.646908,0.493949
8.647318,0.493948
8.647728,0.493947
8.648138,0.493946
8.648548,0.493945
8.648958,0.493945
8.649368,0.493944
8.649778,0.493943
8.650188,0.493942
8.650598,0.493941
8.651008,0.493940
8.651418,0.493939
8.651828,0.493938
8.652238,0.493937
8.652648,0.493936
8.653058,0.493935
8.653468,0.493934
8.653878,0.493933
8.654288,0.493932
8.654698,0.493931
8.655109,0.493930
8.655519,0.493929
8.655929,0.493928
8.656339,0.493927
8.656749,0.493926
8.657159,0.493925
8.657569,0.493924
8.657979,0.493924
8.658389,0.493923
8.658799,0.493922
8.659209,0.493921
8.659619,0.493920
8.660029,0.493919
8.660439,0.493918
8.660849,0.493917
8.661259,0.493916
8.661669,0.493915
8.662079,0.493914
8.662489,0.493913
8.662899,0.493912
8.663309,0.493911
8.663719,0.493910
8.664129,0.493909
8.664539,0.493908
8.664949,0.493907
8.665359,0.493906
8.665769,0.493906
8.666179,0.493905
8.666589,0.493903
8.666999,0.493903
8.667409,0.493902
8.667819,0.493901
8.668229,0.493900
8.668639,0.493899
8.669049,0.493898
8.669459,0.493897
8.669869,0.493896
8.670279,0.493895
8.670689,0.493894
8.671099,0.493893
8.671509,0.493892
8.671919,0.493892
8.672329,0.493890
8.672739,0.493890
8.673149,0.493888
8.673559,0.493887
8.673969,0.493887
8.674379,0.493886
8.674789,0.493885
8.675199,0.493884
8.675609,0.493883
8.676019,0.493882
8.676429,0.493881
8.676839,0.493880
8.677249,0.493879
8.677659,0.493878
8.678069,0.493877
8.678479,0.493876
8.678889,0.493875
8.679299,0.493875
8.679709,0.493874
8.680119,0.493873
8.680529,0.493872
8.680939,0.493871
8.681349,0.493870
8.681759,0.493869
8.682169,0.493868
8.682579,0.493867
8.682989,0.493866
8.683399,0.493865
8.683809,0.493864
8.684219,0.493863
8.684629,0.493862
8.685040,0.493861
8.685450,0.493861
8.685860,0.493860
8.686270,0.493859
8.686680,0.493858
8.687090,0.493857
8.687500,0.493856
8.687910,0.493855
8.688320,0.493854
8.688730,0.493853
8.689140,0.493852
8.689550,0.493851
8.689960,0.493851
8.690370,0.493849
8.690780,0.493849
8.691190,0.493848
8.691600,0.493847
8.692010,0.493846
8.692420,0.493845
8.692830,0.493844
8.693240,0.493843
8.693650,0.493842
8.694060,0.493841
8.694470,0.493840
8.694880,0.493839
8.695290,0.493838
8.695700,0.493838
8.696110,0.493837
8.696520,0.493836
8.696930,0.493835
8.697340,0.493834
8.697750,0.493833
8.698160,0.493832
8.698570,0.493831
8.698980,0.493830
8.699390,0.493829
8.699800,0.493828
8.700210,0.493828
8.700620,0.493827
8.701030,0.493826
8.701440,0.493825
8.701850,0.493824
8.702260,0.493823
8.702670,0.493822
8.703080,0.493821
8.703490,0.493820
8.703900,0.493819
8.704310,0.493818
8.704720,0.493818
8.705130,0.493817
8.705540,0.493816
8.705950,0.493815
8.706360,0.493814
8.706770,0.493813
8.707180,0.493812
8.707590,0.493811
8.708000,0.493810
8.708410,0.493809
8.708820,0.493808
8.709230,0.493808
8.709640,0.493807
8.710050,0.493806
8.710460,0.493805
8.710870,0.493804
8.711280,0.493803
8.711690,0.493802
8.712100,0.493801
8.712510,0.493800
8.712920,0.493799
8.713330,0.493799
8.713740,0.493798
8.714150,0.493797
8.714560,0.493796
8.714970,0.493795
8.715381,0.493794
8.715791,0.493793
8.716201,0.493792
8.716611,0.493791
8.717021,0.493790
8.717431,0.493790
8.717841,0.493788
8.718251,0.493788
8.718661,0.493787
8.719071,0.493786
8.719481,0.493785
8.719891,0.493784
8.720301,0.493783
8.720711,0.493782
8.721121,0.493781
8.721531,0.493781
8.721941,0.493780
8.722351,0.493779
8.722761,0.493778
8.723171,0.493777
8.723581,0.493776
8.723991,0.493775
8.724401,0.493774
8.724811,0.493773
8.725221,0.493772
8.725631,0.493771
8.726041,0.493771
8.726451,0.493770
8.726861,0.493769
8.727271,0.493768
8.727681,0.493767
8.728091,0.493766
8.728501,0.493765
8.728911,0.493765
8.729321,0.493764
8.729731,0.493762
8.730141,0.493762
8.730551,0.493761
8.730961,0.493760
8.731371,0.493759
8.731781,0.493758
8.732191,0.493757
8.732601,0.493756
8.733011,0.493756
8.733421,0.493755
8.733831,0.493754
8.734241,0.493753
8.734651,0.493752
8.735061,0.493751
8.735471,0.493750
8.735881,0.493749
8.736291,0.493748
8.736701,0.493748
8.737111,0.493747
8.737521,0.493746
8.737931,0.493745
8.738341,0.493744
8.738751,0.493743
8.739161,0.493742
8.739571,0.493742
8.739981,0.493741
8.740391,0.493740
8.740801,0.493739
8.741211,0.493738
8.741621,0.493737
8.742031,0.493736
8.742441,0.493735
8.742851,0.493735
8.743261,0.493734
8.743671,0.493733
8.744081,0.493732
8.744491,0.493731
8.744901,0.493730
8.745312,0.493729
8.745722,0.493728
8.746132,0.493727
8.746542,0.493727
8.746952,0.493726
8.747362,0.493725
8.747772,0.493724
8.748182,0.493723
8.748592,0.493722
8.749002,0.493721
8.749412,0.493721
8.749822,0.493720
8.750232,0.493719
8.750642,0.493718
8.751052,0.493717
8.751462,0.493716
8.751872,0.493715
8.752282,0.493714
8.752692,0.493713
8.753102,0.493713
8.753512,0.493712
8.753922,0.493711
8.754332,0.493710
8.754742,0.493709
8.755152,0.493708
8.755562,0.493708
8.755972,0.493707
8.756382,0.493706
8.756792,0.493705
8.757202,0.493704
8.757612,0.493703
8.758022,0.493702
8.758432,0.493702
8.758842,0.493701
8.759252,0.493700
8.759662,0.493699
8.760072,0.493698
8.760482,0.493697
8.760892,0.493696
8.761302,0.493695
8.761712,0.493695
8.762122,0.493694
8.762532,0.493693
8.762942,0.493692
8.763352,0.493691
8.763762,0.493690
8.764172,0.493689
8.764582,0.493689
8.764992,0.493688
8.765402,0.493687
8.765812,0.493686
8.766222,0.493685
8.766632,0.493684
8.767042,0.493684
8.767452,0.493683
8.767862,0.493682
8.768272,0.493681
8.768682,0.493680
8.769092,0.493679
8.769502,0.493678
8.769912,0.493677
8.770322,0.493677
8.770732,0.493676
8.771142,0.493675
8.771552,0.493674
8.771962,0.493673
8.772372,0.493672
8.772782,0.493672
8.773192,0.493671
8.773602,0.493670
8.774012,0.493669
8.774422,0.493668
8.774832,0.493667
8.775243,0.493666
8.775653,0.493666
8.776063,0.493665
8.776473,0.493664
8.776883,0.493663
8.777293,0.493662
8.777703,0.493661
8.778113,0.493661
8.778523,0.493660
8.778933,0.493659
8.779343,0.493658
8.779753,0.493657
8.780163,0.493656
8.780573,0.493655
8.780983,0.493655
8.781393,0.493654
8.781803,0.493653
8.782213,0.493652
8.782623,0.493651
8.783033,0.493650
8.783443,0.493649
8.783853,0.493649
8.784263,0.493648
8.784673,0.493647
8.785083,0.493646
8.785493,0.493646
8.785903,0.493645
8.786313,0.493644
8.786723,0.493643
8.787133,0.493642
8.787543,0.493641
8.787953,0.493640
8.788363,0.493639
8.788773,0.493639
8.789183,0.493638
8.789593,0.493637
8.790003,0.493636
8.790413,0.493636
8.790823,0.493635
8.791233,0.493634
8.791643,0.493633
8.792053,0.493632
8.792463,0.493631
8.792873,0.493630
8.793283,0.493629
8.793693,0.493629
8.794103,0.493628
8.794513,0.493627
8.794923,0.493626
8.795333,0.493625
8.795743,0.493625
8.796153,0.493624
8.796563,0.493623
8.796973,0.493622
8.797383,0.493621
8.797793,0.493621
8.798203,0.493620
8.798613,0.493619
8.799023,0.493618
8.799433,0.493617
8.799843,0.493616
8.800253,0.493616
8.800663,0.493615
8.801073,0.493614
8.801483,0.493613
8.801893,0.493612
8.802303,0.493611
8.802713,0.493611
8.803123,0.493610
8.803533,0.493609
8.803943,0.493608
8.804353,0.493607
8.804763,0.493606
8.805174,0.493606
8.805584,0.493605
8.805994,0.493604
8.806404,0.493603
8.806814,0.493602
8.807224,0.493601
8.807634,0.493601
8.808044,0.493600
8.808454,0.493599
8.808864,0.493598
8.809274,0.493598
8.809684,0.493596
8.810094,0.493596
8.810504,0.493595
8.810914,0.493594
8.811324,0.493593
8.811734,0.493593
8.812144,0.493592
8.812554,0.493591
8.812964,0.493590
8.813374,0.493589
8.813784,0.493588
8.814194,0.493587
8.814604,0.493586
8.815014,0.493586
8.815424,0.493585
8.815834,0.493584
8.816244,0.493583
8.816654,0.493583
8.817064,0.493582
8.817474,0.493581
8.817884,0.493580
8.818294,0.493579
8.818704,0.493579
8.819114,0.493578
8.819524,0.493577
8.819934,0.493576
8.820344,0.493575
8.820754,0.493574
8.821164,0.493574
8.821574,0.493573
8.821984,0.493572
8.822394,0.493571
8.822804,0.493570
8.823214,0.493570
8.823624,0.493569
8.824034,0.493568
8.824444,0.493567
8.824854,0.493566
8.825264,0.493565
8.825674,0.493565
8.826084,0.493564
8.826494,0.493563
8.826904,0.493563
8.827314,0.493562
8.827724,0.493561
8.828134,0.493560
8.828544,0.493559
8.828954,0.493558
8.829364,0.493557
8.829774,0.493557
8.830184,0.493556
8.830594,0.493555
8.831004,0.493554
8.831414,0.493553
8.831824,0.493553
8.832234,0.493552
8.832644,0.493551
8.833054,0.493550
8.833464,0.493550
8.833874,0.493549
8.834284,0.493548
8.834694,0.493547
8.835105,0.493546
8.835515,0.493546
8.835925,0.493545
8.836335,0.493544
8.836745,0.493543
8.837155,0.493542
8.837565,0.493542
8.837975,0.493541
8.838385,0.493540
8.838795,0.493539
8.839205,0.493538
8.839615,0.493538
8.840025,0.493537
8.840435,0.493536
8.840845,0.493535
8.841255,0.493534
8.841665,0.493534
8.842075,0.493533
8.842485,0.493532
8.842895,0.493531
8.843305,0.493530
8.843715,0.493530
8.844125,0.493529
8.844535,0.493528
8.844945,0.493527
8.845355,0.493526
8.845765,0.493526
8.846175,0.493525
8.846585,0.493524
8.846995,0.493523
8.847405,0.493522
8.847815,0.493522
8.848225,0.493521
8.848635,0.493520
8.849045,0.493519
8.849455,0.493519
8.849865,0.493518
8.850275,0.493517
8.850685,0.493516
8.851095,0.493515
8.851505,0.493515
8.851915,0.493514
8.852325,0.493513
8.852735,0.493512
8.853145,0.493511
8.853555,0.493511
8.853965,0.493510
8.854375,0.493509
8.854785,0.493509
8.855195,0.493508
8.855605,0.493507
8.856015,0.493506
8.856425,0.493505
8.856835,0.493504
8.857245,0.493504
8.857655,0.493503
8.858065,0.493502
8.858475,0.493501
8.858885,0.493501
8.859295,0.493500
8.859705,0.493499
8.860115,0.493498
8.860525,0.493497
8.860935,0.493497
8.861345,0.493496
8.861755,0.493495
8.862165,0.493494
8.862575,0.493493
8.862985,0.493493
8.863395,0.493492
8.863805,0.493491
8.864215,0.493490
8.864625,0.493490
8.865036,0.493489
8.865446,0.493488
8.865856,0.493487
8.866266,0.493486
8.866676,0.493486
8.867086,0.493485
8.867496,0.493484
8.867906,0.493483
8.868316,0.493483
8.868726,0.493482
8.869136,0.493481
8.869546,0.493480
8.869956,0.493480
8.870366,0.493479
8.870776,0.493478
8.871186,0.493477
8.871596,0.493476
8.872006,0.493476
8.872416,0.493475
8.872826,0.493474
8.873236,0.493473
8.873646,0.493473
8.874056,0.493472
8.874466,0.493471
8.874876,0.493470
8.875286,0.493470
8.875696,0.493469
8.876106,0.493468
8.876516,0.493467
8.876926,0.493467
8.877336,0.493466
8.877746,0.493465
8.878156,0.493464
8.878566,0.493464
8.878976,0.493463
8.879386,0.493462
8.879796,0.493461
8.880206,0.493460
8.880616,0.493460
8.881026,0.493459
8.881436,0.493458
8.881846,0.493457
8.882256,0.493457
8.882666,0.493456
8.883076,0.493455
8.883486,0.493454
8.883896,0.493454
8.884306,0.493453
8.884716,0.493452
8.885126,0.493451
8.885536,0.493451
8.885946,0.493450
8.886356,0.493449
8.886766,0.493448
8.887176,0.493448
8.887586,0.493447
8.887996,0.493446
8.888406,0.493445
8.888816,0.493444
8.889226,0.493444
8.889636,0.493443
8.890046,0.493442
8.890456,0.493441
8.890866,0.493441
8.891276,0.493440
8.891686,0.493439
8.892096,0.493438
8.892506,0.493438
8.892916,0.493437
8.893326,0.493436
8.893736,0.493435
8.894146,0.493435
8.894556,0.493434
8.894966,0.493433
8.895377,0.493432
8.895787,0.493432
8.896197,0.493431
8.896607,0.493430
8.897017,0.493429
8.897427,0.493429
8.897837,0.493428
8.898247,0.493427
8.898657,0.493426
8.899067,0.493425
8.899477,0.493425
8.899887,0.493424
8.900297,0.493423
8.900707,0.493423
8.901117,0.493422
8.901527,0.493421
8.901937,0.493420
8.902347,0.493420
8.902757,0.493419
8.903167,0.493418
8.903577,0.493417
8.903987,0.493417
8.904397,0.493416
8.904807,0.493415
8.905217,0.493414
8.905627,0.493414
8.906037,0.493413
8.906447,0.493412
8.906857,0.493412
8.907267,0.493411
8.907677,0.493410
8.908087,0.493409
8.908497,0.493408
8.908907,0.493408
8.909317,0.493407
8.909727,0.493406
8.910137,0.493406
8.910547,0.493405
8.910957,0.493404
8.911367,0.493403
8.911777,0.493402
8.912187,0.493402
8.912597,0.493401
8.913007,0.493400
8.913417,0.493400
8.913827,0.493399
8.914237,0.493398
8.914647,0.493397
8.915057,0.493397
8.915467,0.493396
8.915877,0.493395
8.916287,0.493394
8.916697,0.493394
8.917107,0.493393
8.917517,0.493392
8.917927,0.493391
8.918337,0.493391
8.918747,0.493390
8.919157,0.493389
8.919567,0.493388
8.919977,0.493388
8.920387,0.493387
8.920797,0.493386
8.921207,0.493386
8.921617,0.493385
8.922027,0.493384
8.922437,0.493383
8.922847,0.493383
8.923257,0.493382
8.923667,0.493381
8.924077,0.493380
8.924487,0.493380
8.924897,0.493379
8.925308,0.493378
8.925718,0.493377
8.926128,0.493377
8.926538,0.493376
8.926948,0.493375
8.927358,0.493375
8.927768,0.493374
8.928178,0.493373
8.928588,0.493372
8.928998,0.493372
8.929408,0.493371
8.929818,0.493370
8.930228,0.493370
8.930638,0.493369
8.931048,0.493368
8.931458,0.493367
8.931868,0.493366
8.932278,0.493366
8.932688,0.493365
8.933098,0.493364
8.933508,0.493364
8.933918,0.493363
8.934328,0.493362
8.934738,0.493361
8.935148,0.493361
8.935558,0.493360
8.935968,0.493359
8.936378,0.493359
8.936788,0.493358
8.937198,0.493357
8.937608,0.493356
8.938018,0.493356
8.938428,0.493355
8.938838,0.493354
8.939248,0.493353
8.939658,0.493353
8.940068,0.493352
8.940478,0.493351
8.940888,0.493350
8.941298,0.493350
8.941708,0.493349
8.942118,0.493348
8.942528,0.493348
8.942938,0.493347
8.943348,0.493346
8.943758,0.493346
8.944168,0.493345
8.944578,0.493344
8.944988,0.493343
8.945398,0.493343
8.945808,0.493342
8.946218,0.493341
8.946628,0.493341
8.947038,0.493340
8.947448,0.493339
8.947858,0.493338
8.948268,0.493338
8.948678,0.493337
8.949088,0.493336
8.949498,0.493335
8.949908,0.493335
8.950318,0.493334
8.950728,0.493334
8.951138,0.493333
8.951548,0.493332
8.951958,0.493331
8.952368,0.493331
8.952778,0.493330
8.953188,0.493329
8.953598,0.493328
8.954008,0.493328
8.954418,0.493327
8.954828,0.493326
8.955239,0.493326
8.955649,0.493325
8.956059,0.493324
8.956469,0.493324
8.956879,0.493323
8.957289,0.493322
8.957699,0.493321
8.958109,0.493321
8.958519,0.493320
8.958929,0.493319
8.959339,0.493319
8.959749,0.493318
8.960159,0.493317
8.960569,0.493316
8.960979,0.493316
8.961389,0.493315
8.961799,0.493314
8.962209,0.493314
8.962619,0.493313
8.963029,0.493312
8.963439,0.493311
8.963849,0.493311
8.964259,0.493310
8.964669,0.493309
8.965079,0.493309
8.965489,0.493308
8.965899,0.493307
8.966309,0.493307
8.966719,0.493306
8.967129,0.493305
8.967539,0.493305
8.967949,0.493304
8.968359,0.493303
8.968769,0.493302
8.969179,0.493302
8.969589,0.493301
8.969999,0.493300
8.970409,0.493300
8.970819,0.493299
8.971229,0.493298
8.971639,0.493297
8.972049,0.493297
8.972459,0.493296
8.972869,0.493295
8.973279,0.493295
8.973689,0.493294
8.974099,0.493293
8.974509,0.493293
8.974919,0.493292
8.975329,0.493291
8.975739,0.493290
8.976149,0.493290
8.976559,0.493289
8.976969,0.493288
8.977379,0.493288
8.977789,0.493287
8.978199,0.493286
8.978609,0.493286
8.979019,0.493285
8.979429,0.493284
8.979839,0.493284
8.980249,0.493283
8.980659,0.493282
8.981069,0.493281
8.981479,0.493281
8.981889,0.493280
8.982299,0.493280
8.982709,0.493279
8.983119,0.493278
8.983529,0.493277
8.983939,0.493277
8.984349,0.493276
8.984759,0.493275
8.985170,0.493275
8.985580,0.493274
8.985990,0.493273
8.986400,0.493273
8.986810,0.493272
8.987220,0.493271
8.987630,0.493270
8.988040,0.493270
8.988450,0.493269
8.988860,0.493269
8.989270,0.493268
8.989680,0.493267
8.990090,0.493266
8.990500,0.493265
8.990910,0.493265
8.991320,0.493264
8.991730,0.493264
8.992140,0.493263
8.992550,0.493262
8.992960,0.493262
8.993370,0.493261
8.993780,0.493260
8.994190,0.493260
8.994600,0.493259
8.995010,0.493258
8.995420,0.493258
8.995830,0.493257
8.996240,0.493256
8.996650,0.493256
8.997060,0.493255
8.997470,0.493254
8.997880,0.493253
8.998290,0.493253
8.998700,0.493252
8.999110,0.493251
8.999520,0.493251
8.999930,0.493250
9.000340,0.493249
9.000750,0.493249
9.001160,0.493248
9.001570,0.493247
9.001980,0.493247
9.002390,0.493246
9.002800,0.493245
9.003210,0.493245
9.003620,0.493244
9.004030,0.493243
9.004440,0.493243
9.004850,0.493242
9.005260,0.493241
9.005670,0.493241
9.006080,0.493240
9.006490,0.493239
9.006900,0.493239
9.007310,0.493238
9.007720,0.493237
9.008130,0.493237
9.008540,0.493236
9.008950,0.493235
9.009360,0.493234
9.009770,0.493234
9.010180,0.493233
9.010590,0.493232
9.011000,0.493232
9.011410,0.493231
9.011820,0.493230
9.012230,0.493230
9.012640,0.493229
9.013050,0.493228
9.013460,0.493228
9.013870,0.493227
9.014280,0.493226
9.014690,0.493226
9.015101,0.493225
9.015511,0.493224
9.015921,0.493224
9.016331,0.493223
9.016741,0.493222
9.017151,0.493222
9.017561,0.493221
9.017971,0.493220
9.018381,0.493220
9.018791,0.493219
9.019201,0.493218
9.019611,0.493218
9.020021,0.493217
9.020431,0.493216
9.020841,0.493216
9.021251,0.493215
9.021661,0.493215
9.022071,0.493214
9.022481,0.493213
9.022891,0.493213
9.023301,0.493212
9.023711,0.493211
9.024121,0.493210
9.024531,0.493210
9.024941,0.493209
9.025351,0.493208
9.025761,0.493208
9.026171,0.493207
9.026581,0.493207
9.026991,0.493206
9.027401,0.493205
9.027811,0.493205
9.028221,0.493204
9.028631,0.493203
9.029041,0.493202
9.029451,0.493202
9.029861,0.493201
9.030271,0.493201
9.030681,0.493200
9.031091,0.493199
9.031501,0.493199
9.031911,0.493198
9.032321,0.493197
9.032731,0.493197
9.033141,0.493196
9.033551,0.493195
9.033961,0.493195
9.034371,0.493194
9.034781,0.493193
9.035191,0.493193
9.035601,0.493192
9.036011,0.493191
9.036421,0.493191
9.036831,0.493190
9.037241,0.493190
9.037651,0.493189
9.038061,0.493188
9.038471,0.493187
9.038881,0.493187
9.039291,0.493186
9.039701,0.493186
9.040111,0.493185
9.040521,0.493184
9.040931,0.493183
9.041341,0.493183
9.041751,0.493182
9.042161,0.493182
9.042571,0.493181
9.042981,0.493180
9.043391,0.493180
9.043801,0.493179
9.044211,0.493178
9.044621,0.493178
9.045032,0.493177
9.045442,0.493176
9.045852,0.493176
9.046262,0.493175
9.046672,0.493174
9.047082,0.493174
9.047492,0.493173
9.047902,0.493172
9.048312,0.493172
9.048722,0.493171
9.049132,0.493171
9.049542,0.493170
9.049952,0.493169
9.050362,0.493169
9.050772,0.493168
9.051182,0.493167
9.051592,0.493167
9.052002,0.493166
9.052412,0.493165
9.052822,0.493165
9.053232,0.493164
9.053642,0.493163
9.054052,0.493163
9.054462,0.493162
9.054872,0.493162
9.055282,0.493161
9.055692,0.493160
9.056102,0.493160
9.056512,0.493159
9.056922,0.493158
9.057332,0.493158
9.057742,0.493157
9.058152,0.493156
9.058562,0.493156
9.058972,0.493155
9.059382,0.493154
9.059792,0.493154
9.060202,0.493153
9.060612,0.493152
9.061022,0.493152
9.061432,0.493151
9.061842,0.493151
9.062252,0.493150
9.062662,0.493149
9.063072,0.493149
9.063482,0.493148
9.063892,0.493147
9.064302,0.493147
9.064712,0.493146
9.065122,0.493146
9.065532,0.493145
9.065942,0.493144
9.066352,0.493144
9.066762,0.493143
9.067172,0.493142
9.067582,0.493142
9.067992,0.493141
9.068402,0.493140
9.068812,0.493140
9.069222,0.493139
9.069632,0.493138
9.070042,0.493138
9.070452,0.493137
9.070862,0.493137
9.071272,0.493136
9.071682,0.493135
9.072092,0.493135
9.072502,0.493134
9.072912,0.493133
9.073322,0.493133
9.073732,0.493132
9.074142,0.493132
9.074552,0.493131
9.074962,0.493130
9.075373,0.493130
9.075783,0.493129
9.076193,0.493128
9.076603,0.493128
9.077013,0.493127
9.077423,0.493127
9.077833,0.493126
9.078243,0.493125
9.078653,0.493125
9.079063,0.493124
9.079473,0.493123
9.079883,0.493123
9.080293,0.493122
9.080703,0.493121
9.081113,0.493121
9.081523,0.493120
9.081933,0.493120
9.082343,0.493119
9.082753,0.493118
9.083163,0.493118
9.083573,0.493117
9.083983,0.493117
9.084393,0.493116
9.084803,0.493115
9.085213,0.493115
9.085623,0.493114
9.086033,0.493113
9.086443,0.493113
9.086853,0.493112
9.087263,0.493112
9.087673,0.493111
9.088083,0.493110
9.088493,0.493110
9.088903,0.493109
9.089313,0.493108
9.089723,0.493108
9.090133,0.493107
9.090543,0.493107
9.090953,0.493106
9.091363,0.493105
9.091773,0.493105
9.092183,0.493104
9.092593,0.493104
9.093003,0.493103
9.093413,0.493102
9.093823,0.493102
9.094233,0.493101
9.094643,0.493100
9.095053,0.493100
9.095463,0.493099
9.095873,0.493099
9.096283,0.493098
9.096693,0.493097
9.097103,0.493097
9.097513,0.493096
9.097923,0.493095
9.098333,0.493095
9.098743,0.493094
9.099153,0.493094
9.099563,0.493093
9.099973,0.493092
9.100383,0.493092
9.100793,0.493091
9.101203,0.493090
9.101613,0.493090
9.102023,0.493089
9.102433,0.493089
9.102843,0.493088
9.103253,0.493088
9.103663,0.493087
9.104073,0.493086
9.104483,0.493086
9.104893,0.493085
9.105304,0.493084
9.105714,0.493084
9.106124,0.493083
9.106534,0.493082
9.106944,0.493082
9.107354,0.493081
9.107764,0.493081
9.108174,0.493080
9.108584,0.493079
9.108994,0.493079
9.109404,0.493078
9.109814,0.493078
9.110224,0.493077
9.110634,0.493077
9.111044,0.493076
9.111454,0.493075
9.111864,0.493075
9.112274,0.493074
9.112684,0.493073
9.113094,0.493073
9.113504,0.493072
9.113914,0.493072
9.114324,0.493071
9.114734,0.493070
9.115144,0.493070
9.115554,0.493069
9.115964,0.493069
9.116374,0.493068
9.116784,0.493067
9.117194,0.493067
9.117604,0.493066
9.118014,0.493065
9.118424,0.493065
9.118834,0.493064
9.119244,0.493064
9.119654,0.493063
9.120064,0.493062
9.120474,0.493062
9.120884,0.493061
9.121294,0.493061
9.121704,0.493060
9.122114,0.493059
9.122524,0.493059
9.122934,0.493058
9.123344,0.493058
9.123754,0.493057
9.124164,0.493056
9.124574,0.493056
9.124984,0.493055
9.125394,0.493055
9.125804,0.493054
9.126214,0.493053
9.126624,0.493053
9.127034,0.493052
9.127444,0.493052
9.127854,0.493051
9.128264,0.493050
9.128674,0.493050
9.129084,0.493049
9.129494,0.493049
9.129904,0.493048
9.130314,0.493047
9.130724,0.493047
9.131134,0.493046
9.131544,0.493046
9.131954,0.493045
9.132364,0.493045
9.132774,0.493044
9.133184,0.493043
9.133594,0.493043
9.134004,0.493042
9.134414,0.493042
9.134824,0.493041
9.135235,0.493040
9.135645,0.493040
9.136055,0.493039
9.136465,0.493039
9.136875,0.493038
9.137285,0.493037
9.137695,0.493037
9.138105,0.493036
9.138515,0.493036
9.138925,0.493035
9.139335,0.493034
9.139745,0.493034
9.140155,0.493033
9.140565,0.493033
9.140975,0.493032
9.141385,0.493032
9.141795,0.493031
9.142205,0.493030
9.142615,0.493030
9.143025,0.493029
9.143435,0.493029
9.143845,0.493028
9.144255,0.493028
9.144665,0.493027
9.145075,0.493026
9.145485,0.493026
9.145895,0.493025
9.146305,0.493025
9.146715,0.493024
9.147125,0.493023
9.147535,0.493023
9.147945,0.493022
9.148355,0.493022
9.148765,0.493021
9.149175,0.493020
9.149585,0.493020
9.149995,0.493019
9.150405,0.493019
9.150815,0.493018
9.151225,0.493017
9.151635,0.493017
9.152045,0.493016
9.152455,0.493016
9.152865,0.493015
9.153275,0.493015
9.153685,0.493014
9.154095,0.493013
9.154505,0.493013
9.154915,0.493012
9.155325,0.493012
9.155735,0.493011
9.156145,0.493011
9.156555,0.493010
9.156965,0.493009
9.157375,0.493009
9.157785,0.493008
9.158195,0.493007
9.158605,0.493007
9.159015,0.493006
9.159425,0.493006
9.159835,0.493005
9.160245,0.493005
9.160655,0.493004
9.161065,0.493004
9.161475,0.493003
9.161885,0.493002
9.162295,0.493002
9.162705,0.493001
9.163115,0.493001
9.163525,0.493000
9.163935,0.492999
9.164345,0.492999
9.164755,0.492998
9.165166,0.492998
9.165576,0.492997
9.165986,0.492997
9.166396,0.492996
9.166806,0.492995
9.167216,0.492995
9.167626,0.492994
9.168036,0.492994
9.168446,0.492993
9.168856,0.492993
9.169266,0.492992
9.169676,0.492992
9.170086,0.492991
9.170496,0.492990
9.170906,0.492990
9.171316,0.492989
9.171726,0.492989
9.172136,0.492988
9.172546,0.492987
9.172956,0.492987
9.173366,0.492986
9.173776,0.492986
9.174186,0.492985
9.174596,0.492985
9.175006,0.492984
9.175416,0.492983
9.175826,0.492983
9.176236,0.492982
9.176646,0.492982
9.177056,0.492981
9.177466,0.492981
9.177876,0.492980
9.178286,0.492979
9.178696,0.492979
9.179106,0.492978
9.179516,0.492978
9.179926,0.492977
9.180336,0.492976
9.180746,0.492976
9.181156,0.492975
9.181566,0.492975
9.181976,0.492974
9.182386,0.492974
9.182796,0.492973
9.183206,0.492973
9.183616,0.492972
9.184026,0.492972
9.184436,0.492971
9.184846,0.492970
9.185256,0.492970
9.185666,0.492969
9.186076,0.492969
9.186486,0.492968
9.186896,0.492968
9.187306,0.492967
9.187716,0.492967
9.188126,0.492966
9.188536,0.492965
9.188946,0.492965
9.189356,0.492964
9.189766,0.492964
9.190176,0.492963
9.190586,0.492963
9.190996,0.492962
9.191406,0.492961
9.191816,0.492961
9.192226,0.492960
9.192636,0.492960
9.193046,0.492959
9.193456,0.492958
9.193866,0.492958
9.194276,0.492957
9.194686,0.492957
9.195097,0.492956
9.195507,0.492956
9.195917,0.492955
9.196327,0.492955
9.196737,0.492954
9.197147,0.492953
9.197557,0.492953
9.197967,0.492952
9.198377,0.492952
9.198787,0.492951
9.199197,0.492951
9.199607,0.492950
9.200017,0.492950
9.200427,0.492949
9.200837,0.492949
9.201247,0.492948
9.201657,0.492947
9.202067,0.492947
9.202477,0.492946
9.202887,0.492946
9.203297,0.492945
9.203707,0.492945
9.204117,0.492944
9.204527,0.492943
9.204937,0.492943
9.205347,0.492942
9.205757,0.492942
9.206167,0.492941
9.206577,0.492941
9.206987,0.492940
9.207397,0.492940
9.207807,0.492939
9.208217,0.492939
9.208627,0.492938
9.209037,0.492937
9.209447,0.492937
9.209857,0.492936
9.210267,0.492936
9.210677,0.492935
9.211087,0.492935
9.211497,0.492934
9.211907,0.492934
9.212317,0.492933
9.212727,0.492932
9.213137,0.492932
9.213547,0.492931
9.213957,0.492931
9.214367,0.492930
9.214777,0.492930
9.215187,0.492929
9.215597,0.492929
9.216007,0.492928
9.216417,0.492928
9.216827,0.492927
9.217237,0.492927
9.217647,0.492926
9.218057,0.492925
9.218467,0.492925
9.218877,0.492924
9.219287,0.492924
9.219697,0.492923
9.220107,0.492923
9.220517,0.492922
9.220927,0.492922
9.221337,0.492921
9.221747,0.492920
9.222157,0.492920
9.222567,0.492919
9.222977,0.492919
9.223387,0.492918
9.223797,0.492918
9.224207,0.492917
9.224617,0.492917
9.225028,0.492916
9.225438,0.492915
9.225848,0.492915
9.226258,0.492914
9.226668,0.492914
9.227078,0.492913
9.227488,0.492913
9.227898,0.492912
9.228308,0.492912
9.228718,0.492911
9.229128,0.492911
9.229538,0.492910
9.229948,0.492910
9.230358,0.492909
9.230768,0.492909
9.231178,0.492908
9.231588,0.492907
9.231998,0.492907
9.232408,0.492906
9.232818,0.492906
9.233228,0.492905
9.233638,0.492905
9.234048,0.492904
9.234458,0.492904
9.234868,0.492903
9.235278,0.492902
9.235688,0.492902
9.236098,0.492902
9.236508,0.492901
9.236918,0.492901
9.237328,0.492900
9.237738,0.492899
9.238148,0.492899
9.238558,0.492898
9.238968,0.492898
9.239378,0.492897
9.239788,0.492897
9.240198,0.492896
9.240608,0.492896
9.241018,0.492895
9.241428,0.492894
9.241838,0.492894
9.242248,0.492893
9.242658,0.492893
9.243068,0.492892
9.243478,0.492892
9.243888,0.492891
9.244298,0.492891
9.244708,0.492890
9.245118,0.492890
9.245528,0.492889
9.245938,0.492889
9.246348,0.492888
9.246758,0.492888
9.247168,0.492887
9.247578,0.492886
9.247988,0.492886
9.248398,0.492885
9.248808,0.492885
9.249218,0.492884
9.249628,0.492884
9.250038,0.492883
9.250448,0.492883
9.250858,0.492882
9.251268,0.492882
9.251678,0.492881
9.252088,0.492881
9.252498,0.492880
9.252908,0.492880
9.253318,0.492879
9.253728,0.492879
9.254138,0.492878
9.254548,0.492877
9.254958,0.492877
9.255369,0.492877
9.255779,0.492876
9.256189,0.492876
9.256599,0.492875
9.257009,0.492874
9.257419,0.492874
9.257829,0.492873
9.258239,0.492873
9.258649,0.492872
9.259059,0.492872
9.259469,0.492871
9.259879,0.492871
9.260289,0.492870
9.260699,0.492870
9.261109,0.492869
9.261519,0.492869
9.261929,0.492868
9.262339,0.492868
9.262749,0.492867
9.263159,0.492866
9.263569,0.492866
9.263979,0.492865
9.264389,0.492865
9.264799,0.492864
9.265209,0.492864
9.265619,0.492863
9.266029,0.492863
9.266439,0.492862
9.266849,0.492862
9.267259,0.492861
9.267669,0.492861
9.268079,0.492860
9.268489,0.492860
9.268899,0.492859
9.269309,0.492859
9.269719,0.492858
9.270129,0.492858
9.270539,0.492857
9.270949,0.492857
9.271359,0.492856
9.271769,0.492855
9.272179,0.492855
9.272589,0.492854
9.272999,0.492854
9.273409,0.492853
9.273819,0.492853
9.274229,0.492853
9.274639,0.492852
9.275049,0.492851
9.275459,0.492851
9.275869,0.492850
9.276279,0.492850
9.276689,0.492849
9.277099,0.492849
9.277509,0.492848
9.277919,0.492848
9.278329,0.492847
9.278739,0.492847
9.279149,0.492846
9.279559,0.492846
9.279969,0.492845
9.280379,0.492845
9.280789,0.492844
9.281199,0.492844
9.281609,0.492843
9.282019,0.492842
9.282429,0.492842
9.282839,0.492842
9.283249,0.492841
9.283659,0.492840
9.284069,0.492840
9.284479,0.492840
9.284889,0.492839
9.285300,0.492839
9.285710,0.492838
9.286120,0.492838
9.286530,0.492837
9.286940,0.492836
9.287350,0.492836
9.287760,0.492835
9.288170,0.492835
9.288580,0.492835
9.288990,0.492834
9.289400,0.492833
9.289810,0.492833
9.290220,0.492832
9.290630,0.492832
9.291040,0.492831
9.291450,0.492831
9.291860,0.492830
9.292270,0.492830
9.292680,0.492829
9.293090,0.492829
9.293500,0.492828
9.293910,0.492828
9.294320,0.492827
9.294730,0.492827
9.295140,0.492826
9.295550,0.492826
9.295960,0.492825
9.296370,0.492825
9.296780,0.492824
9.297190,0.492824
9.297600,0.492823
9.298010,0.492823
9.298420,0.492822
9.298830,0.492822
9.299240,0.492821
9.299650,0.492821
9.300060,0.492820
9.300470,0.492820
9.300880,0.492819
9.301290,0.492819
9.301700,0.492818
9.302110,0.492818
9.302520,0.492817
9.302930,0.492817
9.303340,0.492816
9.303750,0.492816
9.304160,0.492815
9.304570,0.492815
9.304980,0.492814
9.305390,0.492814
9.305800,0.492813
9.306210,0.492813
9.306620,0.492812
9.307030,0.492812
9.307440,0.492811
9.307850,0.492811
9.308260,0.492810
9.308670,0.492810
9.309080,0.492809
9.309490,0.492809
9.309900,0.492808
9.310310,0.492808
9.310720,0.492807
9.311130,0.492807
9.311540,0.492806
9.311950,0.492806
9.312360,0.492805
9.312770,0.492805
9.313180,0.492804
9.313590,0.492804
9.314000,0.492803
9.314410,0.492803
9.314820,0.492802
9.315231,0.492802
9.315641,0.492801
9.316051,0.492801
9.316461,0.492800
9.316871,0.492800
9.317281,0.492799
9.317691,0.492799
9.318101,0.492798
9.318511,0.492798
9.318921,0.492797
9.319331,0.492797
9.319741,0.492796
9.320151,0.492796
9.320561,0.492795
9.320971,0.492795
9.321381,0.492794
9.321791,0.492794
9.322201,0.492793
9.322611,0.492793
9.323021,0.492792
9.323431,0.492792
9.323841,0.492791
9.324251,0.492791
9.324661,0.492791
9.325071,0.492790
9.325481,0.492789
9.325891,0.492789
9.326301,0.492788
9.326711,0.492788
9.327121,0.492787
9.327531,0.492787
9.327941,0.492786
9.328351,0.492786
9.328761,0.492785
9.329171,0.492785
9.329581,0.492784
9.329991,0.492784
9.330401,0.492783
9.330811,0.492783
9.331221,0.492783
9.331631,0.492782
9.332041,0.492781
9.332451,0.492781
9.332861,0.492781
9.333271,0.492780
9.333681,0.492780
9.334091,0.492779
9.334501,0.492779
9.334911,0.492778
9.335321,0.492778
9.335731,0.492777
9.336141,0.492777
9.336551,0.492776
9.336961,0.492776
9.337371,0.492775
9.337781,0.492775
9.338191,0.492774
9.338601,0.492774
9.339011,0.492773
9.339421,0.492773
9.339831,0.492772
9.340241,0.492772
9.340651,0.492771
9.341061,0.492771
9.341471,0.492770
9.341881,0.492770
9.342291,0.492769
9.342701,0.492769
9.343111,0.492768
9.343521,0.492768
9.343931,0.492768
9.344341,0.492767
9.344751,0.492766
9.345162,0.492766
9.345572,0.492765
9.345982,0.492765
9.346392,0.492764
9.346802,0.492764
9.347212,0.492764
9.347622,0.492763
9.348032,0.492763
9.348442,0.492762
9.348852,0.492762
9.349262,0.492761
9.349672,0.492761
9.350082,0.492760
9.350492,0.492760
9.350902,0.492759
9.351312,0.492759
9.351722,0.492758
9.352132,0.492758
9.352542,0.492757
9.352952,0.492757
9.353362,0.492756
9.353772,0.492756
9.354182,0.492755
9.354592,0.492755
9.355002,0.492754
9.355412,0.492754
9.355822,0.492754
9.356232,0.492753
9.356642,0.492753
9.357052,0.492752
9.357462,0.492752
9.357872,0.492751
9.358282,0.492751
9.358692,0.492750
9.359102,0.492750
9.359512,0.492749
9.359922,0.492749
9.360332,0.492748
9.360742,0.492748
9.361152,0.492747
9.361562,0.492747
9.361972,0.492746
9.362382,0.492746
9.362792,0.492746
9.363202,0.492745
9.363612,0.492745
9.364022,0.492744
9.364432,0.492743
9.364842,0.492743
9.365252,0.492743
9.365662,0.492742
9.366072,0.492742
9.366482,0.492741
9.366892,0.492741
9.367302,0.492740
9.367712,0.492740
9.368122,0.492739
9.368532,0.492739
9.368942,0.492738
9.369352,0.492738
9.369762,0.492737
9.370172,0.492737
9.370582,0.492737
9.370992,0.492736
9.371402,0.492736
9.371812,0.492735
9.372222,0.492734
9.372632,0.492734
9.373042,0.492734
9.373452,0.492733
9.373862,0.492733
9.374272,0.492732
9.374682,0.492732
9.375093,0.492731
9.375503,0.492731
9.375913,0.492730
9.376323,0.492730
9.376733,0.492729
9.377143,0.492729
9.377553,0.492729
9.377963,0.492728
9.378373,0.492728
9.378783,0.492727
9.379193,0.492727
9.379603,0.492726
9.380013,0.492726
9.380423,0.492725
9.380833,0.492725
9.381243,0.492724
9.381653,0.492724
9.382063,0.492723
9.382473,0.492723
9.382883,0.492722
9.383293,0.492722
9.383703,0.492722
9.384113,0.492721
9.384523,0.492721
9.384933,0.492720
9.385343,0.492720
9.385753,0.492719
9.386163,0.492719
9.386573,0.492718
9.386983,0.492718
9.387393,0.492717
9.387803,0.492717
9.388213,0.492716
9.388623,0.492716
9.389033,0.492715
9.389443,0.492715
9.389853,0.492715
9.390263,0.492714
9.390673,0.492714
9.391083,0.492713
9.391493,0.492713
9.391903,0.492712
9.392313,0.492712
9.392723,0.492711
9.393133,0.492711
9.393543,0.492710
9.393953,0.492710
9.394363,0.492710
9.394773,0.492709
9.395183,0.492709
9.395593,0.492708
9.396003,0.492708
9.396413,0.492707
9.396823,0.492707
9.397233,0.492706
9.397643,0.492706
9.398053,0.492705
9.398463,0.492705
9.398873,0.492704
9.399283,0.492704
9.399693,0.492703
9.400103,0.492703
9.400513,0.492703
9.400923,0.492702
9.401333,0.492702
9.401743,0.492701
9.402153,0.492701
9.402563,0.492700
9.402973,0.492700
9.403383,0.492699
9.403793,0.492699
9.404203,0.492698
9.404613,0.492698
9.405024,0.492698
9.405434,0.492697
9.405844,0.492697
9.406254,0.492696
9.406664,0.492696
9.407074,0.492695
9.407484,0.492695
9.407894,0.492695
9.408304,0.492694
9.408714,0.492694
9.409124,0.492693
9.409534,0.492693
9.409944,0.492692
9.410354,0.492692
9.410764,0.492691
9.411174,0.492691
9.411584,0.492690
9.411994,0.492690
9.412404,0.492689
9.412814,0.492689
9.413224,0.492689
9.413634,0.492688
9.414044,0.492688
9.414454,0.492687
9.414864,0.492687
9.415274,0.492686
9.415684,0.492686
9.416094,0.492685
9.416504,0.492685
9.416914,0.492684
9.417324,0.492684
9.417734,0.492684
9.418144,0.492683
9.418554,0.492683
9.418964,0.492682
9.419374,0.492682
9.419784,0.492681
9.420194,0.492681
9.420604,0.492680
9.421014,0.492680
9.421424,0.492680
9.421834,0.492679
9.422244,0.492679
9.422654,0.492678
9.423064,0.492678
9.423474,0.492677
9.423884,0.492677
9.424294,0.492677
9.424704,0.492676
9.425114,0.492676
9.425524,0.492675
9.425934,0.492675
9.426344,0.492674
9.426754,0.492674
9.427164,0.492673
9.427574,0.492673
9.427984,0.492672
9.428394,0.492672
9.428804,0.492671
9.429214,0.492671
9.429624,0.492671
9.430034,0.492670
9.430444,0.492670
9.430854,0.492669
9.431264,0.492669
9.431674,0.492668
9.432084,0.492668
9.432494,0.492668
9.432904,0.492667
9.433314,0.492667
9.433724,0.492666
9.434134,0.492666
9.434544,0.492665
9.434954,0.492665
9.435365,0.492664
9.435775,0.492664
9.436185,0.492664
9.436595,0.492663
9.437005,0.492663
9.437415,0.492662
9.437825,0.492662
9.438235,0.492661
9.438645,0.492661
9.439055,0.492661
9.439465,0.492660
9.439875,0.492660
9.440285,0.492659
9.440695,0.492659
9.441105,0.492658
9.441515,0.492658
9.441925,0.492657
9.442335,0.492657
9.442745,0.492656
9.443155,0.492656
9.443565,0.492656
9.443975,0.492655
9.444385,0.492655
9.444795,0.492654
9.445205,0.492654
9.445615,0.492654
9.446025,0.492653
9.446435,0.492653
9.446845,0.492652
9.447255,0.492652
9.447665,0.492651
9.448075,0.492651
9.448485,0.492650
9.448895,0.492650
9.449305,0.492650
9.449715,0.492649
9.450125,0.492649
9.450535,0.492648
9.450945,0.492648
9.451355,0.492647
9.451765,0.492647
9.452175,0.492647
9.452585,0.492646
9.452995,0.492646
9.453405,0.492645
9.453815,0.492645
9.454225,0.492644
9.454635,0.492644
9.455045,0.492643
9.455455,0.492643
9.455865,0.492643
9.456275,0.492642
9.456685,0.492642
9.457095,0.492641
9.457505,0.492641
9.457915,0.492640
9.458325,0.492640
9.458735,0.492640
9.459145,0.492639
9.459555,0.492639
9.459965,0.492638
9.460375,0.492638
9.460785,0.492638
9.461195,0.492637
9.461605,0.492637
9.462015,0.492636
9.462425,0.492636
9.462835,0.492635
9.463245,0.492635
9.463655,0.492634
9.464065,0.492634
9.464475,0.492633
9.464885,0.492633
9.465296,0.492633
9.465706,0.492632
9.466116,0.492632
9.466526,0.492631
9.466936,0.492631
9.467346,0.492631
9.467756,0.492630
9.468166,0.492630
9.468576,0.492629
9.468986,0.492629
9.469396,0.492629
9.469806,0.492628
9.470216,0.492628
9.470626,0.492627
9.471036,0.492627
9.471446,0.492626
9.471856,0.492626
9.472266,0.492625
9.472676,0.492625
9.473086,0.492625
9.473496,0.492624
9.473906,0.492624
9.474316,0.492623
9.474726,0.492623
9.475136,0.492622
9.475546,0.492622
9.475956,0.492622
9.476366,0.492621
9.476776,0.492621
9.477186,0.492620
9.477596,0.492620
9.478006,0.492620
9.478416,0.492619
9.478826,0.492619
9.479236,0.492618
9.479646,0.492618
9.480056,0.492617
9.480466,0.492617
9.480876,0.492617
9.481286,0.492616
9.481696,0.492616
9.482106,0.492615
9.482516,0.492615
9.482926,0.492615
9.483336,0.492614
9.483746,0.492613
9.484156,0.492613
9.484566,0.492613
9.484976,0.492612
9.485386,0.492612
9.485796,0.492612
9.486206,0.492611
9.486616,0.492611
9.487026,0.492610
9.487436,0.492610
9.487846,0.492609
9.488256,0.492609
9.488666,0.492609
9.489076,0.492608
9.489486,0.492608
9.489896,0.492607
9.490306,0.492607
9.490716,0.492606
9.491126,0.492606
9.491536,0.492606
9.491946,0.492605
9.492356,0.492605
9.492766,0.492604
9.493176,0.492604
9.493586,0.492603
9.493996,0.492603
9.494406,0.492603
9.494816,0.492602
9.495227,0.492602
9.495637,0.492601
9.496047,0.492601
9.496457,0.492601
9.496867,0.492600
9.497277,0.492600
9.497687,0.492599
9.498097,0.492599
9.498507,0.492598
9.498917,0.492598
9.499327,0.492598
9.499737,0.492597
9.500147,0.492597
9.500557,0.492597
9.500967,0.492596
9.501377,0.492596
9.501787,0.492595
9.502197,0.492595
9.502607,0.492594
9.503017,0.492594
9.503427,0.492594
9.503837,0.492593
9.504247,0.492593
9.504657,0.492592
9.505067,0.492592
9.505477,0.492592
9.505887,0.492591
9.506297,0.492591
9.506707,0.492590
9.507117,0.492590
9.507527,0.492590
9.507937,0.492589
9.508347,0.492589
9.508757,0.492588
9.509167,0.492588
9.509577,0.492587
9.509987,0.492587
9.510397,0.492587
9.510807,0.492586
9.511217,0.492586
9.511627,0.492585
9.512037,0.492585
9.512447,0.492585
9.512857,0.492584
9.513267,0.492584
9.513677,0.492583
9.514087,0.492583
9.514497,0.492582
9.514907,0.492582
9.515317,0.492582
9.515727,0.492581
9.516137,0.492581
9.516547,0.492581
9.516957,0.492580
9.517367,0.492580
9.517777,0.492579
9.518187,0.492579
9.518597,0.492578
9.519007,0.492578
9.519417,0.492578
9.519827,0.492577
9.520237,0.492577
9.520647,0.492576
9.521057,0.492576
9.521467,0.492576
9.521877,0.492575
9.522287,0.492575
9.522697,0.492574
9.523107,0.492574
9.523517,0.492573
9.523927,0.492573
9.524337,0.492573
9.524747,0.492572
9.525158,0.492572
9.525568,0.492572
9.525978,0.492571
9.526388,0.492571
9.526798,0.492570
9.527208,0.492570
9.527618,0.492569
9.528028,0.492569
9.528438,0.492569
9.528848,0.492568
9.529258,0.492568
9.529668,0.492568
9.530078,0.492567
9.530488,0.492567
9.530898,0.492566
9.531308,0.492566
9.531718,0.492565
9.532128,0.492565
9.532538,0.492565
9.532948,0.492564
9.533358,0.492564
9.533768,0.492563
9.534178,0.492563
9.534588,0.492563
9.534998,0.492562
9.535408,0.492562
9.535818,0.492562
9.536228,0.492561
9.536638,0.492561
9.537048,0.492560
9.537458,0.492560
9.537868,0.492560
9.538278,0.492559
9.538688,0.492559
9.539098,0.492558
9.539508,0.492558
9.539918,0.492557
9.540328,0.492557
9.540738,0.492557
9.541148,0.492556
9.541558,0.492556
9.541968,0.492556
9.542378,0.492555
9.542788,0.492555
9.543198,0.492554
9.543608,0.492554
9.544018,0.492554
9.544428,0.492553
9.544838,0.492553
9.545248,0.492552
9.545658,0.492552
9.546068,0.492552
9.546478,0.492551
9.546888,0.492551
9.547298,0.492550
9.547708,0.492550
9.548118,0.492550
9.548528,0.492549
9.548938,0.492549
9.549348,0.492548
9.549758,0.492548
9.550168,0.492548
9.550578,0.492547
9.550988,0.492547
9.551398,0.492546
9.551808,0.492546
9.552218,0.492546
9.552628,0.492545
9.553038,0.492545
9.553448,0.492545
9.553858,0.492544
9.554268,0.492544
9.554678,0.492543
9.555089,0.492543
9.555499,0.492542
9.555909,0.492542
9.556319,0.492542
9.556729,0.492541
9.557139,0.492541
9.557549,0.492541
9.557959,0.492540
9.558369,0.492540
9.558779,0.492539
9.559189,0.492539
9.559599,0.492539
9.560009,0.492538
9.560419,0.492538
9.560829,0.492537
9.561239,0.492537
9.561649,0.492536
9.562059,0.492536
9.562469,0.492536
9.562879,0.492535
9.563289,0.492535
9.563699,0.492535
9.564109,0.492534
9.564519,0.492534
9.564929,0.492534
9.565339,0.492533
9.565749,0.492533
9.566159,0.492532
9.566569,0.492532
9.566979,0.492532
9.567389,0.492531
9.567799,0.492531
9.568209,0.492531
9.568619,0.492530
9.569029,0.492530
9.569439,0.492529
9.569849,0.492529
9.570259,0.492528
9.570669,0.492528
9.571079,0.492528
9.571489,0.492527
9.571899,0.492527
9.572309,0.492527
9.572719,0.492526
9.573129,0.492526
9.573539,0.492525
9.573949,0.492525
9.574359,0.492525
9.574769,0.492524
9.575179,0.492524
9.575589,0.492523
9.575999,0.492523
9.576409,0.492523
9.576819,0.492522
9.577229,0.492522
9.577639,0.492522
9.578049,0.492521
9.578459,0.492521
9.578869,0.492520
9.579279,0.492520
9.579689,0.492520
9.580099,0.492519
9.580509,0.492519
9.580919,0.492518
9.581329,0.492518
9.581739,0.492518
9.582149,0.492517
9.582559,0.492517
9.582969,0.492516
9.583379,0.492516
9.583789,0.492516
9.584199,0.492515
9.584609,0.492515
9.585020,0.492515
9.585430,0.492514
9.585840,0.492514
9.586250,0.492513
9.586660,0.492513
9.587070,0.492513
9.587480,0.492512
9.587890,0.492512
9.588300,0.492512
9.588710,0.492511
9.589120,0.492511
9.589530,0.492510
9.589940,0.492510
9.590350,0.492510
9.590760,0.492509
9.591170,0.492509
9.591580,0.492509
9.591990,0.492508
9.592400,0.492508
9.592810,0.492508
9.593220,0.492507
9.593630,0.492507
9.594040,0.492506
9.594450,0.492506
9.594860,0.492506
9.595270,0.492505
9.595680,0.492505
9.596090,0.492504
9.596500,0.492504
9.596910,0.492503
9.597320,0.492503
9.597730,0.492503
9.598140,0.492503
9.598550,0.492502
9.598960,0.492502
9.599370,0.492501
9.599780,0.492501
9.600190,0.492501
9.600600,0.492500
9.601010,0.492500
9.601420,0.492500
9.601830,0.492499
9.602240,0.492499
9.602650,0.492499
9.603060,0.492498
9.603470,0.492498
9.603880,0.492497
9.604290,0.492497
9.604700,0.492496
9.605110,0.492496
9.605520,0.492496
9.605930,0.492495
9.606340,0.492495
9.606750,0.492495
9.607160,0.492494
9.607570,0.492494
9.607980,0.492494
9.608390,0.492493
9.608800,0.492493
9.609210,0.492492
9.609620,0.492492
9.610030,0.492492
9.610440,0.492491
9.610850,0.492491
9.611260,0.492491
9.611670,0.492491
9.612080,0.492490
9.612490,0.492490
9.612900,0.492489
9.613310,0.492489
9.613720,0.492488
9.614130,0.492488
9.614540,0.492487
9.614950,0.492487
9.615361,0.492487
9.615771,0.492487
9.616181,0.492486
9.616591,0.492486
9.617001,0.492485
9.617411,0.492485
9.617821,0.492485
9.618231,0.492484
9.618641,0.492484
9.619051,0.492484
9.619461,0.492483
9.619871,0.492483
9.620281,0.492483
9.620691,0.492482
9.621101,0.492482
9.621511,0.492481
9.621921,0.492481
9.622331,0.492481
9.622741,0.492480
9.623151,0.492480
9.623561,0.492479
9.623971,0.492479
9.624381,0.492479
9.624791,0.492478
9.625201,0.492478
9.625611,0.492478
9.626021,0.492477
9.626431,0.492477
9.626841,0.492477
9.627251,0.492476
9.627661,0.492476
9.628071,0.492475
9.628481,0.492475
9.628891,0.492475
9.629301,0.492474
9.629711,0.492474
9.630121,0.492474
9.630531,0.492473
9.630941,0.492473
9.631351,0.492472
9.631761,0.492472
9.632171,0.492472
9.632581,0.492472
9.632991,0.492471
9.633401,0.492471
9.633811,0.492470
9.634221,0.492470
9.634631,0.492470
9.635041,0.492469
9.635451,0.492469
9.635861,0.492469
9.636271,0.492468
9.636681,0.492468
9.637091,0.492468
9.637501,0.492467
9.637911,0.492467
9.638321,0.492466
9.638731,0.492466
9.639141,0.492466
9.639551,0.492465
9.639961,0.492465
9.640371,0.492465
9.640781,0.492464
9.641191,0.492464
9.641601,0.492464
9.642011,0.492463
9.642421,0.492463
9.642831,0.492462
9.643241,0.492462
9.643651,0.492462
9.644061,0.492461
9.644471,0.492461
9.644881,0.492461
9.645292,0.492460
9.645702,0.492460
9.646112,0.492460
9.646522,0.492459
9.646932,0.492459
9.647342,0.492459
9.647752,0.492458
9.648162,0.492458
9.648572,0.492458
9.648982,0.492457
9.649392,0.492457
9.649802,0.492456
9.650212,0.492456
9.650622,0.492456
9.651032,0.492455
9.651442,0.492455
9.651852,0.492454
9.652262,0.492454
9.652672,0.492454
9.653082,0.492453
9.653492,0.492453
9.653902,0.492453
9.654312,0.492452
9.654722,0.492452
9.655132,0.492452
9.655542,0.492451
9.655952,0.492451
9.656362,0.492451
9.656772,0.492450
9.657182,0.492450
9.657592,0.492449
9.658002,0.492449
9.658412,0.492449
9.658822,0.492449
9.659232,0.492448
9.659642,0.492448
9.660052,0.492448
9.660462,0.492447
9.660872,0.492447
9.661282,0.492446
9.661692,0.492446
9.662102,0.492446
9.662512,0.492445
9.662922,0.492445
9.663332,0.492445
9.663742,0.492444
9.664152,0.492444
9.664562,0.492444
9.664972,0.492443
9.665382,0.492443
9.665792,0.492443
9.666202,0.492442
9.666612,0.492442
9.667022,0.492441
9.667432,0.492441
9.667842,0.492441
9.668252,0.492440
9.668662,0.492440
9.669072,0.492440
9.669482,0.492439
9.669892,0.492439
9.670302,0.492439
9.670712,0.492438
9.671122,0.492438
9.671532,0.492438
9.671942,0.492437
9.672352,0.492437
9.672762,0.492437
9.673172,0.492436
9.673582,0.492436
9.673992,0.492436
9.674402,0.492435
9.674812,0.492435
9.675223,0.492435
9.675633,0.492434
9.676043,0.492434
9.676453,0.492433
9.676863,0.492433
9.677273,0.492433
9.677683,0.492432
9.678093,0.492432
9.678503,0.492432
9.678913,0.492431
9.679323,0.492431
9.679733,0.492431
9.680143,0.492430
9.680553,0.492430
9.680963,0.492430
9.681373,0.492429
9.681783,0.492429
9.682193,0.492429
9.682603,0.492428
9.683013,0.492428
9.683423,0.492428
9.683833,0.492427
9.684243,0.492427
9.684653,0.492427
9.685063,0.492426
9.685473,0.492426
9.685883,0.492426
9.686293,0.492425
9.686703,0.492425
9.687113,0.492424
9.687523,0.492424
9.687933,0.492424
9.688343,0.492423
9.688753,0.492423
9.689163,0.492423
9.689573,0.492422
9.689983,0.492422
9.690393,0.492422
9.690803,0.492421
9.691213,0.492421
9.691623,0.492421
9.692033,0.492420
9.692443,0.492420
9.692853,0.492420
9.693263,0.492419
9.693673,0.492419
9.694083,0.492419
9.694493,0.492418
9.694903,0.492418
9.695313,0.492418
9.695723,0.492417
9.696133,0.492417
9.696543,0.492417
9.696953,0.492416
9.697363,0.492416
9.697773,0.492415
9.698183,0.492415
9.698593,0.492415
9.699003,0.492415
9.699413,0.492414
9.699823,0.492414
9.700233,0.492414
9.700643,0.492413
9.701053,0.492413
9.701463,0.492413
9.701873,0.492412
9.702283,0.492412
9.702693,0.492411
9.703103,0.492411
9.703513,0.492411
9.703923,0.492410
9.704333,0.492410
9.704743,0.492410
9.705154,0.492409
9.705564,0.492409
9.705974,0.492409
9.706384,0.492409
9.706794,0.492408
9.707204,0.492408
9.707614,0.492408
9.708024,0.492407
9.708434,0.492407
9.708844,0.492406
9.709254,0.492406
9.709664,0.492406
9.710074,0.492405
9.710484,0.492405
9.710894,0.492405
9.711304,0.492404
9.711714,0.492404
9.712124,0.492404
9.712534,0.492403
9.712944,0.492403
9.713354,0.492403
9.713764,0.492402
9.714174,0.492402
9.714584,0.492402
9.714994,0.492401
9.715404,0.492401
9.715814,0.492401
9.716224,0.492400
9.716634,0.492400
9.717044,0.492400
9.717454,0.492399
9.717864,0.492399
9.718274,0.492399
9.718684,0.492398
9.719094,0.492398
9.719504,0.492398
9.719914,0.492397
9.720324,0.492397
9.720734,0.492397
9.721144,0.492396
9.721554,0.492396
9.721964,0.492396
9.722374,0.492395
9.722784,0.492395
9.723194,0.492395
9.723604,0.492394
9.724014,0.492394
9.724424,0.492394
9.724834,0.492393
9.725244,0.492393
9.725654,0.492393
9.726064,0.492392
9.726474,0.492392
9.726884,0.492392
9.727294,0.492391
9.727704,0.492391
9.728114,0.492391
9.728524,0.492390
9.728934,0.492390
9.729344,0.492390
9.729754,0.492389
9.730164,0.492389
9.730574,0.492389
9.730984,0.492388
9.731394,0.492388
9.731804,0.492388
9.732214,0.492387
9.732624,0.492387
9.733034,0.492387
9.733444,0.492386
9.733854,0.492386
9.734264,0.492386
9.734674,0.492385
9.735085,0.492385
9.735495,0.492385
9.735905,0.492384
9.736315,0.492384
9.736725,0.492384
9.737135,0.492383
9.737545,0.492383
9.737955,0.492383
9.738365,0.492383
9.738775,0.492382
9.739185,0.492382
9.739595,0.492381
9.740005,0.492381
9.740415,0.492381
9.740825,0.492381
9.741235,0.492380
9.741645,0.492380
9.742055,0.492379
9.742465,0.492379
9.742875,0.492379
9.743285,0.492379
9.743695,0.492378
9.744105,0.492378
9.744515,0.492378
9.744925,0.492377
9.745335,0.492377
9.745745,0.492377
9.746155,0.492376
9.746565,0.492376
9.746975,0.492376
9.747385,0.492375
9.747795,0.492375
9.748205,0.492375
9.748615,0.492374
9.749025,0.492374
9.749435,0.492374
9.749845,0.492374
9.750255,0.492373
9.750665,0.492373
9.751075,0.492372
9.751485,0.492372
9.751895,0.492372
9.752305,0.492371
9.752715,0.492371
9.753125,0.492371
9.753535,0.492370
9.753945,0.492370
9.754355,0.492370
9.754765,0.492370
9.755175,0.492369
9.755585,0.492369
9.755995,0.492369
9.756405,0.492368
9.756815,0.492368
9.757225,0.492368
9.757635,0.492367
9.758045,0.492367
9.758455,0.492367
9.758865,0.492366
9.759275,0.492366
9.759685,0.492366
9.760095,0.492365
9.760505,0.492365
9.760915,0.492365
9.761325,0.492364
9.761735,0.492364
9.762145,0.492364
9.762555,0.492363
9.762965,0.492363
9.763375,0.492363
9.763785,0.492362
9.764195,0.492362
9.764605,0.492362
9.765016,0.492362
9.765426,0.492361
9.765836,0.492361
9.766246,0.492361
9.766656,0.492360
9.767066,0.492360
9.767476,0.492360
9.767886,0.492359
9.768296,0.492359
9.768706,0.492359
9.769116,0.492358
9.769526,0.492358
9.769936,0.492358
9.770346,0.492357
9.770756,0.492357
9.771166,0.492357
9.771576,0.492356
9.771986,0.492356
9.772396,0.492356
9.772806,0.492355
9.773216,0.492355
9.773626,0.492355
9.774036,0.492355
9.774446,0.492354
9.774856,0.492354
9.775266,0.492353
9.775676,0.492353
9.776086,0.492353
9.776496,0.492353
9.776906,0.492352
9.777316,0.492352
9.777726,0.492352
9.778136,0.492351
9.778546,0.492351
9.778956,0.492351
9.779366,0.492350
9.779776,0.492350
9.780186,0.492350
9.780596,0.492350
9.781006,0.492349
9.781416,0.492349
9.781826,0.492349
9.782236,0.492348
9.782646,0.492348
9.783056,0.492348
9.783466,0.492347
9.783876,0.492347
9.784286,0.492347
9.784696,0.492346
9.785106,0.492346
9.785516,0.492346
9.785926,0.492345
9.786336,0.492345
9.786746,0.492345
9.787156,0.492344
9.787566,0.492344
9.787976,0.492344
9.788386,0.492343
9.788796,0.492343
9.789206,0.492343
9.789616,0.492343
9.790026,0.492342
9.790436,0.492342
9.790846,0.492342
9.791256,0.492341
9.791666,0.492341
9.792076,0.492341
9.792486,0.492340
9.792896,0.492340
9.793306,0.492340
9.793716,0.492340
9.794126,0.492339
9.794536,0.492339
9.794946,0.492339
9.795357,0.492338
9.795767,0.492338
9.796177,0.492338
9.796587,0.492337
9.796997,0.492337
9.797407,0.492337
9.797817,0.492336
9.798227,0.492336
9.798637,0.492336
9.799047,0.492335
9.799457,0.492335
9.799867,0.492335
9.800277,0.492335
9.800687,0.492334
9.801097,0.492334
9.801507,0.492334
9.801917,0.492333
9.802327,0.492333
9.802737,0.492333
9.803147,0.492333
9.803557,0.492332
9.803967,0.492332
9.804377,0.492332
9.804787,0.492331
9.805197,0.492331
9.805607,0.492330
9.806017,0.492330
9.806427,0.492330
9.806837,0.492330
9.807247,0.492329
9.807657,0.492329
9.808067,0.492329
9.808477,0.492328
9.808887,0.492328
9.809297,0.492328
9.809707,0.492327
9.810117,0.492327
9.810527,0.492327
9.810937,0.492327
9.811347,0.492326
9.811757,0.492326
9.812167,0.492326
9.812577,0.492325
9.812987,0.492325
9.813397,0.492325
9.813807,0.492325
9.814217,0.492324
9.814627,0.492324
9.815037,0.492324
9.815447,0.492323
9.815857,0.492323
9.816267,0.492323
9.816677,0.492322
9.817087,0.492322
9.817497,0.492322
9.817907,0.492321
9.818317,0.492321
9.818727,0.492321
9.819137,0.492321
9.819547,0.492320
9.819957,0.492320
9.820367,0.492320
9.820777,0.492319
9.821187,0.492319
9.821597,0.492319
9.822007,0.492318
9.822417,0.492318
9.822827,0.492318
9.823237,0.492318
9.823647,0.492317
9.824057,0.492317
9.824467,0.492317
9.824877,0.492316
9.825288,0.492316
9.825698,0.492316
9.826108,0.492315
9.826518,0.492315
9.826928,0.492315
9.827338,0.492314
9.827748,0.492314
9.828158,0.492314
9.828568,0.492314
9.828978,0.492313
9.829388,0.492313
9.829798,0.492313
9.830208,0.492312
9.830618,0.492312
9.831028,0.492312
9.831438,0.492312
9.831848,0.492311
9.832258,0.492311
9.832668,0.492311
9.833078,0.492310
9.833488,0.492310
9.833898,0.492310
9.834308,0.492309
9.834718,0.492309
9.835128,0.492309
9.835538,0.492309
9.835948,0.492308
9.836358,0.492308
9.836768,0.492308
9.837178,0.492307
9.837588,0.492307
9.837998,0.492307
9.838408,0.492306
9.838818,0.492306
9.839228,0.492306
9.839638,0.492306
9.840048,0.492305
9.840458,0.492305
9.840868,0.492305
9.841278,0.492305
9.841688,0.492304
9.842098,0.492304
9.842508,0.492303
9.842918,0.492303
9.843328,0.492303
9.843738,0.492303
9.844148,0.492302
9.844558,0.492302
9.844968,0.492302
9.845378,0.492301
9.845788,0.492301
9.846198,0.492301
9.846608,0.492300
9.847018,0.492300
9.847428,0.492300
9.847838,0.492300
9.848248,0.492299
9.848658,0.492299
9.849068,0.492299
9.849478,0.492299
9.849888,0.492298
9.850298,0.492298
9.850708,0.492297
9.851118,0.492297
9.851528,0.492297
9.851938,0.492297
9.852348,0.492296
9.852758,0.492296
9.853168,0.492296
9.853578,0.492296
9.853988,0.492295
9.854398,0.492295
9.854808,0.492295
9.855219,0.492294
9.855629,0.492294
9.856039,0.492294
9.856449,0.492294
9.856859,0.492293
9.857269,0.492293
9.857679,0.492293
9.858089,0.492292
9.858499,0.492292
9.858909,0.492292
9.859319,0.492291
9.859729,0.492291
9.860139,0.492291
9.860549,0.492291
9.860959,0.492290
9.861369,0.492290
9.861779,0.492290
9.862189,0.492289
9.862599,0.492289
9.863009,0.492289
9.863419,0.492288
9.863829,0.492288
9.864239,0.492288
9.864649,0.492288
9.865059,0.492287
9.865469,0.492287
9.865879,0.492287
9.866289,0.492286
9.866699,0.492286
9.867109,0.492286
9.867519,0.492286
9.867929,0.492285
9.868339,0.492285
9.868749,0.492285
9.869159,0.492285
9.869569,0.492284
9.869979,0.492284
9.870389,0.492284
9.870799,0.492283
9.871209,0.492283
9.871619,0.492283
9.872029,0.492282
9.872439,0.492282
9.872849,0.492282
9.873259,0.492282
9.873669,0.492281
9.874079,0.492281
9.874489,0.492281
9.874899,0.492280
9.875309,0.492280
9.875719,0.492280
9.876129,0.492280
9.876539,0.492279
9.876949,0.492279
9.877359,0.492279
9.877769,0.492278
9.878179,0.492278
9.878589,0.492278
9.878999,0.492278
9.879409,0.492277
9.879819,0.492277
9.880229,0.492277
9.880639,0.492277
9.881049,0.492276
9.881459,0.492276
9.881869,0.492276
9.882279,0.492275
9.882689,0.492275
9.883099,0.492275
9.883509,0.492275
9.883919,0.492274
9.884329,0.492274
9.884739,0.492274
9.885150,0.492273
9.885560,0.492273
9.885970,0.492273
9.886380,0.492273
9.886790,0.492272
9.887200,0.492272
9.887610,0.492272
9.888020,0.492271
9.888430,0.492271
9.888840,0.492271
9.889250,0.492271
9.889660,0.492270
9.890070,0.492270
9.890480,0.492270
9.890890,0.492269
9.891300,0.492269
9.891710,0.492269
9.892120,0.492269
9.892530,0.492268
9.892940,0.492268
9.893350,0.492268
9.893760,0.492268
9.894170,0.492267
9.894580,0.492267
9.894990,0.492267
9.895400,0.492266
9.895810,0.492266
9.896220,0.492266
9.896630,0.492266
9.897040,0.492265
9.897450,0.492265
9.897860,0.492265
9.898270,0.492264
9.898680,0.492264
9.899090,0.492264
9.899500,0.492263
9.899910,0.492263
9.900320,0.492263
9.900730,0.492263
9.901140,0.492262
9.901550,0.492262
9.901960,0.492262
9.902370,0.492262
9.902780,0.492261
9.903190,0.492261
9.903600,0.492261
9.904010,0.492261
9.904420,0.492260
9.904830,0.492260
9.905240,0.492260
9.905650,0.492259
9.906060,0.492259
9.906470,0.492259
9.906880,0.492259
9.907290,0.492258
9.907700,0.492258
9.908110,0.492258
9.908520,0.492258
9.908930,0.492257
9.909340,0.492257
9.909750,0.492256
9.910160,0.492256
9.910570,0.492256
9.910980,0.492256
9.911390,0.492256
9.911800,0.492255
9.912210,0.492255
9.912620,0.492255
9.913030,0.492254
9.913440,0.492254
9.913850,0.492254
9.914260,0.492254
9.914670,0.492253
9.915081,0.492253
9.915491,0.492253
9.915901,0.492252
9.916311,0.492252
9.916721,0.492252
9.917131,0.492252
9.917541,0.492251
9.917951,0.492251
9.918361,0.492251
9.918771,0.492251
9.919181,0.492250
9.919591,0.492250
9.920001,0.492250
9.920411,0.492249
9.920821,0.492249
9.921231,0.492249
9.921641,0.492249
9.922051,0.492248
9.922461,0.492248
9.922871,0.492248
9.923281,0.492248
9.923691,0.492247
9.924101,0.492247
9.924511,0.492247
9.924921,0.492246
9.925331,0.492246
9.925741,0.492246
9.926151,0.492246
9.926561,0.492245
9.926971,0.492245
9.927381,0.492245
9.927791,0.492245
9.928201,0.492244
9.928611,0.492244
9.929021,0.492244
9.929431,0.492243
9.929841,0.492243
9.930251,0.492243
9.930661,0.492243
9.931071,0.492242
9.931481,0.492242
9.931891,0.492242
9.932301,0.492242
9.932711,0.492241
9.933121,0.492241
9.933531,0.492241
9.933941,0.492240
9.934351,0.492240
9.934761,0.492240
9.935171,0.492240
9.935581,0.492239
9.935991,0.492239
9.936401,0.492239
9.936811,0.492239
9.937221,0.492238
9.937631,0.492238
9.938041,0.492238
9.938451,0.492237
9.938861,0.492237
9.939271,0.492237
9.939681,0.492237
9.940091,0.492236
9.940501,0.492236
9.940911,0.492236
9.941321,0.492236
9.941731,0.492235
9.942141,0.492235
9.942551,0.492235
9.942961,0.492235
9.943371,0.492234
9.943781,0.492234
9.944191,0.492234
9.944601,0.492234
9.945012,0.492233
9.945422,0.492233
9.945832,0.492233
9.946242,0.492232
9.946652,0.492232
9.947062,0.492232
9.947472,0.492232
9.947882,0.492231
9.948292,0.492231
9.948702,0.492231
9.949112,0.492231
9.949522,0.492230
9.949932,0.492230
9.950342,0.492230
9.950752,0.492230
9.951162,0.492229
9.951572,0.492229
9.951982,0.492229
9.952392,0.492229
9.952802,0.492228
9.953212,0.492228
9.953622,0.492228
9.954032,0.492227
9.954442,0.492227
9.954852,0.492227
9.955262,0.492227
9.955672,0.492226
9.956082,0.492226
9.956492,0.492226
9.956902,0.492225
9.957312,0.492225
9.957722,0.492225
9.958132,0.492225
9.958542,0.492224
9.958952,0.492224
9.959362,0.492224
9.959772,0.492224
9.960182,0.492223
9.960592,0.492223
9.961002,0.492223
9.961412,0.492223
9.961822,0.492222
9.962232,0.492222
9.962642,0.492222
9.963052,0.492221
9.963462,0.492221
9.963872,0.492221
9.964282,0.492221
9.964692,0.492221
9.965102,0.492220
9.965512,0.492220
9.965922,0.492220
9.966332,0.492219
9.966742,0.492219
9.967152,0.492219
9.967562,0.492219
9.967972,0.492218
9.968382,0.492218
9.968792,0.492218
9.969202,0.492217
9.969612,0.492217
9.970022,0.492217
9.970432,0.492217
9.970842,0.492217
9.971252,0.492216
9.971662,0.492216
9.972072,0.492216
9.972482,0.492215
9.972892,0.492215
9.973302,0.492215
9.973712,0.492215
9.974122,0.492214
9.974532,0.492214
9.974942,0.492214
9.975353,0.492214
9.975763,0.492213
9.976173,0.492213
9.976583,0.492213
9.976993,0.492213
9.977403,0.492213
9.977813,0.492212
9.978223,0.492212
9.978633,0.492212
9.979043,0.492212
9.979453,0.492211
9.979863,0.492211
9.980273,0.492211
9.980683,0.492210
9.981093,0.492210
9.981503,0.492210
9.981913,0.492209
9.982323,0.492209
9.982733,0.492209
9.983143,0.492209
9.983553,0.492209
9.983963,0.492208
9.984373,0.492208
9.984783,0.492208
9.985193,0.492208
9.985603,0.492207
9.986013,0.492207
9.986423,0.492207
9.986833,0.492207
9.987243,0.492206
9.987653,0.492206
9.988063,0.492206
9.988473,0.492205
9.988883,0.492205
9.989293,0.492205
9.989703,0.492205
9.990113,0.492205
9.990523,0.492204
9.990933,0.492204
9.991343,0.492204
9.991753,0.492204
9.992163,0.492203
9.992573,0.492203
9.992983,0.492203
9.993393,0.492202
9.993803,0.492202
9.994213,0.492202
9.994623,0.492202
9.995033,0.492201
9.995443,0.492201
9.995853,0.492201
9.996263,0.492201
9.996673,0.492200
9.997083,0.492200
9.997493,0.492200
9.997903,0.492200
9.998313,0.492199
9.998723,0.492199
9.999133,0.492199
9.999543,0.492199
9.999953,0.492198
10.000363,0.492198
10.000773,0.492198
10.001183,0.492198
10.001593,0.492198
10.002003,0.492197
10.002413,0.492197
10.002823,0.492197
10.003233,0.492196
10.003643,0.492196
10.004053,0.492196
10.004463,0.492196
10.004873,0.492195
10.005284,0.492195
10.005694,0.492195
10.006104,0.492195
10.006514,0.492195
10.006924,0.492194
10.007334,0.492194
10.007744,0.492194
10.008154,0.492193
10.008564,0.492193
10.008974,0.492193
10.009384,0.492193
10.009794,0.492192
10.010204,0.492192
10.010614,0.492192
10.011024,0.492192
10.011434,0.492191
10.011844,0.492191
10.012254,0.492191
10.012664,0.492191
10.013074,0.492191
10.013484,0.492190
10.013894,0.492190
10.014304,0.492190
10.014714,0.492189
10.015124,0.492189
10.015534,0.492189
10.015944,0.492189
10.016354,0.492188
10.016764,0.492188
10.017174,0.492188
10.017584,0.492188
10.017994,0.492187
10.018404,0.492187
10.018814,0.492187
10.019224,0.492186
10.019634,0.492186
10.020044,0.492186
10.020454,0.492186
10.020864,0.492186
10.021274,0.492185
10.021684,0.492185
10.022094,0.492185
10.022504,0.492185
10.022914,0.492184
10.023324,0.492184
10.023734,0.492184
10.024144,0.492184
10.024554,0.492184
10.024964,0.492183
10.025374,0.492183
10.025784,0.492183
10.026194,0.492183
10.026604,0.492182
10.027014,0.492182
10.027424,0.492182
10.027834,0.492182
10.028244,0.492181
10.028654,0.492181
10.029064,0.492181
10.029474,0.492180
10.029884,0.492180
10.030294,0.492180
10.030704,0.492180
10.031114,0.492180
10.031524,0.492179
10.031934,0.492179
10.032344,0.492179
10.032754,0.492178
10.033164,0.492178
10.033574,0.492178
10.033984,0.492178
10.034394,0.492177
10.034804,0.492177
10.035215,0.492177
10.035625,0.492177
10.036035,0.492177
10.036445,0.492176
10.036855,0.492176
10.037265,0.492176
10.037675,0.492176
10.038085,0.492175
10.038495,0.492175
10.038905,0.492175
10.039315,0.492175
10.039725,0.492174
10.040135,0.492174
10.040545,0.492174
10.040955,0.492174
10.041365,0.492173
10.041775,0.492173
10.042185,0.492173
10.042595,0.492173
10.043005,0.492172
10.043415,0.492172
10.043825,0.492172
10.044235,0.492172
10.044645,0.492171
10.045055,0.492171
10.045465,0.492171
10.045875,0.492171
10.046285,0.492171
10.046695,0.492170
10.047105,0.492170
10.047515,0.492170
10.047925,0.492169
10.048335,0.492169
10.048745,0.492169
10.049155,0.492169
10.049565,0.492169
10.049975,0.492168
10.050385,0.492168
10.050795,0.492168
10.051205,0.492168
10.051615,0.492167
10.052025,0.492167
10.052435,0.492167
10.052845,0.492167
10.053255,0.492166
10.053665,0.492166
10.054075,0.492166
10.054485,0.492166
10.054895,0.492165
10.055305,0.492165
10.055715,0.492165
10.056125,0.492165
10.056535,0.492164
10.056945,0.492164
10.057355,0.492164
10.057765,0.492164
10.058175,0.492163
10.058585,0.492163
10.058995,0.492163
10.059405,0.492163
10.059815,0.492163
10.060225,0.492162
10.060635,0.492162
10.061045,0.492162
10.061455,0.492161
10.061865,0.492161
10.062275,0.492161
10.062685,0.492161
10.063095,0.492161
10.063505,0.492160
10.063915,0.492160
10.064325,0.492160
10.064735,0.492160
10.065146,0.492159
10.065556,0.492159
10.065966,0.492159
10.066376,0.492159
10.066786,0.492158
10.067196,0.492158
10.067606,0.492158
10.068016,0.492158
10.068426,0.492157
10.068836,0.492157
10.069246,0.492157
10.069656,0.492157
10.070066,0.492157
10.070476,0.492156
10.070886,0.492156
10.071296,0.492156
10.071706,0.492156
10.072116,0.492155
10.072526,0.492155
10.072936,0.492155
10.073346,0.492155
10.073756,0.492154
10.074166,0.492154
10.074576,0.492154
10.074986,0.492154
10.075396,0.492153
10.075806,0.492153
10.076216,0.492153
10.076626,0.492153
10.077036,0.492153
10.077446,0.492152
10.077856,0.492152
10.078266,0.492152
10.078676,0.492152
10.079086,0.492151
10.079496,0.492151
10.079906,0.492151
10.080316,0.492151
10.080726,0.492150
10.081136,0.492150
10.081546,0.492150
10.081956,0.492150
10.082366,0.492150
10.082776,0.492149
10.083186,0.492149
10.083596,0.492149
10.084006,0.492149
10.084416,0.492148
10.084826,0.492148
10.085236,0.492148
10.085646,0.492148
10.086056,0.492147
10.086466,0.492147
10.086876,0.492147
10.087286,0.492147
10.087696,0.492147
10.088106,0.492146
10.088516,0.492146
10.088926,0.492146
10.089336,0.492146
10.089746,0.492145
10.090156,0.492145
10.090566,0.492145
10.090976,0.492145
10.091386,0.492144
10.091796,0.492144
10.092206,0.492144
10.092616,0.492144
10.093026,0.492144
10.093436,0.492143
10.093846,0.492143
10.094256,0.492143
10.094666,0.492143
10.095077,0.492142
10.095487,0.492142
10.095897,0.492142
10.096307,0.492142
10.096717,0.492141
10.097127,0.492141
10.097537,0.492141
10.097947,0.492141
10.098357,0.492141
10.098767,0.492140
10.099177,0.492140
10.099587,0.492140
10.099997,0.492140
10.100407,0.492139
10.100817,0.492139
10.101227,0.492139
10.101637,0.492139
10.102047,0.492138
10.102457,0.492138
10.102867,0.492138
10.103277,0.492138
10.103687,0.492138
10.104097,0.492137
10.104507,0.492137
10.104917,0.492137
10.105327,0.492137
10.105737,0.492136
10.106147,0.492136
10.106557,0.492136
10.106967,0.492136
10.107377,0.492136
10.107787,0.492135
10.108197,0.492135
10.108607,0.492135
10.109017,0.492135
10.109427,0.492134
10.109837,0.492134
10.110247,0.492134
10.110657,0.492134
10.111067,0.492133
10.111477,0.492133
10.111887,0.492133
10.112297,0.492133
10.112707,0.492133
10.113117,0.492132
10.113527,0.492132
10.113937,0.492132
10.114347,0.492132
10.114757,0.492131
10.115167,0.492131
10.115577,0.492131
10.115987,0.492131
10.116397,0.492131
10.116807,0.492130
10.117217,0.492130
10.117627,0.492130
10.118037,0.492130
10.118447,0.492129
10.118857,0.492129
10.119267,0.492129
10.119677,0.492129
10.120087,0.492128
10.120497,0.492128
10.120907,0.492128
10.121317,0.492128
10.121727,0.492128
10.122137,0.492127
10.122547,0.492127
10.122957,0.492127
10.123367,0.492127
10.123777,0.492127
10.124187,0.492126
10.124597,0.492126
10.125008,0.492126
10.125418,0.492125
10.125828,0.492125
10.126238,0.492125
10.126648,0.492125
10.127058,0.492125
10.127468,0.492124
10.127878,0.492124
10.128288,0.492124
10.128698,0.492124
10.129108,0.492123
10.129518,0.492123
10.129928,0.492123
10.130338,0.492123
10.130748,0.492123
10.131158,0.492122
10.131568,0.492122
10.131978,0.492122
10.132388,0.492122
10.132798,0.492122
10.133208,0.492121
10.133618,0.492121
10.134028,0.492121
10.134438,0.492121
10.134848,0.492120
10.135258,0.492120
10.135668,0.492120
10.136078,0.492120
10.136488,0.492120
10.136898,0.492119
10.137308,0.492119
10.137718,0.492119
10.138128,0.492119
10.138538,0.492118
10.138948,0.492118
10.139358,0.492118
10.139768,0.492118
10.140178,0.492118
10.140588,0.492117
10.140998,0.492117
10.141408,0.492117
10.141818,0.492117
10.142228,0.492116
10.142638,0.492116
10.143048,0.492116
10.143458,0.492116
10.143868,0.492116
10.144278,0.492115
10.144688,0.492115
10.145098,0.492115
10.145508,0.492115
10.145918,0.492115
10.146328,0.492114
10.146738,0.492114
10.147148,0.492114
10.147558,0.492114
10.147968,0.492113
10.148378,0.492113
10.148788,0.492113
10.149198,0.492113
10.149608,0.492113
10.150018,0.492112
10.150428,0.492112
10.150838,0.492112
10.151248,0.492112
10.151658,0.492111
10.152068,0.492111
10.152478,0.492111
10.152888,0.492111
10.153298,0.492111
10.153708,0.492110
10.154118,0.492110
10.154528,0.492110
10.154938,0.492110
10.155349,0.492109
10.155759,0.492109
10.156169,0.492109
10.156579,0.492109
10.156989,0.492109
10.157399,0.492108
10.157809,0.492108
10.158219,0.492108
10.158629,0.492108
10.159039,0.492107
10.159449,0.492107
10.159859,0.492107
10.160269,0.492107
10.160679,0.492107
10.161089,0.492107
10.161499,0.492106
10.161909,0.492106
10.162319,0.492106
10.162729,0.492106
10.163139,0.492105
10.163549,0.492105
10.163959,0.492105
10.164369,0.492105
10.164779,0.492104
10.165189,0.492104
10.165599,0.492104
10.166009,0.492104
10.166419,0.492104
10.166829,0.492103
10.167239,0.492103
10.167649,0.492103
10.168059,0.492103
10.168469,0.492103
10.168879,0.492102
10.169289,0.492102
10.169699,0.492102
10.170109,0.492102
10.170519,0.492102
10.170929,0.492101
10.171339,0.492101
10.171749,0.492101
10.172159,0.492101
10.172569,0.492100
10.172979,0.492100
10.173389,0.492100
10.173799,0.492100
10.174209,0.492100
10.174619,0.492099
10.175029,0.492099
10.175439,0.492099
10.175849,0.492099
10.176259,0.492098
10.176669,0.492098
10.177079,0.492098
10.177489,0.492098
10.177899,0.492098
10.178309,0.492097
10.178719,0.492097
10.179129,0.492097
10.179539,0.492097
10.179949,0.492097
10.180359,0.492096
10.180769,0.492096
10.181179,0.492096
10.181589,0.492096
10.181999,0.492095
10.182409,0.492095
10.182819,0.492095
10.183229,0.492095
10.183639,0.492095
10.184049,0.492094
10.184459,0.492094
10.184869,0.492094
10.185280,0.492094
10.185690,0.492094
10.186100,0.492093
10.186510,0.492093
10.186920,0.492093
10.187330,0.492093
10.187740,0.492093
10.188150,0.492092
10.188560,0.492092
10.188970,0.492092
10.189380,0.492092
10.189790,0.492092
10.190200,0.492091
10.190610,0.492091
10.191020,0.492091
10.191430,0.492091
10.191840,0.492090
10.192250,0.492090
10.192660,0.492090
10.193070,0.492090
10.193480,0.492090
10.193890,0.492089
10.194300,0.492089
10.194710,0.492089
10.195120,0.492089
10.195530,0.492089
10.195940,0.492088
10.196350,0.492088
10.196760,0.492088
10.197170,0.492088
10.197580,0.492088
10.197990,0.492087
10.198400,0.492087
10.198810,0.492087
10.199220,0.492087
10.199630,0.492086
10.200040,0.492086
10.200450,0.492086
10.200860,0.492086
10.201270,0.492086
10.201680,0.492085
10.202090,0.492085
10.202500,0.492085
10.202910,0.492085
10.203320,0.492085
10.203730,0.492084
10.204140,0.492084
10.204550,0.492084
10.204960,0.492084
10.205370,0.492083
10.205780,0.492083
10.206190,0.492083
10.206600,0.492083
10.207010,0.492083
10.207420,0.492083
10.207830,0.492082
10.208240,0.492082
10.208650,0.492082
10.209060,0.492082
10.209470,0.492082
10.209880,0.492081
10.210290,0.492081
10.210700,0.492081
10.211110,0.492081
10.211520,0.492081
10.211930,0.492080
10.212340,0.492080
10.212750,0.492080
10.213160,0.492080
10.213570,0.492079
10.213980,0.492079
10.214390,0.492079
10.214800,0.492079
10.215211,0.492079
10.215621,0.492078
10.216031,0.492078
10.216441,0.492078
10.216851,0.492078
10.217261,0.492078
10.217671,0.492077
10.218081,0.492077
10.218491,0.492077
10.218901,0.492077
10.219311,0.492077
10.219721,0.492076
10.220131,0.492076
10.220541,0.492076
10.220951,0.492076
10.221361,0.492076
10.221771,0.492075
10.222181,0.492075
10.222591,0.492075
10.223001,0.492075
10.223411,0.492075
10.223821,0.492074
10.224231,0.492074
10.224641,0.492074
10.225051,0.492074
10.225461,0.492074
10.225871,0.492073
10.226281,0.492073
10.226691,0.492073
10.227101,0.492073
10.227511,0.492073
10.227921,0.492072
10.228331,0.492072
10.228741,0.492072
10.229151,0.492072
10.229561,0.492072
10.229971,0.492071
10.230381,0.492071
10.230791,0.492071
10.231201,0.492071
10.231611,0.492071
10.232021,0.492070
10.232431,0.492070
10.232841,0.492070
10.233251,0.492070
10.233661,0.492069
10.234071,0.492069
10.234481,0.492069
10.234891,0.492069
10.235301,0.492069
10.235711,0.492069
10.236121,0.492069
10.236531,0.492068
10.236941,0.492068
10.237351,0.492068
10.237761,0.492068
10.238171,0.492067
10.238581,0.492067
10.238991,0.492067
10.239401,0.492067
10.239811,0.492067
10.240221,0.492066
10.240631,0.492066
10.241041,0.492066
10.241451,0.492066
10.241861,0.492066
10.242271,0.492065
10.242681,0.492065
10.243091,0.492065
10.243501,0.492065
10.243911,0.492064
10.244321,0.492064
10.244731,0.492064
10.245142,0.492064
10.245552,0.492064
10.245962,0.492064
10.246372,0.492063
10.246782,0.492063
10.247192,0.492063
10.247602,0.492063
10.248012,0.492063
10.248422,0.492062
10.248832,0.492062
10.249242,0.492062
10.249652,0.492062
10.250062,0.492062
10.250472,0.492061
10.250882,0.492061
10.251292,0.492061
10.251702,0.492061
10.252112,0.492061
10.252522,0.492060
10.252932,0.492060
10.253342,0.492060
10.253752,0.492060
10.254162,0.492060
10.254572,0.492059
10.254982,0.492059
10.255392,0.492059
10.255802,0.492059
10.256212,0.492059
10.256622,0.492058
10.257032,0.492058
10.257442,0.492058
10.257852,0.492058
10.258262,0.492058
10.258672,0.492057
10.259082,0.492057
10.259492,0.492057
10.259902,0.492057
10.260312,0.492057
10.260722,0.492056
10.261132,0.492056
10.261542,0.492056
10.261952,0.492056
10.262362,0.492056
10.262772,0.492056
10.263182,0.492055
10.263592,0.492055
10.264002,0.492055
10.264412,0.492055
10.264822,0.492054
10.265232,0.492054
10.265642,0.492054
10.266052,0.492054
10.266462,0.492054
10.266872,0.492053
10.267282,0.492053
10.267692,0.492053
10.268102,0.492053
10.268512,0.492053
10.268922,0.492053
10.269332,0.492052
10.269742,0.492052
10.270152,0.492052
10.270562,0.492052
10.270972,0.492052
10.271382,0.492051
10.271792,0.492051
10.272202,0.492051
10.272612,0.492051
10.273022,0.492051
10.273432,0.492050
10.273842,0.492050
10.274252,0.492050
10.274662,0.492050
10.275073,0.492050
10.275483,0.492049
10.275893,0.492049
10.276303,0.492049
10.276713,0.492049
10.277123,0.492049
10.277533,0.492049
10.277943,0.492048
10.278353,0.492048
10.278763,0.492048
10.279173,0.492048
10.279583,0.492048
10.279993,0.492047
10.280403,0.492047
10.280813,0.492047
10.281223,0.492047
10.281633,0.492047
10.282043,0.492046
10.282453,0.492046
10.282863,0.492046
10.283273,0.492046
10.283683,0.492046
10.284093,0.492045
10.284503,0.492045
10.284913,0.492045
10.285323,0.492045
10.285733,0.492045
10.286143,0.492044
10.286553,0.492044
10.286963,0.492044
10.287373,0.492044
10.287783,0.492044
10.288193,0.492043
10.288603,0.492043
10.289013,0.492043
10.289423,0.492043
10.289833,0.492043
10.290243,0.492042
10.290653,0.492042
10.291063,0.492042
10.291473,0.492042
10.291883,0.492042
10.292293,0.492041
10.292703,0.492041
10.293113,0.492041
10.293523,0.492041
10.293933,0.492041
10.294343,0.492040
10.294753,0.492040
10.295163,0.492040
10.295573,0.492040
10.295983,0.492040
10.296393,0.492040
10.296803,0.492040
10.297213,0.492039
10.297623,0.492039
10.298033,0.492039
10.298443,0.492039
10.298853,0.492039
10.299263,0.492038
10.299673,0.492038
10.300083,0.492038
10.300493,0.492038
10.300903,0.492038
10.301313,0.492037
10.301723,0.492037
10.302133,0.492037
10.302543,0.492037
10.302953,0.492037
10.303363,0.492037
10.303773,0.492036
10.304183,0.492036
10.304593,0.492036
10.305004,0.492036
10.305414,0.492035
10.305824,0.492035
10.306234,0.492035
10.306644,0.492035
10.307054,0.492035
10.307464,0.492035
10.307874,0.492034
10.308284,0.492034
10.308694,0.492034
10.309104,0.492034
10.309514,0.492034
10.309924,0.492034
10.310334,0.492033
10.310744,0.492033
10.311154,0.492033
10.311564,0.492033
10.311974,0.492033
10.312384,0.492032
10.312794,0.492032
10.313204,0.492032
10.313614,0.492032
10.314024,0.492032
10.314434,0.492032
10.314844,0.492031
10.315254,0.492031
10.315664,0.492031
10.316074,0.492031
10.316484,0.492030
10.316894,0.492030
10.317304,0.492030
10.317714,0.492030
10.318124,0.492030
10.318534,0.492030
10.318944,0.492029
10.319354,0.492029
10.319764,0.492029
10.320174,0.492029
10.320584,0.492029
10.320994,0.492029
10.321404,0.492028
10.321814,0.492028
10.322224,0.492028
10.322634,0.492028
10.323044,0.492028
10.323454,0.492027
10.323864,0.492027
10.324274,0.492027
10.324684,0.492027
10.325094,0.492027
10.325504,0.492026
10.325914,0.492026
10.326324,0.492026
10.326734,0.492026
10.327144,0.492026
10.327554,0.492025
10.327964,0.492025
10.328374,0.492025
10.328784,0.492025
10.329194,0.492025
10.329604,0.492024
10.330014,0.492024
10.330424,0.492024
10.330834,0.492024
10.331244,0.492024
10.331654,0.492024
10.332064,0.492023
10.332474,0.492023
10.332884,0.492023
10.333294,0.492023
10.333704,0.492023
10.334114,0.492022
10.334524,0.492022
10.334934,0.492022
10.335345,0.492022
10.335755,0.492022
10.336165,0.492022
10.336575,0.492022
10.336985,0.492021
10.337395,0.492021
10.337805,0.492021
10.338215,0.492021
10.338625,0.492021
10.339035,0.492020
10.339445,0.492020
10.339855,0.492020
10.340265,0.492020
10.340675,0.492020
10.341085,0.492020
10.341495,0.492019
10.341905,0.492019
10.342315,0.492019
10.342725,0.492019
10.343135,0.492019
10.343545,0.492018
10.343955,0.492018
10.344365,0.492018
10.344775,0.492018
10.345185,0.492018
10.345595,0.492018
10.346005,0.492017
10.346415,0.492017
10.346825,0.492017
10.347235,0.492017
10.347645,0.492017
10.348055,0.492017
10.348465,0.492016
10.348875,0.492016
10.349285,0.492016
10.349695,0.492016
10.350105,0.492016
10.350515,0.492015
10.350925,0.492015
10.351335,0.492015
10.351745,0.492015
10.352155,0.492015
10.352565,0.492014
10.352975,0.492014
10.353385,0.492014
10.353795,0.492014
10.354205,0.492014
10.354615,0.492014
10.355025,0.492013
10.355435,0.492013
10.355845,0.492013
10.356255,0.492013
10.356665,0.492013
10.357075,0.492013
10.357485,0.492012
10.357895,0.492012
10.358305,0.492012
10.358715,0.492012
10.359125,0.492012
10.359535,0.492011
10.359945,0.492011
10.360355,0.492011
10.360765,0.492011
10.361175,0.492011
10.361585,0.492011
10.361995,0.492010
10.362405,0.492010
10.362815,0.492010
10.363225,0.492010
10.363635,0.492010
10.364045,0.492009
10.364455,0.492009
10.364865,0.492009
10.365276,0.492009
10.365686,0.492009
10.366096,0.492009
10.366506,0.492008
10.366916,0.492008
10.367326,0.492008
10.367736,0.492008
10.368146,0.492008
10.368556,0.492007
10.368966,0.492007
10.369376,0.492007
10.369786,0.492007
10.370196,0.492007
10.370606,0.492007
10.371016,0.492007
10.371426,0.492006
10.371836,0.492006
10.372246,0.492006
10.372656,0.492006
10.373066,0.492006
10.373476,0.492005
10.373886,0.492005
10.374296,0.492005
10.374706,0.492005
10.375116,0.492005
10.375526,0.492005
10.375936,0.492004
10.376346,0.492004
10.376756,0.492004
10.377166,0.492004
10.377576,0.492004
10.377986,0.492004
10.378396,0.492003
10.378806,0.492003
10.379216,0.492003
10.379626,0.492003
10.380036,0.492003
10.380446,0.492002
10.380856,0.492002
10.381266,0.492002
10.381676,0.492002
10.382086,0.492002
10.382496,0.492002
10.382906,0.492001
10.383316,0.492001
10.383726,0.492001
10.384136,0.492001
10.384546,0.492001
10.384956,0.492000
10.385366,0.492000
10.385776,0.492000
10.386186,0.492000
10.386596,0.492000
10.387006,0.492000
10.387416,0.492000
10.387826,0.491999
10.388236,0.491999
10.388646,0.491999
10.389056,0.491999
10.389466,0.491999
10.389876,0.491998
10.390286,0.491998
10.390696,0.491998
10.391106,0.491998
10.391516,0.491998
10.391926,0.491998
10.392336,0.491997
10.392746,0.491997
10.393156,0.491997
10.393566,0.491997
10.393976,0.491997
10.394386,0.491997
10.394796,0.491996
10.395207,0.491996
10.395617,0.491996
10.396027,0.491996
10.396437,0.491996
10.396847,0.491996
10.397257,0.491995
10.397667,0.491995
10.398077,0.491995
10.398487,0.491995
10.398897,0.491995
10.399307,0.491995
10.399717,0.491994
10.400127,0.491994
10.400537,0.491994
10.400947,0.491994
10.401357,0.491994
10.401767,0.491993
10.402177,0.491993
10.402587,0.491993
10.402997,0.491993
10.403407,0.491993
10.403817,0.491993
10.404227,0.491993
10.404637,0.491992
10.405047,0.491992
10.405457,0.491992
10.405867,0.491992
10.406277,0.491992
10.406687,0.491992
10.407097,0.491991
10.407507,0.491991
10.407917,0.491991
10.408327,0.491991
10.408737,0.491991
10.409147,0.491990
10.409557,0.491990
10.409967,0.491990
10.410377,0.491990
10.410787,0.491990
10.411197,0.491990
10.411607,0.491989
10.412017,0.491989
10.412427,0.491989
10.412837,0.491989
10.413247,0.491989
10.413657,0.491989
10.414067,0.491988
10.414477,0.491988
10.414887,0.491988
10.415297,0.491988
10.415707,0.491988
10.416117,0.491988
10.416527,0.491987
10.416937,0.491987
10.417347,0.491987
10.417757,0.491987
10.418167,0.491987
10.418577,0.491987
10.418987,0.491986
10.419397,0.491986
10.419807,0.491986
10.420217,0.491986
10.420627,0.491986
10.421037,0.491986
10.421447,0.491985
10.421857,0.491985
10.422267,0.491985
10.422677,0.491985
10.423087,0.491985
10.423497,0.491985
10.423907,0.491984
10.424317,0.491984
10.424727,0.491984
10.425138,0.491984
10.425548,0.491984
10.425958,0.491984
10.426368,0.491983
10.426778,0.491983
10.427188,0.491983
10.427598,0.491983
10.428008,0.491983
10.428418,0.491983
10.428828,0.491982
10.429238,0.491982
10.429648,0.491982
10.430058,0.491982
10.430468,0.491982
10.430878,0.491982
10.431288,0.491981
10.431698,0.491981
10.432108,0.491981
10.432518,0.491981
10.432928,0.491981
10.433338,0.491980
10.433748,0.491980
10.434158,0.491980
10.434568,0.491980
10.434978,0.491980
10.435388,0.491980
10.435798,0.491980
10.436208,0.491979
10.436618,0.491979
10.437028,0.491979
10.437438,0.491979
10.437848,0.491979
10.438258,0.491979
10.438668,0.491979
10.439078,0.491978
10.439488,0.491978
10.439898,0.491978
10.440308,0.491978
10.440718,0.491978
10.441128,0.491977
10.441538,0.491977
10.441948,0.491977
10.442358,0.491977
10.442768,0.491977
10.443178,0.491977
10.443588,0.491976
10.443998,0.491976
10.444408,0.491976
10.444818,0.491976
10.445228,0.491976
10.445638,0.491976
10.446048,0.491975
10.446458,0.491975
10.446868,0.491975
10.447278,0.491975
10.447688,0.491975
10.448098,0.491975
10.448508,0.491974
10.448918,0.491974
10.449328,0.491974
10.449738,0.491974
10.450148,0.491974
10.450558,0.491974
10.450968,0.491974
10.451378,0.491973
10.451788,0.491973
10.452198,0.491973
10.452608,0.491973
10.453018,0.491973
10.453428,0.491973
10.453838,0.491972
10.454248,0.491972
10.454658,0.491972
10.455069,0.491972
10.455479,0.491972
10.455889,0.491972
10.456299,0.491971
10.456709,0.491971
10.457119,0.491971
10.457529,0.491971
10.457939,0.491971
10.458349,0.491971
10.458759,0.491971
10.459169,0.491970
10.459579,0.491970
10.459989,0.491970
10.460399,0.491970
10.460809,0.491970
10.461219,0.491970
10.461629,0.491969
10.462039,0.491969
10.462449,0.491969
10.462859,0.491969
10.463269,0.491969
10.463679,0.491969
10.464089,0.491968
10.464499,0.491968
10.464909,0.491968
10.465319,0.491968
10.465729,0.491968
10.466139,0.491967
10.466549,0.491967
10.466959,0.491967
10.467369,0.491967
10.467779,0.491967
10.468189,0.491967
10.468599,0.491967
10.469009,0.491966
10.469419,0.491966
10.469829,0.491966
10.470239,0.491966
10.470649,0.491966
10.471059,0.491966
10.471469,0.491965
10.471879,0.491965
10.472289,0.491965
10.472699,0.491965
10.473109,0.491965
10.473519,0.491965
10.473929,0.491965
10.474339,0.491964
10.474749,0.491964
10.475159,0.491964
10.475569,0.491964
10.475979,0.491964
10.476389,0.491964
10.476799,0.491963
10.477209,0.491963
10.477619,0.491963
10.478029,0.491963
10.478439,0.491963
10.478849,0.491963
10.479259,0.491962
10.479669,0.491962
10.480079,0.491962
10.480489,0.491962
10.480899,0.491962
10.481309,0.491962
10.481719,0.491961
10.482129,0.491961
10.482539,0.491961
10.482949,0.491961
10.483359,0.491961
10.483769,0.491961
10.484179,0.491961
10.484589,0.491960
10.484999,0.491960
10.485410,0.491960
10.485820,0.491960
10.486230,0.491960
10.486640,0.491960
10.487050,0.491959
10.487460,0.491959
10.487870,0.491959
10.488280,0.491959
10.488690,0.491959
10.489100,0.491959
10.489510,0.491958
10.489920,0.491958
10.490330,0.491958
10.490740,0.491958
10.491150,0.491958
10.491560,0.491958
10.491970,0.491958
10.492380,0.491957
10.492790,0.491957
10.493200,0.491957
10.493610,0.491957
10.494020,0.491957
10.494430,0.491957
10.494840,0.491956
10.495250,0.491956
10.495660,0.491956
10.496070,0.491956
10.496480,0.491956
10.496890,0.491956
10.497300,0.491956
10.497710,0.491955
10.498120,0.491955
10.498530,0.491955
10.498940,0.491955
10.499350,0.491955
10.499760,0.491955
10.500170,0.491954
10.500580,0.491954
10.500990,0.491954
10.501400,0.491954
10.501810,0.491954
10.502220,0.491954
10.502630,0.491954
10.503040,0.491953
10.503450,0.491953
10.503860,0.491953
10.504270,0.491953
10.504680,0.491953
10.505090,0.491953
10.505500,0.491952
10.505910,0.491952
10.506320,0.491952
10.506730,0.491952
10.507140,0.491952
10.507550,0.491952
10.507960,0.491952
10.508370,0.491951
10.508780,0.491951
10.509190,0.491951
10.509600,0.491951
10.510010,0.491951
10.510420,0.491951
10.510830,0.491950
10.511240,0.491950
10.511650,0.491950
10.512060,0.491950
10.512470,0.491950
10.512880,0.491950
10.513290,0.491949
10.513700,0.491949
10.514110,0.491949
10.514520,0.491949
10.514930,0.491949
10.515341,0.491949
10.515751,0.491949
10.516161,0.491949
10.516571,0.491948
10.516981,0.491948
10.517391,0.491948
10.517801,0.491948
10.518211,0.491948
10.518621,0.491948
10.519031,0.491947
10.519441,0.491947
10.519851,0.491947
10.520261,0.491947
10.520671,0.491947
10.521081,0.491947
10.521491,0.491947
10.521901,0.491946
10.522311,0.491946
10.522721,0.491946
10.523131,0.491946
10.523541,0.491946
10.523951,0.491946
10.524361,0.491945
10.524771,0.491945
10.525181,0.491945
10.525591,0.491945
10.526001,0.491945
10.526411,0.491945
10.526821,0.491944
10.527231,0.491944
10.527641,0.491944
10.528051,0.491944
10.528461,0.491944
10.528871,0.491944
10.529281,0.491944
10.529691,0.491943
10.530101,0.491943
10.530511,0.491943
10.530921,0.491943
10.531331,0.491943
10.531741,0.491943
10.532151,0.491943
10.532561,0.491942
10.532971,0.491942
10.533381,0.491942
10.533791,0.491942
10.534201,0.491942
10.534611,0.491942
10.535021,0.491941
10.535431,0.491941
10.535841,0.491941
10.536251,0.491941
10.536661,0.491941
10.537071,0.491941
10.537481,0.491941
10.537891,0.491941
10.538301,0.491940
10.538711,0.491940
10.539121,0.491940
10.539531,0.491940
10.539941,0.491940
10.540351,0.491940
10.540761,0.491939
10.541171,0.491939
10.541581,0.491939
10.541991,0.491939
10.542401,0.491939
10.542811,0.491939
10.543221,0.491939
10.543631,0.491938
10.544041,0.491938
10.544451,0.491938
10.544861,0.491938
10.545272,0.491938
10.545682,0.491938
10.546092,0.491937
10.546502,0.491937
10.546912,0.491937
10.547322,0.491937
10.547732,0.491937
10.548142,0.491937
10.548552,0.491936
10.548962,0.491936
10.549372,0.491936
10.549782,0.491936
10.550192,0.491936
10.550602,0.491936
10.551012,0.491936
10.551422,0.491935
10.551832,0.491935
10.552242,0.491935
10.552652,0.491935
10.553062,0.491935
10.553472,0.491935
10.553882,0.491935
10.554292,0.491935
10.554702,0.491934
10.555112,0.491934
10.555522,0.491934
10.555932,0.491934
10.556342,0.491934
10.556752,0.491934
10.557162,0.491934
10.557572,0.491933
10.557982,0.491933
10.558392,0.491933
10.558802,0.491933
10.559212,0.491933
10.559622,0.491933
10.560032,0.491933
10.560442,0.491932
10.560852,0.491932
10.561262,0.491932
10.561672,0.491932
10.562082,0.491932
10.562492,0.491932
10.562902,0.491931
10.563312,0.491931
10.563722,0.491931
10.564132,0.491931
10.564542,0.491931
10.564952,0.491931
10.565362,0.491931
10.565772,0.491930
10.566182,0.491930
10.566592,0.491930
10.567002,0.491930
10.567412,0.491930
10.567822,0.491930
10.568232,0.491930
10.568642,0.491930
10.569052,0.491929
10.569462,0.491929
10.569872,0.491929
10.570282,0.491929
10.570692,0.491929
10.571102,0.491929
10.571512,0.491929
10.571922,0.491928
10.572332,0.491928
10.572742,0.491928
10.573152,0.491928
10.573562,0.491928
10.573972,0.491928
10.574382,0.491928
10.574792,0.491927
10.575203,0.491927
10.575613,0.491927
10.576023,0.491927
10.576433,0.491927
10.576843,0.491927
10.577253,0.491926
10.577663,0.491926
10.578073,0.491926
10.578483,0.491926
10.578893,0.491926
10.579303,0.491926
10.579713,0.491926
10.580123,0.491925
10.580533,0.491925
10.580943,0.491925
10.581353,0.491925
10.581763,0.491925
10.582173,0.491925
10.582583,0.491925
10.582993,0.491924
10.583403,0.491924
10.583813,0.491924
10.584223,0.491924
10.584633,0.491924
10.585043,0.491924
10.585453,0.491924
10.585863,0.491923
10.586273,0.491923
10.586683,0.491923
10.587093,0.491923
10.587503,0.491923
10.587913,0.491923
10.588323,0.491923
10.588733,0.491922
10.589143,0.491922
10.589553,0.491922
10.589963,0.491922
10.590373,0.491922
10.590783,0.491922
10.591193,0.491922
10.591603,0.491921
10.592013,0.491921
10.592423,0.491921
10.592833,0.491921
10.593243,0.491921
10.593653,0.491921
10.594063,0.491921
10.594473,0.491920
10.594883,0.491920
10.595293,0.491920
10.595703,0.491920
10.596113,0.491920
10.596523,0.491920
10.596933,0.491920
10.597343,0.491920
10.597753,0.491919
10.598163,0.491919
10.598573,0.491919
10.598983,0.491919
10.599393,0.491919
10.599803,0.491919
10.600213,0.491919
10.600623,0.491918
10.601033,0.491918
10.601443,0.491918
10.601853,0.491918
10.602263,0.491918
10.602673,0.491918
10.603083,0.491917
10.603493,0.491917
10.603903,0.491917
10.604313,0.491917
10.604723,0.491917
10.605134,0.491917
10.605544,0.491917
10.605954,0.491916
10.606364,0.491916
10.606774,0.491916
10.607184,0.491916
10.607594,0.491916
10.608004,0.491916
10.608414,0.491916
10.608824,0.491916
10.609234,0.491915
10.609644,0.491915
10.610054,0.491915
10.610464,0.491915
10.610874,0.491915
10.611284,0.491915
10.611694,0.491915
10.612104,0.491914
10.612514,0.491914
10.612924,0.491914
10.613334,0.491914
10.613744,0.491914
10.614154,0.491914
10.614564,0.491914
10.614974,0.491913
10.615384,0.491913
10.615794,0.491913
10.616204,0.491913
10.616614,0.491913
10.617024,0.491913
10.617434,0.491913
10.617844,0.491912
10.618254,0.491912
10.618664,0.491912
10.619074,0.491912
10.619484,0.491912
10.619894,0.491912
10.620304,0.491912
10.620714,0.491912
10.621124,0.491911
10.621534,0.491911
10.621944,0.491911
10.622354,0.491911
10.622764,0.491911
10.623174,0.491911
10.623584,0.491911
10.623994,0.491911
10.624404,0.491910
10.624814,0.491910
10.625224,0.491910
10.625634,0.491910
10.626044,0.491910
10.626454,0.491910
10.626864,0.491909
10.627274,0.491909
10.627684,0.491909
10.628094,0.491909
10.628504,0.491909
10.628914,0.491909
10.629324,0.491909
10.629734,0.491908
10.630144,0.491908
10.630554,0.491908
10.630964,0.491908
10.631374,0.491908
10.631784,0.491908
10.632194,0.491908
10.632604,0.491908
10.633014,0.491907
10.633424,0.491907
10.633834,0.491907
10.634244,0.491907
10.634654,0.491907
10.635065,0.491907
10.635475,0.491907
10.635885,0.491906
10.636295,0.491906
10.636705,0.491906
10.637115,0.491906
10.637525,0.491906
10.637935,0.491906
10.638345,0.491906
10.638755,0.491906
10.639165,0.491905
10.639575,0.491905
10.639985,0.491905
10.640395,0.491905
10.640805,0.491905
10.641215,0.491905
10.641625,0.491904
10.642035,0.491904
10.642445,0.491904
10.642855,0.491904
10.643265,0.491904
10.643675,0.491904
10.644085,0.491904
10.644495,0.491904
10.644905,0.491903
10.645315,0.491903
10.645725,0.491903
10.646135,0.491903
10.646545,0.491903
10.646955,0.491903
10.647365,0.491903
10.647775,0.491903
10.648185,0.491902
10.648595,0.491902
10.649005,0.491902
10.649415,0.491902
10.649825,0.491902
10.650235,0.491902
10.650645,0.491902
10.651055,0.491901
10.651465,0.491901
10.651875,0.491901
10.652285,0.491901
10.652695,0.491901
10.653105,0.491901
10.653515,0.491901
10.653925,0.491901
10.654335,0.491900
10.654745,0.491900
10.655155,0.491900
10.655565,0.491900
10.655975,0.491900
10.656385,0.491900
10.656795,0.491900
10.657205,0.491899
10.657615,0.491899
10.658025,0.491899
10.658435,0.491899
10.658845,0.491899
10.659255,0.491899
10.659665,0.491899
10.660075,0.491899
10.660485,0.491899
10.660895,0.491898
10.661305,0.491898
10.661715,0.491898
10.662125,0.491898
10.662535,0.491898
10.662945,0.491898
10.663355,0.491898
10.663765,0.491897
10.664175,0.491897
10.664585,0.491897
10.664995,0.491897
10.665406,0.491897
10.665816,0.491897
10.666226,0.491897
10.666636,0.491897
10.667046,0.491896
10.667456,0.491896
10.667866,0.491896
10.668276,0.491896
10.668686,0.491896
10.669096,0.491896
10.669506,0.491896
10.669916,0.491896
10.670326,0.491895
10.670736,0.491895
10.671146,0.491895
10.671556,0.491895
10.671966,0.491895
10.672376,0.491895
10.672786,0.491894
10.673196,0.491894
10.673606,0.491894
10.674016,0.491894
10.674426,0.491894
10.674836,0.491894
10.675246,0.491894
10.675656,0.491894
10.676066,0.491894
10.676476,0.491893
10.676886,0.491893
10.677296,0.491893
10.677706,0.491893
10.678116,0.491893
10.678526,0.491893
10.678936,0.491892
10.679346,0.491892
10.679756,0.491892
10.680166,0.491892
10.680576,0.491892
10.680986,0.491892
10.681396,0.491892
10.681806,0.491892
10.682216,0.491892
10.682626,0.491891
10.683036,0.491891
10.683446,0.491891
10.683856,0.491891
10.684266,0.491891
10.684676,0.491891
10.685086,0.491891
10.685496,0.491890
10.685906,0.491890
10.686316,0.491890
10.686726,0.491890
10.687136,0.491890
10.687546,0.491890
10.687956,0.491890
10.688366,0.491890
10.688776,0.491890
10.689186,0.491889
10.689596,0.491889
10.690006,0.491889
10.690416,0.491889
10.690826,0.491889
10.691236,0.491889
10.691646,0.491889
10.692056,0.491888
10.692466,0.491888
10.692876,0.491888
10.693286,0.491888
10.693696,0.491888
10.694106,0.491888
10.694516,0.491888
10.694926,0.491888
10.695337,0.491887
10.695747,0.491887
10.696157,0.491887
10.696567,0.491887
10.696977,0.491887
10.697387,0.491887
10.697797,0.491887
10.698207,0.491887
10.698617,0.491886
10.699027,0.491886
10.699437,0.491886
10.699847,0.491886
10.700257,0.491886
10.700667,0.491886
10.701077,0.491886
10.701487,0.491886
10.701897,0.491885
10.702307,0.491885
10.702717,0.491885
10.703127,0.491885
10.703537,0.491885
10.703947,0.491885
10.704357,0.491885
10.704767,0.491884
10.705177,0.491884
10.705587,0.491884
10.705997,0.491884
10.706407,0.491884
10.706817,0.491884
10.707227,0.491884
10.707637,0.491884
10.708047,0.491883
10.708457,0.491883
10.708867,0.491883
10.709277,0.491883
10.709687,0.491883
10.710097,0.491883
10.710507,0.491883
10.710917,0.491883
10.711327,0.491882
10.711737,0.491882
10.712147,0.491882
10.712557,0.491882
10.712967,0.491882
10.713377,0.491882
10.713787,0.491882
10.714197,0.491882
10.714607,0.491881
10.715017,0.491881
10.715427,0.491881
10.715837,0.491881
10.716247,0.491881
10.716657,0.491881
10.717067,0.491881
10.717477,0.491881
10.717887,0.491880
10.718297,0.491880
10.718707,0.491880
10.719117,0.491880
10.719527,0.491880
10.719937,0.491880
10.720347,0.491880
10.720757,0.491880
10.721167,0.491879
10.721577,0.491879
10.721987,0.491879
10.722397,0.491879
10.722807,0.491879
10.723217,0.491879
10.723627,0.491879
10.724037,0.491879
10.724447,0.491879
10.724857,0.491878
10.725268,0.491878
10.725678,0.491878
10.726088,0.491878
10.726498,0.491878
10.726908,0.491878
10.727318,0.491878
10.727728,0.491877
10.728138,0.491877
10.728548,0.491877
10.728958,0.491877
10.729368,0.491877
10.729778,0.491877
10.730188,0.491877
10.730598,0.491877
10.731008,0.491877
10.731418,0.491876
10.731828,0.491876
10.732238,0.491876
10.732648,0.491876
10.733058,0.491876
10.733468,0.491876
10.733878,0.491876
10.734288,0.491875
10.734698,0.491875
10.735108,0.491875
10.735518,0.491875
10.735928,0.491875
10.736338,0.491875
10.736748,0.491875
10.737158,0.491875
10.737568,0.491875
10.737978,0.491875
10.738388,0.491874
10.738798,0.491874
10.739208,0.491874
10.739618,0.491874
10.740028,0.491874
10.740438,0.491874
10.740848,0.491874
10.741258,0.491873
10.741668,0.491873
10.742078,0.491873
10.742488,0.491873
10.742898,0.491873
10.743308,0.491873
10.743718,0.491873
10.744128,0.491873
10.744538,0.491872
10.744948,0.491872
10.745358,0.491872
10.745768,0.491872
10.746178,0.491872
10.746588,0.491872
10.746998,0.491872
10.747408,0.491872
10.747818,0.491871
10.748228,0.491871
10.748638,0.491871
10.749048,0.491871
10.749458,0.491871
10.749868,0.491871
10.750278,0.491871
10.750688,0.491871
10.751098,0.491870
10.751508,0.491870
10.751918,0.491870
10.752328,0.491870
10.752738,0.491870
10.753148,0.491870
10.753558,0.491870
10.753968,0.491870
10.754378,0.491869
10.754788,0.491869
10.755199,0.491869
10.755609,0.491869
10.756019,0.491869
10.756429,0.491869
10.756839,0.491869
10.757249,0.491869
10.757659,0.491869
10.758069,0.491868
10.758479,0.491868
10.758889,0.491868
10.759299,0.491868
10.759709,0.491868
10.760119,0.491868
10.760529,0.491868
10.760939,0.491868
10.761349,0.491867
10.761759,0.491867
10.762169,0.491867
10.762579,0.491867
10.762989,0.491867
10.763399,0.491867
10.763809,0.491867
10.764219,0.491867
10.764629,0.491867
10.765039,0.491866
10.765449,0.491866
10.765859,0.491866
10.766269,0.491866
10.766679,0.491866
10.767089,0.491866
10.767499,0.491866
10.767909,0.491866
10.768319,0.491865
10.768729,0.491865
10.769139,0.491865
10.769549,0.491865
10.769959,0.491865
10.770369,0.491865
10.770779,0.491865
10.771189,0.491865
10.771599,0.491864
10.772009,0.491864
10.772419,0.491864
10.772829,0.491864
10.773239,0.491864
10.773649,0.491864
10.774059,0.491864
10.774469,0.491864
10.774879,0.491863
10.775289,0.491863
10.775699,0.491863
10.776109,0.491863
10.776519,0.491863
10.776929,0.491863
10.777339,0.491863
10.777749,0.491863
10.778159,0.491863
10.778569,0.491862
10.778979,0.491862
10.779389,0.491862
10.779799,0.491862
10.780209,0.491862
10.780619,0.491862
10.781029,0.491862
10.781439,0.491862
10.781849,0.491862
10.782259,0.491861
10.782669,0.491861
10.783079,0.491861
10.783489,0.491861
10.783899,0.491861
10.784309,0.491861
10.784719,0.491861
10.785130,0.491861
10.785540,0.491860
10.785950,0.491860
10.786360,0.491860
10.786770,0.491860
10.787180,0.491860
10.787590,0.491860
10.788000,0.491860
10.788410,0.491860
10.788820,0.491860
10.789230,0.491859
10.789640,0.491859
10.790050,0.491859
10.790460,0.491859
10.790870,0.491859
10.791280,0.491859
10.791690,0.491859
10.792100,0.491859
10.792510,0.491858
10.792920,0.491858
10.793330,0.491858
10.793740,0.491858
10.794150,0.491858
10.794560,0.491858
10.794970,0.491858
10.795380,0.491858
10.795790,0.491858
10.796200,0.491858
10.796610,0.491857
10.797020,0.491857
10.797430,0.491857
10.797840,0.491857
10.798250,0.491857
10.798660,0.491857
10.799070,0.491857
10.799480,0.491857
10.799890,0.491857
10.800300,0.491856
10.800710,0.491856
10.801120,0.491856
10.801530,0.491856
10.801940,0.491856
10.802350,0.491856
10.802760,0.491856
10.803170,0.491855
10.803580,0.491856
10.803990,0.491855
10.804400,0.491855
10.804810,0.491855
10.805220,0.491855
10.805630,0.491855
10.806040,0.491855
10.806450,0.491855
10.806860,0.491855
10.807270,0.491854
10.807680,0.491854
10.808090,0.491854
10.808500,0.491854
10.808910,0.491854
10.809320,0.491854
10.809730,0.491854
10.810140,0.491854
10.810550,0.491853
10.810960,0.491853
10.811370,0.491853
10.811780,0.491853
10.812190,0.491853
10.812600,0.491853
10.813010,0.491853
10.813420,0.491853
10.813830,0.491853
10.814240,0.491852
10.814650,0.491852
10.815061,0.491852
10.815471,0.491852
10.815881,0.491852
10.816291,0.491852
10.816701,0.491852
10.817111,0.491852
10.817521,0.491852
10.817931,0.491852
10.818341,0.491851
10.818751,0.491851
10.819161,0.491851
10.819571,0.491851
10.819981,0.491851
10.820391,0.491851
10.820801,0.491851
10.821211,0.491851
10.821621,0.491851
10.822031,0.491850
10.822441,0.491850
10.822851,0.491850
10.823261,0.491850
10.823671,0.491850
10.824081,0.491850
10.824491,0.491850
10.824901,0.491850
10.825311,0.491849
10.825721,0.491849
10.826131,0.491849
10.826541,0.491849
10.826951,0.491849
10.827361,0.491849
10.827771,0.491849
10.828181,0.491849
10.828591,0.491849
10.829001,0.491848
10.829411,0.491848
10.829821,0.491848
10.830231,0.491848
10.830641,0.491848
10.831051,0.491848
10.831461,0.491848
10.831871,0.491848
10.832281,0.491847
10.832691,0.491847
10.833101,0.491847
10.833511,0.491847
10.833921,0.491847
10.834331,0.491847
10.834741,0.491847
10.835151,0.491847
10.835561,0.491847
10.835971,0.491846
10.836381,0.491846
10.836791,0.491846
10.837201,0.491846
10.837611,0.491846
10.838021,0.491846
10.838431,0.491846
10.838841,0.491846
10.839251,0.491846
10.839661,0.491845
10.840071,0.491845
10.840481,0.491845
10.840891,0.491845
10.841301,0.491845
10.841711,0.491845
10.842121,0.491845
10.842531,0.491845
10.842941,0.491845
10.843351,0.491844
10.843761,0.491844
10.844171,0.491844
10.844581,0.491844
10.844991,0.491844
10.845402,0.491844
10.845812,0.491844
10.846222,0.491844
10.846632,0.491844
10.847042,0.491843
10.847452,0.491843
10.847862,0.491843
10.848272,0.491843
10.848682,0.491843
10.849092,0.491843
10.849502,0.491843
10.849912,0.491843
10.850322,0.491843
10.850732,0.491842
10.851142,0.491842
10.851552,0.491842
10.851962,0.491842
10.852372,0.491842
10.852782,0.491842
10.853192,0.491842
10.853602,0.491842
10.854012,0.491842
10.854422,0.491841
10.854832,0.491841
10.855242,0.491841
10.855652,0.491841
10.856062,0.491841
10.856472,0.491841
10.856882,0.491841
10.857292,0.491841
10.857702,0.491841
10.858112,0.491840
10.858522,0.491840
10.858932,0.491840
10.859342,0.491840
10.859752,0.491840
10.860162,0.491840
10.860572,0.491840
10.860982,0.491840
10.861392,0.491840
10.861802,0.491839
10.862212,0.491839
10.862622,0.491839
10.863032,0.491839
10.863442,0.491839
10.863852,0.491839
10.864262,0.491839
10.864672,0.491839
10.865082,0.491839
10.865492,0.491838
10.865902,0.491838
10.866312,0.491838
10.866722,0.491838
10.867132,0.491838
10.867542,0.491838
10.867952,0.491838
10.868362,0.491838
10.868772,0.491838
10.869182,0.491838
10.869592,0.491837
10.870002,0.491837
10.870412,0.491837
10.870822,0.491837
10.871232,0.491837
10.871642,0.491837
10.872052,0.491837
10.872462,0.491837
10.872872,0.491837
10.873282,0.491837
10.873692,0.491836
10.874102,0.491836
10.874512,0.491836
10.874922,0.491836
10.875333,0.491836
10.875743,0.491836
10.876153,0.491836
10.876563,0.491836
10.876973,0.491835
10.877383,0.491835
10.877793,0.491835
10.878203,0.491835
10.878613,0.491835
10.879023,0.491835
10.879433,0.491835
10.879843,0.491835
10.880253,0.491835
10.880663,0.491835
10.881073,0.491834
10.881483,0.491834
10.881893,0.491834
10.882303,0.491834
10.882713,0.491834
10.883123,0.491834
10.883533,0.491834
10.883943,0.491834
10.884353,0.491834
10.884763,0.491834
10.885173,0.491833
10.885583,0.491833
10.885993,0.491833
10.886403,0.491833
10.886813,0.491833
10.887223,0.491833
10.887633,0.491833
10.888043,0.491833
10.888453,0.491832
10.888863,0.491832
10.889273,0.491832
10.889683,0.491832
10.890093,0.491832
10.890503,0.491832
10.890913,0.491832
10.891323,0.491832
10.891733,0.491832
10.892143,0.491832
10.892553,0.491831
10.892963,0.491831
10.893373,0.491831
10.893783,0.491831
10.894193,0.491831
10.894603,0.491831
10.895013,0.491831
10.895423,0.491831
10.895833,0.491831
10.896243,0.491831
10.896653,0.491830
10.897063,0.491830
10.897473,0.491830
10.897883,0.491830
10.898293,0.491830
10.898703,0.491830
10.899113,0.491830
10.899523,0.491830
10.899933,0.491830
10.900343,0.491829
10.900753,0.491829
10.901163,0.491829
10.901573,0.491829
10.901983,0.491829
10.902393,0.491829
10.902803,0.491829
10.903213,0.491829
10.903623,0.491829
10.904033,0.491828
10.904443,0.491828
10.904853,0.491828
10.905264,0.491828
10.905674,0.491828
10.906084,0.491828
10.906494,0.491828
10.906904,0.491828
10.907314,0.491828
10.907724,0.491828
10.908134,0.491828
10.908544,0.491827
10.908954,0.491827
10.909364,0.491827
10.909774,0.491827
10.910184,0.491827
10.910594,0.491827
10.911004,0.491827
10.911414,0.491827
10.911824,0.491827
10.912234,0.491826
10.912644,0.491826
10.913054,0.491826
10.913464,0.491826
10.913874,0.491826
10.914284,0.491826
10.914694,0.491826
10.915104,0.491826
10.915514,0.491826
10.915924,0.491826
10.916334,0.491825
10.916744,0.491825
10.917154,0.491825
10.917564,0.491825
10.917974,0.491825
10.918384,0.491825
10.918794,0.491825
10.919204,0.491825
10.919614,0.491825
10.920024,0.491825
10.920434,0.491824
10.920844,0.491824
10.921254,0.491824
10.921664,0.491824
10.922074,0.491824
10.922484,0.491824
10.922894,0.491824
10.923304,0.491824
10.923714,0.491824
10.924124,0.491823
10.924534,0.491823
10.924944,0.491823
10.925354,0.491823
10.925764,0.491823
10.926174,0.491823
10.926584,0.491823
10.926994,0.491823
10.927404,0.491823
10.927814,0.491823
10.928224,0.491822
10.928634,0.491822
10.929044,0.491822
10.929454,0.491822
10.929864,0.491822
10.930274,0.491822
10.930684,0.491822
10.931094,0.491822
10.931504,0.491822
10.931914,0.491821
10.932324,0.491821
10.932734,0.491821
10.933144,0.491821
10.933554,0.491821
10.933964,0.491821
10.934374,0.491821
10.934784,0.491821
10.935195,0.491821
10.935605,0.491821
10.936015,0.491821
10.936425,0.491820
10.936835,0.491820
10.937245,0.491820
10.937655,0.491820
10.938065,0.491820
10.938475,0.491820
10.938885,0.491820
10.939295,0.491820
10.939705,0.491820
10.940115,0.491820
10.940525,0.491819
10.940935,0.491819
10.941345,0.491819
10.941755,0.491819
10.942165,0.491819
10.942575,0.491819
10.942985,0.491819
10.943395,0.491819
10.943805,0.491819
10.944215,0.491818
10.944625,0.491818
10.945035,0.491818
10.945445,0.491818
10.945855,0.491818
10.946265,0.491818
10.946675,0.491818
10.947085,0.491818
10.947495,0.491818
10.947905,0.491818
10.948315,0.491818
10.948725,0.491817
10.949135,0.491817
10.949545,0.491817
10.949955,0.491817
10.950365,0.491817
10.950775,0.491817
10.951185,0.491817
10.951595,0.491817
10.952005,0.491817
10.952415,0.491816
10.952825,0.491816
10.953235,0.491816
10.953645,0.491816
10.954055,0.491816
10.954465,0.491816
10.954875,0.491816
10.955285,0.491816
10.955695,0.491816
10.956105,0.491816
10.956515,0.491816
10.956925,0.491815
10.957335,0.491815
10.957745,0.491815
10.958155,0.491815
10.958565,0.491815
10.958975,0.491815
10.959385,0.491815
10.959795,0.491815
10.960205,0.491815
10.960615,0.491815
10.961025,0.491814
10.961435,0.491814
10.961845,0.491814
10.962255,0.491814
10.962665,0.491814
10.963075,0.491814
10.963485,0.491814
10.963895,0.491814
10.964305,0.491814
10.964715,0.491813
10.965126,0.491813
10.965536,0.491813
10.965946,0.491813
10.966356,0.491813
10.966766,0.491813
10.967176,0.491813
10.967586,0.491813
10.967996,0.491813
10.968406,0.491813
10.968816,0.491813
10.969226,0.491813
10.969636,0.491812
10.970046,0.491812
10.970456,0.491812
10.970866,0.491812
10.971276,0.491812
10.971686,0.491812
10.972096,0.491812
10.972506,0.491812
10.972916,0.491812
10.973326,0.491812
10.973736,0.491812
10.974146,0.491811
10.974556,0.491811
10.974966,0.491811
10.975376,0.491811
10.975786,0.491811
10.976196,0.491811
10.976606,0.491811
10.977016,0.491811
10.977426,0.491811
10.977836,0.491810
10.978246,0.491810
10.978656,0.491810
10.979066,0.491810
10.979476,0.491810
10.979886,0.491810
10.980296,0.491810
10.980706,0.491810
10.981116,0.491810
10.981526,0.491810
10.981936,0.491809
10.982346,0.491809
10.982756,0.491809
10.983166,0.491809
10.983576,0.491809
10.983986,0.491809
10.984396,0.491809
10.984806,0.491809
10.985216,0.491809
10.985626,0.491809
10.986036,0.491808
10.986446,0.491808
10.986856,0.491808
10.987266,0.491808
10.987676,0.491808
10.988086,0.491808
10.988496,0.491808
10.988906,0.491808
10.989316,0.491808
10.989726,0.491808
10.990136,0.491808
10.990546,0.491807
10.990956,0.491807
10.991366,0.491807
10.991776,0.491807
10.992186,0.491807
10.992596,0.491807
10.993006,0.491807
10.993416,0.491807
10.993826,0.491807
10.994236,0.491807
10.994646,0.491807
10.995057,0.491807
10.995467,0.491806
10.995877,0.491806
10.996287,0.491806
10.996697,0.491806
10.997107,0.491806
10.997517,0.491806
10.997927,0.491806
10.998337,0.491806
10.998747,0.491806
10.999157,0.491806
10.999567,0.491805
10.999977,0.491805
11.000387,0.491805
11.000797,0.491805
11.001207,0.491805
11.001617,0.491805
11.002027,0.491805
11.002437,0.491805
11.002847,0.491805
11.003257,0.491805
11.003667,0.491804
11.004077,0.491804
11.004487,0.491804
11.004897,0.491804
11.005307,0.491804
11.005717,0.491804
11.006127,0.491804
11.006537,0.491804
11.006947,0.491804
11.007357,0.491804
11.007767,0.491803
11.008177,0.491803
11.008587,0.491803
11.008997,0.491803
11.009407,0.491803
11.009817,0.491803
11.010227,0.491803
11.010637,0.491803
11.011047,0.491803
11.011457,0.491803
11.011867,0.491803
11.012277,0.491802
11.012687,0.491802
11.013097,0.491802
11.013507,0.491802
11.013917,0.491802
11.014327,0.491802
11.014737,0.491802
11.015147,0.491802
11.015557,0.491802
11.015967,0.491802
11.016377,0.491802
11.016787,0.491801
11.017197,0.491801
11.017607,0.491801
11.018017,0.491801
11.018427,0.491801
11.018837,0.491801
11.019247,0.491801
11.019657,0.491801
11.020067,0.491801
11.020477,0.491801
11.020887,0.491800
11.021297,0.491800
11.021707,0.491800
11.022117,0.491800
11.022527,0.491800
11.022937,0.491800
11.023347,0.491800
11.023757,0.491800
11.024167,0.491800
11.024577,0.491800
11.024987,0.491800
11.025398,0.491799
11.025808,0.491799
11.026218,0.491799
11.026628,0.491799
11.027038,0.491799
11.027448,0.491799
11.027858,0.491799
11.028268,0.491799
11.028678,0.491799
11.029088,0.491799
11.029498,0.491798
11.029908,0.491798
11.030318,0.491798
11.030728,0.491798
11.031138,0.491798
11.031548,0.491798
11.031958,0.491798
11.032368,0.491798
11.032778,0.491798
11.033188,0.491798
11.033598,0.491798
11.034008,0.491798
11.034418,0.491797
11.034828,0.491797
11.035238,0.491797
11.035648,0.491797
11.036058,0.491797
11.036468,0.491797
11.036878,0.491797
11.037288,0.491797
11.037698,0.491797
11.038108,0.491797
11.038518,0.491796
11.038928,0.491796
11.039338,0.491796
11.039748,0.491796
11.040158,0.491796
11.040568,0.491796
11.040978,0.491796
11.041388,0.491796
11.041798,0.491796
11.042208,0.491796
11.042618,0.491796
11.043028,0.491795
11.043438,0.491795
11.043848,0.491795
11.044258,0.491795
11.044668,0.491795
11.045078,0.491795
11.045488,0.491795
11.045898,0.491795
11.046308,0.491795
11.046718,0.491795
11.047128,0.491795
11.047538,0.491795
11.047948,0.491794
11.048358,0.491794
11.048768,0.491794
11.049178,0.491794
11.049588,0.491794
11.049998,0.491794
11.050408,0.491794
11.050818,0.491794
11.051228,0.491794
11.051638,0.491794
11.052048,0.491794
11.052458,0.491793
11.052868,0.491793
11.053278,0.491793
11.053688,0.491793
11.054098,0.491793
11.054508,0.491793
11.054918,0.491793
11.055329,0.491793
11.055739,0.491793
11.056149,0.491793
11.056559,0.491792
11.056969,0.491792
11.057379,0.491792
11.057789,0.491792
11.058199,0.491792
11.058609,0.491792
11.059019,0.491792
11.059429,0.491792
11.059839,0.491792
11.060249,0.491792
11.060659,0.491792
11.061069,0.491792
11.061479,0.491791
11.061889,0.491791
11.062299,0.491791
11.062709,0.491791
11.063119,0.491791
11.063529,0.491791
11.063939,0.491791
11.064349,0.491791
11.064759,0.491791
11.065169,0.491791
11.065579,0.491791
11.065989,0.491791
11.066399,0.491790
11.066809,0.491790
11.067219,0.491790
11.067629,0.491790
11.068039,0.491790
11.068449,0.491790
11.068859,0.491790
11.069269,0.491790
11.069679,0.491790
11.070089,0.491790
11.070499,0.491790
11.070909,0.491789
11.071319,0.491789
11.071729,0.491789
11.072139,0.491789
11.072549,0.491789
11.072959,0.491789
11.073369,0.491789
11.073779,0.491789
11.074189,0.491789
11.074599,0.491789
11.075009,0.491789
11.075419,0.491788
11.075829,0.491788
11.076239,0.491788
11.076649,0.491788
11.077059,0.491788
11.077469,0.491788
11.077879,0.491788
11.078289,0.491788
11.078699,0.491788
11.079109,0.491788
11.079519,0.491788
11.079929,0.491787
11.080339,0.491787
11.080749,0.491787
11.081159,0.491787
11.081569,0.491787
11.081979,0.491787
11.082389,0.491787
11.082799,0.491787
11.083209,0.491787
11.083619,0.491787
11.084029,0.491787
11.084439,0.491786
11.084849,0.491786
11.085260,0.491786
11.085670,0.491786
11.086080,0.491786
11.086490,0.491786
11.086900,0.491786
11.087310,0.491786
11.087720,0.491786
11.088130,0.491786
11.088540,0.491786
11.088950,0.491786
11.089360,0.491785
11.089770,0.491785
11.090180,0.491785
11.090590,0.491785
11.091000,0.491785
11.091410,0.491785
11.091820,0.491785
11.092230,0.491785
11.092640,0.491785
11.093050,0.491785
11.093460,0.491785
11.093870,0.491785
11.094280,0.491784
11.094690,0.491784
11.095100,0.491784
11.095510,0.491784
11.095920,0.491784
11.096330,0.491784
11.096740,0.491784
11.097150,0.491784
11.097560,0.491784
11.097970,0.491784
11.098380,0.491784
11.098790,0.491783
11.099200,0.491783
11.099610,0.491783
11.100020,0.491783
11.100430,0.491783
11.100840,0.491783
11.101250,0.491783
11.101660,0.491783
11.102070,0.491783
11.102480,0.491783
11.102890,0.491783
11.103300,0.491782
11.103710,0.491782
11.104120,0.491782
11.104530,0.491782
11.104940,0.491782
11.105350,0.491782
11.105760,0.491782
11.106170,0.491782
11.106580,0.491782
11.106990,0.491782
11.107400,0.491782
11.107810,0.491782
11.108220,0.491781
11.108630,0.491781
11.109040,0.491781
11.109450,0.491781
11.109860,0.491781
11.110270,0.491781
11.110680,0.491781
11.111090,0.491781
11.111500,0.491781
11.111910,0.491781
11.112320,0.491781
11.112730,0.491781
11.113140,0.491781
11.113550,0.491780
11.113960,0.491780
11.114370,0.491780
11.114780,0.491780
11.115191,0.491780
11.115601,0.491780
11.116011,0.491780
11.116421,0.491780
11.116831,0.491780
11.117241,0.491780
11.117651,0.491780
11.118061,0.491779
11.118471,0.491779
11.118881,0.491779
11.119291,0.491779
11.119701,0.491779
11.120111,0.491779
11.120521,0.491779
11.120931,0.491779
11.121341,0.491779
11.121751,0.491779
11.122161,0.491779
11.122571,0.491779
11.122981,0.491778
11.123391,0.491778
11.123801,0.491778
11.124211,0.491778
11.124621,0.491778
11.125031,0.491778
11.125441,0.491778
11.125851,0.491778
11.126261,0.491778
11.126671,0.491778
11.127081,0.491777
11.127491,0.491777
11.127901,0.491777
11.128311,0.491777
11.128721,0.491777
11.129131,0.491777
11.129541,0.491777
11.129951,0.491777
11.130361,0.491777
11.130771,0.491777
11.131181,0.491777
11.131591,0.491777
11.132001,0.491777
11.132411,0.491776
11.132821,0.491776
11.133231,0.491776
11.133641,0.491776
11.134051,0.491776
11.134461,0.491776
11.134871,0.491776
11.135281,0.491776
11.135691,0.491776
11.136101,0.491776
11.136511,0.491776
11.136921,0.491776
11.137331,0.491776
11.137741,0.491775
11.138151,0.491775
11.138561,0.491775
11.138971,0.491775
11.139381,0.491775
11.139791,0.491775
11.140201,0.491775
11.140611,0.491775
11.141021,0.491775
11.141431,0.491775
11.141841,0.491775
11.142251,0.491774
11.142661,0.491774
11.143071,0.491774
11.143481,0.491774
11.143891,0.491774
11.144301,0.491774
11.144711,0.491774
11.145122,0.491774
11.145532,0.491774
11.145942,0.491774
11.146352,0.491774
11.146762,0.491774
11.147172,0.491773
11.147582,0.491773
11.147992,0.491773
11.148402,0.491773
11.148812,0.491773
11.149222,0.491773
11.149632,0.491773
11.150042,0.491773
11.150452,0.491773
11.150862,0.491773
11.151272,0.491773
11.151682,0.491773
11.152092,0.491773
11.152502,0.491773
11.152912,0.491772
11.153322,0.491772
11.153732,0.491772
11.154142,0.491772
11.154552,0.491772
11.154962,0.491772
11.155372,0.491772
11.155782,0.491772
11.156192,0.491772
11.156602,0.491772
11.157012,0.491772
11.157422,0.491771
11.157832,0.491771
11.158242,0.491771
11.158652,0.491771
11.159062,0.491771
11.159472,0.491771
11.159882,0.491771
11.160292,0.491771
11.160702,0.491771
11.161112,0.491771
11.161522,0.491771
11.161932,0.491771
11.162342,0.491771
11.162752,0.491770
11.163162,0.491770
11.163572,0.491770
11.163982,0.491770
11.164392,0.491770
11.164802,0.491770
11.165212,0.491770
11.165622,0.491770
11.166032,0.491770
11.166442,0.491770
11.166852,0.491770
11.167262,0.491769
11.167672,0.491769
11.168082,0.491769
11.168492,0.491769
11.168902,0.491769
11.169312,0.491769
11.169722,0.491769
11.170132,0.491769
11.170542,0.491769
11.170952,0.491769
11.171362,0.491769
11.171772,0.491769
11.172182,0.491769
11.172592,0.491768
11.173002,0.491768
11.173412,0.491768
11.173822,0.491768
11.174232,0.491768
11.174642,0.491768
11.175053,0.491768
11.175463,0.491768
11.175873,0.491768
11.176283,0.491768
11.176693,0.491768
11.177103,0.491768
11.177513,0.491768
11.177923,0.491767
11.178333,0.491767
11.178743,0.491767
11.179153,0.491767
11.179563,0.491767
11.179973,0.491767
11.180383,0.491767
11.180793,0.491767
11.181203,0.491767
11.181613,0.491767
11.182023,0.491767
11.182433,0.491767
11.182843,0.491767
11.183253,0.491766
11.183663,0.491766
11.184073,0.491766
11.184483,0.491766
11.184893,0.491766
11.185303,0.491766
11.185713,0.491766
11.186123,0.491766
11.186533,0.491766
11.186943,0.491766
11.187353,0.491766
11.187763,0.491766
11.188173,0.491765
11.188583,0.491765
11.188993,0.491765
11.189403,0.491765
11.189813,0.491765
11.190223,0.491765
11.190633,0.491765
11.191043,0.491765
11.191453,0.491765
11.191863,0.491765
11.192273,0.491765
11.192683,0.491765
11.193093,0.491764
11.193503,0.491764
11.193913,0.491764
11.194323,0.491764
11.194733,0.491764
11.195143,0.491764
11.195553,0.491764
11.195963,0.491764
11.196373,0.491764
11.196783,0.491764
11.197193,0.491764
11.197603,0.491764
11.198013,0.491764
11.198423,0.491764
11.198833,0.491764
11.199243,0.491763
11.199653,0.491763
11.200063,0.491763
11.200473,0.491763
11.200883,0.491763
11.201293,0.491763
11.201703,0.491763
11.202113,0.491763
11.202523,0.491763
11.202933,0.491763
11.203343,0.491763
11.203753,0.491763
11.204163,0.491763
11.204573,0.491762
11.204983,0.491762
11.205394,0.491762
11.205804,0.491762
11.206214,0.491762
11.206624,0.491762
11.207034,0.491762
11.207444,0.491762
11.207854,0.491762
11.208264,0.491762
11.208674,0.491762
11.209084,0.491762
11.209494,0.491761
11.209904,0.491761
11.210314,0.491761
11.210724,0.491761
11.211134,0.491761
11.211544,0.491761
11.211954,0.491761
11.212364,0.491761
11.212774,0.491761
11.213184,0.491761
11.213594,0.491761
11.214004,0.491761
11.214414,0.491761
11.214824,0.491760
11.215234,0.491760
11.215644,0.491760
11.216054,0.491760
11.216464,0.491760
11.216874,0.491760
11.217284,0.491760
11.217694,0.491760
11.218104,0.491760
11.218514,0.491760
11.218924,0.491760
11.219334,0.491760
11.219744,0.491760
11.220154,0.491759
11.220564,0.491759
11.220974,0.491759
11.221384,0.491759
11.221794,0.491759
11.222204,0.491759
11.222614,0.491759
11.223024,0.491759
11.223434,0.491759
11.223844,0.491759
11.224254,0.491759
11.224664,0.491759
11.225074,0.491759
11.225484,0.491759
11.225894,0.491758
11.226304,0.491758
11.226714,0.491758
11.227124,0.491758
11.227534,0.491758
11.227944,0.491758
11.228354,0.491758
11.228764,0.491758
11.229174,0.491758
11.229584,0.491758
11.229994,0.491758
11.230404,0.491758
11.230814,0.491757
11.231224,0.491757
11.231634,0.491757
11.232044,0.491757
11.232454,0.491757
11.232864,0.491757
11.233274,0.491757
11.233684,0.491757
11.234094,0.491757
11.234504,0.491757
11.234914,0.491757
11.235325,0.491757
11.235735,0.491757
11.236145,0.491756
11.236555,0.491756
11.236965,0.491756
11.237375,0.491756
11.237785,0.491756
11.238195,0.491756
11.238605,0.491756
11.239015,0.491756
11.239425,0.491756
11.239835,0.491756
11.240245,0.491756
11.240655,0.491756
11.241065,0.491756
11.241475,0.491755
11.241885,0.491755
11.242295,0.491755
11.242705,0.491755
11.243115,0.491755
11.243525,0.491755
11.243935,0.491755
11.244345,0.491755
11.244755,0.491755
11.245165,0.491755
11.245575,0.491755
11.245985,0.491755
11.246395,0.491755
11.246805,0.491755
11.247215,0.491754
11.247625,0.491754
11.248035,0.491754
11.248445,0.491754
11.248855,0.491754
11.249265,0.491754
11.249675,0.491754
11.250085,0.491754
11.250495,0.491754
11.250905,0.491754
11.251315,0.491754
11.251725,0.491754
11.252135,0.491754
11.252545,0.491753
11.252955,0.491753
11.253365,0.491753
11.253775,0.491753
11.254185,0.491753
11.254595,0.491753
11.255005,0.491753
11.255415,0.491753
11.255825,0.491753
11.256235,0.491753
11.256645,0.491753
11.257055,0.491753
11.257465,0.491753
11.257875,0.491753
11.258285,0.491752
11.258695,0.491752
11.259105,0.491752
11.259515,0.491752
11.259925,0.491752
11.260335,0.491752
11.260745,0.491752
11.261155,0.491752
11.261565,0.491752
11.261975,0.491752
11.262385,0.491752
11.262795,0.491752
11.263205,0.491751
11.263615,0.491751
11.264025,0.491751
11.264435,0.491751
11.264845,0.491751
11.265256,0.491751
11.265666,0.491751
11.266076,0.491751
11.266486,0.491751
11.266896,0.491751
11.267306,0.491751
11.267716,0.491751
11.268126,0.491751
11.268536,0.491751
11.268946,0.491751
11.269356,0.491750
11.269766,0.491750
11.270176,0.491750
11.270586,0.491750
11.270996,0.491750
11.271406,0.491750
11.271816,0.491750
11.272226,0.491750
11.272636,0.491750
11.273046,0.491750
11.273456,0.491750
11.273866,0.491750
11.274276,0.491750
11.274686,0.491750
11.275096,0.491749
11.275506,0.491749
11.275916,0.491749
11.276326,0.491749
11.276736,0.491749
11.277146,0.491749
11.277556,0.491749
11.277966,0.491749
11.278376,0.491749
11.278786,0.491749
11.279196,0.491749
11.279606,0.491749
11.280016,0.491749
11.280426,0.491749
11.280836,0.491748
11.281246,0.491748
11.281656,0.491748
11.282066,0.491748
11.282476,0.491748
11.282886,0.491748
11.283296,0.491748
11.283706,0.491748
11.284116,0.491748
11.284526,0.491748
11.284936,0.491748
11.285346,0.491748
11.285756,0.491747
11.286166,0.491747
11.286576,0.491747
11.286986,0.491747
11.287396,0.491747
11.287806,0.491747
11.288216,0.491747
11.288626,0.491747
11.289036,0.491747
11.289446,0.491747
11.289856,0.491747
11.290266,0.491747
11.290676,0.491747
11.291086,0.491747
11.291496,0.491747
11.291906,0.491747
11.292316,0.491746
11.292726,0.491746
11.293136,0.491746
11.293546,0.491746
11.293956,0.491746
11.294366,0.491746
11.294776,0.491746
11.295187,0.491746
11.295597,0.491746
11.296007,0.491746
11.296417,0.491746
11.296827,0.491746
11.297237,0.491746
11.297647,0.491746
11.298057,0.491745
11.298467,0.491745
11.298877,0.491745
11.299287,0.491745
11.299697,0.491745
11.300107,0.491745
11.300517,0.491745
11.300927,0.491745
11.301337,0.491745
11.301747,0.491745
11.302157,0.491745
11.302567,0.491745
11.302977,0.491745
11.303387,0.491745
11.303797,0.491744
11.304207,0.491744
11.304617,0.491744
11.305027,0.491744
11.305437,0.491744
11.305847,0.491744
11.306257,0.491744
11.306667,0.491744
11.307077,0.491744
11.307487,0.491744
11.307897,0.491744
11.308307,0.491744
11.308717,0.491744
11.309127,0.491744
11.309537,0.491744
11.309947,0.491743
11.310357,0.491743
11.310767,0.491743
11.311177,0.491743
11.311587,0.491743
11.311997,0.491743
11.312407,0.491743
11.312817,0.491743
11.313227,0.491743
11.313637,0.491743
11.314047,0.491743
11.314457,0.491743
11.314867,0.491743
11.315277,0.491743
11.315687,0.491742
11.316097,0.491742
11.316507,0.491742
11.316917,0.491742
11.317327,0.491742
11.317737,0.491742
11.318147,0.491742
11.318557,0.491742
11.318967,0.491742
11.319377,0.491742
11.319787,0.491742
11.320197,0.491742
11.320607,0.491742
11.321017,0.491742
11.321427,0.491741
11.321837,0.491741
11.322247,0.491741
11.322657,0.491741
11.323067,0.491741
11.323477,0.491741
11.323887,0.491741
11.324297,0.491741
11.324707,0.491741
11.325118,0.491741
11.325528,0.491741
11.325938,0.491741
11.326348,0.491741
11.326758,0.491741
11.327168,0.491740
11.327578,0.491740
11.327988,0.491740
11.328398,0.491740
11.328808,0.491740
11.329218,0.491740
11.329628,0.491740
11.330038,0.491740
11.330448,0.491740
11.330858,0.491740
11.331268,0.491740
11.331678,0.491740
11.332088,0.491740
11.332498,0.491740
11.332908,0.491739
11.333318,0.491739
11.333728,0.491739
11.334138,0.491739
11.334548,0.491739
11.334958,0.491739
11.335368,0.491739
11.335778,0.491739
11.336188,0.491739
11.336598,0.491739
11.337008,0.491739
11.337418,0.491739
11.337828,0.491739
11.338238,0.491739
11.338648,0.491739
11.339058,0.491738
11.339468,0.491738
11.339878,0.491738
11.340288,0.491738
11.340698,0.491738
11.341108,0.491738
11.341518,0.491738
11.341928,0.491738
11.342338,0.491738
11.342748,0.491738
11.343158,0.491738
11.343568,0.491738
11.343978,0.491738
11.344388,0.491738
11.344798,0.491738
11.345208,0.491737
11.345618,0.491737
11.346028,0.491737
11.346438,0.491737
11.346848,0.491737
11.347258,0.491737
11.347668,0.491737
11.348078,0.491737
11.348488,0.491737
11.348898,0.491737
11.349308,0.491737
11.349718,0.491737
11.350128,0.491737
11.350538,0.491737
11.350948,0.491737
11.351358,0.491736
11.351768,0.491736
11.352178,0.491736
11.352588,0.491736
11.352998,0.491736
11.353408,0.491736
11.353818,0.491736
11.354228,0.491736
11.354638,0.491736
11.355049,0.491736
11.355459,0.491736
11.355869,0.491736
11.356279,0.491736
11.356689,0.491736
11.357099,0.491736
11.357509,0.491736
11.357919,0.491736
11.358329,0.491735
11.358739,0.491735
11.359149,0.491735
11.359559,0.491735
11.359969,0.491735
11.360379,0.491735
11.360789,0.491735
11.361199,0.491735
11.361609,0.491735
11.362019,0.491735
11.362429,0.491735
11.362839,0.491735
11.363249,0.491735
11.363659,0.491734
11.364069,0.491734
11.364479,0.491734
11.364889,0.491734
11.365299,0.491734
11.365709,0.491734
11.366119,0.491734
11.366529,0.491734
11.366939,0.491734
11.367349,0.491734
11.367759,0.491734
11.368169,0.491734
11.368579,0.491734
11.368989,0.491734
11.369399,0.491733
11.369809,0.491733
11.370219,0.491733
11.370629,0.491733
11.371039,0.491733
11.371449,0.491733
11.371859,0.491733
11.372269,0.491733
11.372679,0.491733
11.373089,0.491733
11.373499,0.491733
11.373909,0.491733
11.374319,0.491733
11.374729,0.491733
11.375139,0.491733
11.375549,0.491733
11.375959,0.491732
11.376369,0.491732
11.376779,0.491732
11.377189,0.491732
11.377599,0.491732
11.378009,0.491732
11.378419,0.491732
11.378829,0.491732
11.379239,0.491732
11.379649,0.491732
11.380059,0.491732
11.380469,0.491732
11.380879,0.491732
11.381289,0.491732
11.381699,0.491732
11.382109,0.491731
11.382519,0.491731
11.382929,0.491731
11.383339,0.491731
11.383749,0.491731
11.384159,0.491731
11.384569,0.491731
11.384979,0.491731
11.385390,0.491731
11.385800,0.491731
11.386210,0.491731
11.386620,0.491731
11.387030,0.491731
11.387440,0.491731
11.387850,0.491731
11.388260,0.491731
11.388670,0.491730
11.389080,0.491730
11.389490,0.491730
11.389900,0.491730
11.390310,0.491730
11.390720,0.491730
11.391130,0.491730
11.391540,0.491730
11.391950,0.491730
11.392360,0.491730
11.392770,0.491730
11.393180,0.491730
11.393590,0.491730
11.394000,0.491730
11.394410,0.491730
11.394820,0.491729
11.395230,0.491729
11.395640,0.491729
11.396050,0.491729
11.396460,0.491729
11.396870,0.491729
11.397280,0.491729
11.397690,0.491729
11.398100,0.491729
11.398510,0.491729
11.398920,0.491729
11.399330,0.491729
11.399740,0.491729
11.400150,0.491729
11.400560,0.491729
11.400970,0.491729
11.401380,0.491728
11.401790,0.491728
11.402200,0.491728
11.402610,0.491728
11.403020,0.491728
11.403430,0.491728
11.403840,0.491728
11.404250,0.491728
11.404660,0.491728
11.405070,0.491728
11.405480,0.491728
11.405890,0.491728
11.406300,0.491728
11.406710,0.491728
11.407120,0.491728
11.407530,0.491727
11.407940,0.491727
11.408350,0.491727
11.408760,0.491727
11.409170,0.491727
11.409580,0.491727
11.409990,0.491727
11.410400,0.491727
11.410810,0.491727
11.411220,0.491727
11.411630,0.491727
11.412040,0.491727
11.412450,0.491727
11.412860,0.491727
11.413270,0.491727
11.413680,0.491727
11.414090,0.491726
11.414500,0.491726
11.414910,0.491726
11.415321,0.491726
11.415731,0.491726
11.416141,0.491726
11.416551,0.491726
11.416961,0.491726
11.417371,0.491726
11.417781,0.491726
11.418191,0.491726
11.418601,0.491726
11.419011,0.491726
11.419421,0.491726
11.419831,0.491726
11.420241,0.491726
11.420651,0.491725
11.421061,0.491725
11.421471,0.491725
11.421881,0.491725
11.422291,0.491725
11.422701,0.491725
11.423111,0.491725
11.423521,0.491725
11.423931,0.491725
11.424341,0.491725
11.424751,0.491725
11.425161,0.491725
11.425571,0.491725
11.425981,0.491725
11.426391,0.491725
11.426801,0.491724
11.427211,0.491724
11.427621,0.491724
11.428031,0.491724
11.428441,0.491724
11.428851,0.491724
11.429261,0.491724
11.429671,0.491724
11.430081,0.491724
11.430491,0.491724
11.430901,0.491724
11.431311,0.491724
11.431721,0.491724
11.432131,0.491724
11.432541,0.491724
11.432951,0.491723
11.433361,0.491723
11.433771,0.491723
11.434181,0.491723
11.434591,0.491723
11.435001,0.491723
11.435411,0.491723
11.435821,0.491723
11.436231,0.491723
11.436641,0.491723
11.437051,0.491723
11.437461,0.491723
11.437871,0.491723
11.438281,0.491723
11.438691,0.491723
11.439101,0.491723
11.439511,0.491722
11.439921,0.491723
11.440331,0.491722
11.440741,0.491722
11.441151,0.491722
11.441561,0.491722
11.441971,0.491722
11.442381,0.491722
11.442791,0.491722
11.443201,0.491722
11.443611,0.491722
11.444021,0.491722
11.444431,0.491722
11.444841,0.491722
11.445252,0.491722
11.445662,0.491722
11.446072,0.491722
11.446482,0.491722
11.446892,0.491721
11.447302,0.491721
11.447712,0.491721
11.448122,0.491721
11.448532,0.491721
11.448942,0.491721
11.449352,0.491721
11.449762,0.491721
11.450172,0.491721
11.450582,0.491721
11.450992,0.491721
11.451402,0.491721
11.451812,0.491721
11.452222,0.491721
11.452632,0.491721
11.453042,0.491721
11.453452,0.491721
11.453862,0.491720
11.454272,0.491720
11.454682,0.491720
11.455092,0.491720
11.455502,0.491720
11.455912,0.491720
11.456322,0.491720
11.456732,0.491720
11.457142,0.491720
11.457552,0.491720
11.457962,0.491720
11.458372,0.491720
11.458782,0.491720
11.459192,0.491720
11.459602,0.491720
11.460012,0.491720
11.460422,0.491720
11.460832,0.491719
11.461242,0.491719
11.461652,0.491719
11.462062,0.491719
11.462472,0.491719
11.462882,0.491719
11.463292,0.491719
11.463702,0.491719
11.464112,0.491719
11.464522,0.491719
11.464932,0.491719
11.465342,0.491719
11.465752,0.491719
11.466162,0.491719
11.466572,0.491719
11.466982,0.491719
11.467392,0.491719
11.467802,0.491719
11.468212,0.491718
11.468622,0.491718
11.469032,0.491718
11.469442,0.491718
11.469852,0.491718
11.470262,0.491718
11.470672,0.491718
11.471082,0.491718
11.471492,0.491718
11.471902,0.491718
11.472312,0.491718
11.472722,0.491718
11.473132,0.491718
11.473542,0.491718
11.473952,0.491718
11.474362,0.491717
11.474772,0.491717
11.475183,0.491717
11.475593,0.491717
11.476003,0.491717
11.476413,0.491717
11.476823,0.491717
11.477233,0.491717
11.477643,0.491717
11.478053,0.491717
11.478463,0.491717
11.478873,0.491717
11.479283,0.491717
11.479693,0.491717
11.480103,0.491717
11.480513,0.491717
11.480923,0.491717
11.481333,0.491716
11.481743,0.491716
11.482153,0.491716
11.482563,0.491716
11.482973,0.491716
11.483383,0.491716
11.483793,0.491716
11.484203,0.491716
11.484613,0.491716
11.485023,0.491716
11.485433,0.491716
11.485843,0.491716
11.486253,0.491716
11.486663,0.491716
11.487073,0.491716
11.487483,0.491716
11.487893,0.491716
11.488303,0.491715
11.488713,0.491715
11.489123,0.491715
11.489533,0.491715
11.489943,0.491715
11.490353,0.491715
11.490763,0.491715
11.491173,0.491715
11.491583,0.491715
11.491993,0.491715
11.492403,0.491715
11.492813,0.491715
11.493223,0.491715
11.493633,0.491715
11.494043,0.491715
11.494453,0.491715
11.494863,0.491714
11.495273,0.491714
11.495683,0.491714
11.496093,0.491714
11.496503,0.491714
11.496913,0.491714
11.497323,0.491714
11.497733,0.491714
11.498143,0.491714
11.498553,0.491714
11.498963,0.491714
11.499373,0.491714
11.499783,0.491714
11.500193,0.491714
11.500603,0.491714
11.501013,0.491714
11.501423,0.491714
11.501833,0.491713
11.502243,0.491713
11.502653,0.491713
11.503063,0.491713
11.503473,0.491713
11.503883,0.491713
11.504293,0.491713
11.504703,0.491713
11.505114,0.491713
11.505524,0.491713
11.505934,0.491713
11.506344,0.491713
11.506754,0.491713
11.507164,0.491713
11.507574,0.491713
11.507984,0.491713
11.508394,0.491713
11.508804,0.491713
11.509214,0.491712
11.509624,0.491712
11.510034,0.491712
11.510444,0.491712
11.510854,0.491712
11.511264,0.491712
11.511674,0.491712
11.512084,0.491712
11.512494,0.491712
11.512904,0.491712
11.513314,0.491712
11.513724,0.491712
11.514134,0.491712
11.514544,0.491712
11.514954,0.491712
11.515364,0.491712
11.515774,0.491712
11.516184,0.491711
11.516594,0.491711
11.517004,0.491711
11.517414,0.491711
11.517824,0.491711
11.518234,0.491711
11.518644,0.491711
11.519054,0.491711
11.519464,0.491711
11.519874,0.491711
11.520284,0.491711
11.520694,0.491711
11.521104,0.491711
11.521514,0.491711
11.521924,0.491711
11.522334,0.491711
11.522744,0.491711
11.523154,0.491711
11.523564,0.491710
11.523974,0.491710
11.524384,0.491710
11.524794,0.491710
11.525204,0.491710
11.525614,0.491710
11.526024,0.491710
11.526434,0.491710
11.526844,0.491710
11.527254,0.491710
11.527664,0.491710
11.528074,0.491710
11.528484,0.491710
11.528894,0.491710
11.529304,0.491710
11.529714,0.491710
11.530124,0.491709
11.530534,0.491709
11.530944,0.491709
11.531354,0.491709
11.531764,0.491709
11.532174,0.491709
11.532584,0.491709
11.532994,0.491709
11.533404,0.491709
11.533814,0.491709
11.534224,0.491709
11.534634,0.491709
11.535045,0.491709
11.535455,0.491709
11.535865,0.491709
11.536275,0.491709
11.536685,0.491709
11.537095,0.491709
11.537505,0.491709
11.537915,0.491709
11.538325,0.491708
11.538735,0.491708
11.539145,0.491708
11.539555,0.491708
11.539965,0.491708
11.540375,0.491708
11.540785,0.491708
11.541195,0.491708
11.541605,0.491708
11.542015,0.491708
11.542425,0.491708
11.542835,0.491708
11.543245,0.491708
11.543655,0.491708
11.544065,0.491708
11.544475,0.491708
11.544885,0.491707
11.545295,0.491707
11.545705,0.491707
11.546115,0.491707
11.546525,0.491707
11.546935,0.491707
11.547345,0.491707
11.547755,0.491707
11.548165,0.491707
11.548575,0.491707
11.548985,0.491707
11.549395,0.491707
11.549805,0.491707
11.550215,0.491707
11.550625,0.491707
11.551035,0.491707
11.551445,0.491706
11.551855,0.491706
11.552265,0.491706
11.552675,0.491706
11.553085,0.491706
11.553495,0.491706
11.553905,0.491706
11.554315,0.491706
11.554725,0.491706
11.555135,0.491706
11.555545,0.491706
11.555955,0.491706
11.556365,0.491706
11.556775,0.491706
11.557185,0.491706
11.557595,0.491706
11.558005,0.491706
11.558415,0.491706
11.558825,0.491706
11.559235,0.491706
11.559645,0.491705
11.560055,0.491705
11.560465,0.491705
11.560875,0.491705
11.561285,0.491705
11.561695,0.491705
11.562105,0.491705
11.562515,0.491705
11.562925,0.491705
11.563335,0.491705
11.563745,0.491705
11.564155,0.491705
11.564565,0.491705
11.564975,0.491705
11.565386,0.491705
11.565796,0.491705
11.566206,0.491705
11.566616,0.491705
11.567026,0.491704
11.567436,0.491704
11.567846,0.491704
11.568256,0.491704
11.568666,0.491704
11.569076,0.491704
11.569486,0.491704
11.569896,0.491704
11.570306,0.491704
11.570716,0.491704
11.571126,0.491704
11.571536,0.491704
11.571946,0.491704
11.572356,0.491704
11.572766,0.491704
11.573176,0.491704
11.573586,0.491704
11.573996,0.491704
11.574406,0.491704
11.574816,0.491704
11.575226,0.491703
11.575636,0.491703
11.576046,0.491703
11.576456,0.491703
11.576866,0.491703
11.577276,0.491703
11.577686,0.491703
11.578096,0.491703
11.578506,0.491703
11.578916,0.491703
11.579326,0.491703
11.579736,0.491703
11.580146,0.491703
11.580556,0.491703
11.580966,0.491703
11.581376,0.491703
11.581786,0.491703
11.582196,0.491703
11.582606,0.491702
11.583016,0.491702
11.583426,0.491702
11.583836,0.491702
11.584246,0.491702
11.584656,0.491702
11.585066,0.491702
11.585476,0.491702
11.585886,0.491702
11.586296,0.491702
11.586706,0.491702
11.587116,0.491702
11.587526,0.491702
11.587936,0.491702
11.588346,0.491702
11.588756,0.491702
11.589166,0.491702
11.589576,0.491702
11.589986,0.491702
11.590396,0.491701
11.590806,0.491701
11.591216,0.491701
11.591626,0.491701
11.592036,0.491701
11.592446,0.491701
11.592856,0.491701
11.593266,0.491701
11.593676,0.491701
11.594086,0.491701
11.594496,0.491701
11.594906,0.491701
11.595317,0.491701
11.595727,0.491701
11.596137,0.491701
11.596547,0.491701
11.596957,0.491701
11.597367,0.491701
11.597777,0.491700
11.598187,0.491700
11.598597,0.491700
11.599007,0.491700
11.599417,0.491700
11.599827,0.491700
11.600237,0.491700
11.600647,0.491700
11.601057,0.491700
11.601467,0.491700
11.601877,0.491700
11.602287,0.491700
11.602697,0.491700
11.603107,0.491700
11.603517,0.491700
11.603927,0.491700
11.604337,0.491700
11.604747,0.491700
11.605157,0.491700
11.605567,0.491700
11.605977,0.491700
11.606387,0.491700
11.606797,0.491699
11.607207,0.491699
11.607617,0.491699
11.608027,0.491699
11.608437,0.491699
11.608847,0.491699
11.609257,0.491699
11.609667,0.491699
11.610077,0.491699
11.610487,0.491699
11.610897,0.491699
11.611307,0.491699
11.611717,0.491699
11.612127,0.491699
11.612537,0.491699
11.612947,0.491699
11.613357,0.491699
11.613767,0.491699
11.614177,0.491699
11.614587,0.491698
11.614997,0.491698
11.615407,0.491698
11.615817,0.491698
11.616227,0.491698
11.616637,0.491698
11.617047,0.491698
11.617457,0.491698
11.617867,0.491698
11.618277,0.491698
11.618687,0.491698
11.619097,0.491698
11.619507,0.491698
11.619917,0.491698
11.620327,0.491698
11.620737,0.491698
11.621147,0.491698
11.621557,0.491697
11.621967,0.491697
11.622377,0.491697
11.622787,0.491697
11.623197,0.491697
11.623607,0.491697
11.624017,0.491697
11.624427,0.491697
11.624837,0.491697
11.625248,0.491697
11.625658,0.491697
11.626068,0.491697
11.626478,0.491697
11.626888,0.491697
11.627298,0.491697
11.627708,0.491697
11.628118,0.491697
11.628528,0.491697
11.628938,0.491697
11.629348,0.491697
11.629758,0.491697
11.630168,0.491697
11.630578,0.491696
11.630988,0.491696
11.631398,0.491696
11.631808,0.491696
11.632218,0.491696
11.632628,0.491696
11.633038,0.491696
11.633448,0.491696
11.633858,0.491696
11.634268,0.491696
11.634678,0.491696
11.635088,0.491696
11.635498,0.491696
11.635908,0.491696
11.636318,0.491696
11.636728,0.491696
11.637138,0.491696
11.637548,0.491695
11.637958,0.491695
11.638368,0.491695
11.638778,0.491695
11.639188,0.491695
11.639598,0.491695
11.640008,0.491695
11.640418,0.491695
11.640828,0.491695
11.641238,0.491695
11.641648,0.491695
11.642058,0.491695
11.642468,0.491695
11.642878,0.491695
11.643288,0.491695
11.643698,0.491695
11.644108,0.491695
11.644518,0.491695
11.644928,0.491695
11.645338,0.491694
11.645748,0.491694
11.646158,0.491694
11.646568,0.491694
11.646978,0.491694
11.647388,0.491694
11.647798,0.491694
11.648208,0.491694
11.648618,0.491694
11.649028,0.491694
11.649438,0.491694
11.649848,0.491694
11.650258,0.491694
11.650668,0.491694
11.651078,0.491694
11.651488,0.491694
11.651898,0.491694
11.652308,0.491694
11.652718,0.491694
11.653128,0.491693
11.653538,0.491693
11.653948,0.491693
11.654358,0.491693
11.654768,0.491693
11.655179,0.491693
11.655589,0.491693
11.655999,0.491693
11.656409,0.491693
11.656819,0.491693
11.657229,0.491693
11.657639,0.491693
11.658049,0.491693
11.658459,0.491693
11.658869,0.491693
11.659279,0.491693
11.659689,0.491693
11.660099,0.491693
11.660509,0.491693
11.660919,0.491693
11.661329,0.491693
11.661739,0.491693
11.662149,0.491692
11.662559,0.491692
11.662969,0.491692
11.663379,0.491692
11.663789,0.491692
11.664199,0.491692
11.664609,0.491692
11.665019,0.491692
11.665429,0.491692
11.665839,0.491692
11.666249,0.491692
11.666659,0.491692
11.667069,0.491692
11.667479,0.491692
11.667889,0.491692
11.668299,0.491692
11.668709,0.491692
11.669119,0.491692
11.669529,0.491692
11.669939,0.491692
11.670349,0.491692
11.670759,0.491691
11.671169,0.491691
11.671579,0.491691
11.671989,0.491691
11.672399,0.491691
11.672809,0.491691
11.673219,0.491691
11.673629,0.491691
11.674039,0.491691
11.674449,0.491691
11.674859,0.491691
11.675269,0.491691
11.675679,0.491691
11.676089,0.491691
11.676499,0.491691
11.676909,0.491691
11.677319,0.491691
11.677729,0.491691
11.678139,0.491691
11.678549,0.491691
11.678959,0.491690
11.679369,0.491690
11.679779,0.491690
11.680189,0.491690
11.680599,0.491690
11.681009,0.491690
11.681419,0.491690
11.681829,0.491690
11.682239,0.491690
11.682649,0.491690
11.683059,0.491690
11.683469,0.491690
11.683879,0.491690
11.684289,0.491690
11.684699,0.491690
11.685110,0.491690
11.685520,0.491690
11.685930,0.491690
11.686340,0.491690
11.686750,0.491690
11.687160,0.491690
11.687570,0.491690
11.687980,0.491689
11.688390,0.491689
11.688800,0.491689
11.689210,0.491689
11.689620,0.491689
11.690030,0.491689
11.690440,0.491689
11.690850,0.491689
11.691260,0.491689
11.691670,0.491689
11.692080,0.491689
11.692490,0.491689
11.692900,0.491689
11.693310,0.491689
11.693720,0.491689
11.694130,0.491689
11.694540,0.491689
11.694950,0.491689
11.695360,0.491688
11.695770,0.491688
11.696180,0.491688
11.696590,0.491688
11.697000,0.491688
11.697410,0.491688
11.697820,0.491688
11.698230,0.491688
11.698640,0.491688
11.699050,0.491688
11.699460,0.491688
11.699870,0.491688
11.700280,0.491688
11.700690,0.491688
11.701100,0.491688
11.701510,0.491688
11.701920,0.491688
11.702330,0.491688
11.702740,0.491688
11.703150,0.491688
11.703560,0.491687
11.703970,0.491687
11.704380,0.491687
11.704790,0.491687
11.705200,0.491687
11.705610,0.491687
11.706020,0.491687
11.706430,0.491687
11.706840,0.491687
11.707250,0.491687
11.707660,0.491687
11.708070,0.491687
11.708480,0.491687
11.708890,0.491687
11.709300,0.491687
11.709710,0.491687
11.710120,0.491687
11.710530,0.491687
11.710940,0.491687
11.711350,0.491687
11.711760,0.491687
11.712170,0.491687
11.712580,0.491686
11.712990,0.491686
11.713400,0.491686
11.713810,0.491686
11.714220,0.491686
11.714630,0.491686
11.715041,0.491686
11.715451,0.491686
11.715861,0.491686
11.716271,0.491686
11.716681,0.491686
11.717091,0.491686
11.717501,0.491686
11.717911,0.491686
11.718321,0.491686
11.718731,0.491686
11.719141,0.491686
11.719551,0.491686
11.719961,0.491686
11.720371,0.491686
11.720781,0.491686
11.721191,0.491686
11.721601,0.491685
11.722011,0.491685
11.722421,0.491685
11.722831,0.491685
11.723241,0.491685
11.723651,0.491685
11.724061,0.491685
11.724471,0.491685
11.724881,0.491685
11.725291,0.491685
11.725701,0.491685
11.726111,0.491685
11.726521,0.491685
11.726931,0.491685
11.727341,0.491685
11.727751,0.491685
11.728161,0.491685
11.728571,0.491685
11.728981,0.491685
11.729391,0.491685
11.729801,0.491684
11.730211,0.491684
11.730621,0.491684
11.731031,0.491684
11.731441,0.491684
11.731851,0.491684
11.732261,0.491684
11.732671,0.491684
11.733081,0.491684
11.733491,0.491684
11.733901,0.491684
11.734311,0.491684
11.734721,0.491684
11.735131,0.491684
11.735541,0.491684
11.735951,0.491684
11.736361,0.491684
11.736771,0.491684
11.737181,0.491684
11.737591,0.491684
11.738001,0.491684
11.738411,0.491684
11.738821,0.491683
11.739231,0.491683
11.739641,0.491683
11.740051,0.491683
11.740461,0.491683
11.740871,0.491683
11.741281,0.491683
11.741691,0.491683
11.742101,0.491683
11.742511,0.491683
11.742921,0.491683
11.743331,0.491683
11.743741,0.491683
11.744151,0.491683
11.744561,0.491683
11.744971,0.491683
11.745382,0.491683
11.745792,0.491683
11.746202,0.491683
11.746612,0.491683
11.747022,0.491683
11.747432,0.491683
11.747842,0.491682
11.748252,0.491682
11.748662,0.491682
11.749072,0.491682
11.749482,0.491682
11.749892,0.491682
11.750302,0.491682
11.750712,0.491682
11.751122,0.491682
11.751532,0.491682
11.751942,0.491682
11.752352,0.491682
11.752762,0.491682
11.753172,0.491682
11.753582,0.491682
11.753992,0.491682
11.754402,0.491682
11.754812,0.491682
11.755222,0.491682
11.755632,0.491682
11.756042,0.491682
11.756452,0.491682
11.756862,0.491682
11.757272,0.491681
11.757682,0.491681
11.758092,0.491681
11.758502,0.491681
11.758912,0.491681
11.759322,0.491681
11.759732,0.491681
11.760142,0.491681
11.760552,0.491681
11.760962,0.491681
11.761372,0.491681
11.761782,0.491681
11.762192,0.491681
11.762602,0.491681
11.763012,0.491681
11.763422,0.491681
11.763832,0.491681
11.764242,0.491681
11.764652,0.491681
11.765062,0.491681
11.765472,0.491681
11.765882,0.491681
11.766292,0.491680
11.766702,0.491680
11.767112,0.491680
11.767522,0.491680
11.767932,0.491680
11.768342,0.491680
11.768752,0.491680
11.769162,0.491680
11.769572,0.491680
11.769982,0.491680
11.770392,0.491680
11.770802,0.491680
11.771212,0.491680
11.771622,0.491680
11.772032,0.491680
11.772442,0.491680
11.772852,0.491680
11.773262,0.491680
11.773672,0.491680
11.774082,0.491680
11.774492,0.491680
11.774902,0.491680
11.775313,0.491679
11.775723,0.491680
11.776133,0.491679
11.776543,0.491679
11.776953,0.491679
11.777363,0.491679
11.777773,0.491679
11.778183,0.491679
11.778593,0.491679
11.779003,0.491679
11.779413,0.491679
11.779823,0.491679
11.780233,0.491679
11.780643,0.491679
11.781053,0.491679
11.781463,0.491679
11.781873,0.491679
11.782283,0.491679
11.782693,0.491679
11.783103,0.491679
11.783513,0.491679
11.783923,0.491679
11.784333,0.491679
11.784743,0.491678
11.785153,0.491678
11.785563,0.491678
11.785973,0.491678
11.786383,0.491678
11.786793,0.491678
11.787203,0.491678
11.787613,0.491678
11.788023,0.491678
11.788433,0.491678
11.788843,0.491678
11.789253,0.491678
11.789663,0.491678
11.790073,0.491678
11.790483,0.491678
11.790893,0.491678
11.791303,0.491678
11.791713,0.491678
11.792123,0.491678
11.792533,0.491678
11.792943,0.491678
11.793353,0.491678
11.793763,0.491678
11.794173,0.491678
11.794583,0.491677
11.794993,0.491677
11.795403,0.491677
11.795813,0.491677
11.796223,0.491677
11.796633,0.491677
11.797043,0.491677
11.797453,0.491677
11.797863,0.491677
11.798273,0.491677
11.798683,0.491677
11.799093,0.491677
11.799503,0.491677
11.799913,0.491677
11.800323,0.491677
11.800733,0.491677
11.801143,0.491677
11.801553,0.491677
11.801963,0.491677
11.802373,0.491677
11.802783,0.491677
11.803193,0.491677
11.803603,0.491676
11.804013,0.491676
11.804423,0.491676
11.804833,0.491676
11.805244,0.491676
11.805654,0.491676
11.806064,0.491676
11.806474,0.491676
11.806884,0.491676
11.807294,0.491676
11.807704,0.491676
11.808114,0.491676
11.808524,0.491676
11.808934,0.491676
11.809344,0.491676
11.809754,0.491676
11.810164,0.491676
11.810574,0.491676
11.810984,0.491676
11.811394,0.491676
11.811804,0.491676
11.812214,0.491676
11.812624,0.491676
11.813034,0.491675
11.813444,0.491675
11.813854,0.491675
11.814264,0.491675
11.814674,0.491675
11.815084,0.491675
11.815494,0.491675
11.815904,0.491675
11.816314,0.491675
11.816724,0.491675
11.817134,0.491675
11.817544,0.491675
11.817954,0.491675
11.818364,0.491675
11.818774,0.491675
11.819184,0.491675
11.819594,0.491675
11.820004,0.491675
11.820414,0.491675
11.820824,0.491675
11.821234,0.491675
11.821644,0.491675
11.822054,0.491675
11.822464,0.491674
11.822874,0.491674
11.823284,0.491674
11.823694,0.491674
11.824104,0.491674
11.824514,0.491674
11.824924,0.491674
11.825334,0.491674
11.825744,0.491674
11.826154,0.491674
11.826564,0.491674
11.826974,0.491674
11.827384,0.491674
11.827794,0.491674
11.828204,0.491674
11.828614,0.491674
11.829024,0.491674
11.829434,0.491674
11.829844,0.491674
11.830254,0.491674
11.830664,0.491674
11.831074,0.491674
11.831484,0.491674
11.831894,0.491674
11.832304,0.491673
11.832714,0.491673
11.833124,0.491673
11.833534,0.491673
11.833944,0.491673
11.834354,0.491673
11.834764,0.491673
11.835175,0.491673
11.835585,0.491673
11.835995,0.491673
11.836405,0.491673
11.836815,0.491673
11.837225,0.491673
11.837635,0.491673
11.838045,0.491673
11.838455,0.491673
11.838865,0.491673
11.839275,0.491673
11.839685,0.491673
11.840095,0.491673
11.840505,0.491673
11.840915,0.491673
11.841325,0.491673
11.841735,0.491673
11.842145,0.491673
11.842555,0.491672
11.842965,0.491672
11.843375,0.491672
11.843785,0.491672
11.844195,0.491672
11.844605,0.491672
11.845015,0.491672
11.845425,0.491672
11.845835,0.491672
11.846245,0.491672
11.846655,0.491672
11.847065,0.491672
11.847475,0.491672
11.847885,0.491672
11.848295,0.491672
11.848705,0.491672
11.849115,0.491672
11.849525,0.491672
11.849935,0.491672
11.850345,0.491672
11.850755,0.491672
11.851165,0.491672
11.851575,0.491672
11.851985,0.491672
11.852395,0.491672
11.852805,0.491671
11.853215,0.491671
11.853625,0.491671
11.854035,0.491671
11.854445,0.491671
11.854855,0.491671
11.855265,0.491671
11.855675,0.491671
11.856085,0.491671
11.856495,0.491671
11.856905,0.491671
11.857315,0.491671
11.857725,0.491671
11.858135,0.491671
11.858545,0.491671
11.858955,0.491671
11.859365,0.491671
11.859775,0.491671
11.860185,0.491671
11.860595,0.491671
11.861005,0.491671
11.861415,0.491671
11.861825,0.491670
11.862235,0.491670
11.862645,0.491670
11.863055,0.491670
11.863465,0.491670
11.863875,0.491670
11.864285,0.491670
11.864695,0.491670
11.865106,0.491670
11.865516,0.491670
11.865926,0.491670
11.866336,0.491670
11.866746,0.491670
11.867156,0.491670
11.867566,0.491670
11.867976,0.491670
11.868386,0.491670
11.868796,0.491670
11.869206,0.491670
11.869616,0.491670
11.870026,0.491670
11.870436,0.491670
11.870846,0.491670
11.871256,0.491670
11.871666,0.491669
11.872076,0.491670
11.872486,0.491670
11.872896,0.491669
11.873306,0.491669
11.873716,0.491669
11.874126,0.491669
11.874536,0.491669
11.874946,0.491669
11.875356,0.491669
11.875766,0.491669
11.876176,0.491669
11.876586,0.491669
11.876996,0.491669
11.877406,0.491669
11.877816,0.491669
11.878226,0.491669
11.878636,0.491669
11.879046,0.491669
11.879456,0.491669
11.879866,0.491669
11.880276,0.491669
11.880686,0.491669
11.881096,0.491669
11.881506,0.491669
11.881916,0.491668
11.882326,0.491668
11.882736,0.491668
11.883146,0.491668
11.883556,0.491668
11.883966,0.491668
11.884376,0.491668
11.884786,0.491668
11.885196,0.491668
11.885606,0.491668
11.886016,0.491668
11.886426,0.491668
11.886836,0.491668
11.887246,0.491668
11.887656,0.491668
11.888066,0.491668
11.888476,0.491668
11.888886,0.491668
11.889296,0.491668
11.889706,0.491668
11.890116,0.491668
11.890526,0.491668
11.890936,0.491668
11.891346,0.491668
11.891756,0.491668
11.892166,0.491668
11.892576,0.491667
11.892986,0.491667
11.893396,0.491667
11.893806,0.491667
11.894216,0.491667
11.894626,0.491667
11.895037,0.491667
11.895447,0.491667
11.895857,0.491667
11.896267,0.491667
11.896677,0.491667
11.897087,0.491667
11.897497,0.491667
11.897907,0.491667
11.898317,0.491667
11.898727,0.491667
11.899137,0.491667
11.899547,0.491667
11.899957,0.491667
11.900367,0.491667
11.900777,0.491667
11.901187,0.491667
11.901597,0.491667
11.902007,0.491667
11.902417,0.491667
11.902827,0.491667
11.903237,0.491667
11.903647,0.491666
11.904057,0.491666
11.904467,0.491666
11.904877,0.491666
11.905287,0.491666
11.905697,0.491666
11.906107,0.491666
11.906517,0.491666
11.906927,0.491666
11.907337,0.491666
11.907747,0.491666
11.908157,0.491666
11.908567,0.491666
11.908977,0.491666
11.909387,0.491666
11.909797,0.491666
11.910207,0.491666
11.910617,0.491666
11.911027,0.491666
11.911437,0.491666
11.911847,0.491666
11.912257,0.491666
11.912667,0.491666
11.913077,0.491666
11.913487,0.491666
11.913897,0.491665
11.914307,0.491665
11.914717,0.491665
11.915127,0.491665
11.915537,0.491665
11.915947,0.491665
11.916357,0.491665
11.916767,0.491665
11.917177,0.491665
11.917587,0.491665
11.917997,0.491665
11.918407,0.491665
11.918817,0.491665
11.919227,0.491665
11.919637,0.491665
11.920047,0.491665
11.920457,0.491665
11.920867,0.491665
11.921277,0.491665
11.921687,0.491665
11.922097,0.491665
11.922507,0.491665
11.922917,0.491665
11.923327,0.491665
11.923737,0.491665
11.924147,0.491665
11.924557,0.491664
11.924967,0.491664
11.925378,0.491664
11.925788,0.491664
11.926198,0.491664
11.926608,0.491664
11.927018,0.491664
11.927428,0.491664
11.927838,0.491664
11.928248,0.491664
11.928658,0.491664
11.929068,0.491664
11.929478,0.491664
11.929888,0.491664
11.930298,0.491664
11.930708,0.491664
11.931118,0.491664
11.931528,0.491664
11.931938,0.491664
11.932348,0.491664
11.932758,0.491664
11.933168,0.491664
11.933578,0.491664
11.933988,0.491664
11.934398,0.491663
11.934808,0.491663
11.935218,0.491663
11.935628,0.491663
11.936038,0.491663
11.936448,0.491663
11.936858,0.491663
11.937268,0.491663
11.937678,0.491663
11.938088,0.491663
11.938498,0.491663
11.938908,0.491663
11.939318,0.491663
11.939728,0.491663
11.940138,0.491663
11.940548,0.491663
11.940958,0.491663
11.941368,0.491663
11.941778,0.491663
11.942188,0.491663
11.942598,0.491663
11.943008,0.491663
11.943418,0.491663
11.943828,0.491663
11.944238,0.491663
11.944648,0.491663
11.945058,0.491662
11.945468,0.491663
11.945878,0.491662
11.946288,0.491662
11.946698,0.491662
11.947108,0.491662
11.947518,0.491662
11.947928,0.491662
11.948338,0.491662
11.948748,0.491662
11.949158,0.491662
11.949568,0.491662
11.949978,0.491662
11.950388,0.491662
11.950798,0.491662
11.951208,0.491662
11.951618,0.491662
11.952028,0.491662
11.952438,0.491662
11.952848,0.491662
11.953258,0.491662
11.953668,0.491662
11.954078,0.491662
11.954488,0.491662
11.954898,0.491662
11.955309,0.491662
11.955719,0.491662
11.956129,0.491662
11.956539,0.491661
11.956949,0.491661
11.957359,0.491661
11.957769,0.491661
11.958179,0.491661
11.958589,0.491661
11.958999,0.491661
11.959409,0.491661
11.959819,0.491661
11.960229,0.491661
11.960639,0.491661
11.961049,0.491661
11.961459,0.491661
11.961869,0.491661
11.962279,0.491661
11.962689,0.491661
11.963099,0.491661
11.963509,0.491661
11.963919,0.491661
11.964329,0.491661
11.964739,0.491661
11.965149,0.491661
11.965559,0.491661
11.965969,0.491661
11.966379,0.491661
11.966789,0.491661
11.967199,0.491661
11.967609,0.491660
11.968019,0.491660
11.968429,0.491660
11.968839,0.491660
11.969249,0.491660
11.969659,0.491660
11.970069,0.491660
11.970479,0.491660
11.970889,0.491660
11.971299,0.491660
11.971709,0.491660
11.972119,0.491660
11.972529,0.491660
11.972939,0.491660
11.973349,0.491660
11.973759,0.491660
11.974169,0.491660
11.974579,0.491660
11.974989,0.491660
11.975399,0.491660
11.975809,0.491660
11.976219,0.491660
11.976629,0.491660
11.977039,0.491660
11.977449,0.491660
11.977859,0.491660
11.978269,0.491660
11.978679,0.491659
11.979089,0.491659
11.979499,0.491659
11.979909,0.491659
11.980319,0.491659
11.980729,0.491659
11.981139,0.491659
11.981549,0.491659
11.981959,0.491659
11.982369,0.491659
11.982779,0.491659
11.983189,0.491659
11.983599,0.491659
11.984009,0.491659
11.984419,0.491659
11.984829,0.491659
11.985240,0.491659
11.985650,0.491659
11.986060,0.491659
11.986470,0.491659
11.986880,0.491659
11.987290,0.491659
11.987700,0.491659
11.988110,0.491659
11.988520,0.491659
11.988930,0.491659
11.989340,0.491658
11.989750,0.491658
11.990160,0.491658
11.990570,0.491658
11.990980,0.491658
11.991390,0.491658
11.991800,0.491658
11.992210,0.491658
11.992620,0.491658
11.993030,0.491658
11.993440,0.491658
11.993850,0.491658
11.994260,0.491658
11.994670,0.491658
11.995080,0.491658
11.995490,0.491658
11.995900,0.491658
11.996310,0.491658
11.996720,0.491658
11.997130,0.491658
11.997540,0.491658
11.997950,0.491658
11.998360,0.491658
11.998770,0.491658
11.999180,0.491658
11.999590,0.491658
12.000000,0.491658
