-0.300000,14.367653
-0.299590,14.367651
-0.299180,14.367649
-0.298770,14.367649
-0.298360,14.367648
-0.297950,14.367647
-0.297540,14.367647
-0.297130,14.367645
-0.296720,14.367644
-0.296310,14.367643
-0.295900,14.367642
-0.295490,14.367641
-0.295080,14.367640
-0.294670,14.367640
-0.294260,14.367639
-0.293850,14.367638
-0.293440,14.367637
-0.293030,14.367637
-0.292620,14.367636
-0.292210,14.367634
-0.291800,14.367633
-0.291390,14.367633
-0.290980,14.367631
-0.290570,14.367630
-0.290160,14.367630
-0.289750,14.367630
-0.289340,14.367628
-0.288930,14.367627
-0.288520,14.367624
-0.288110,14.367623
-0.287700,14.367623
-0.287290,14.367622
-0.286880,14.367620
-0.286470,14.367620
-0.286060,14.367620
-0.285650,14.367617
-0.285240,14.367617
-0.284829,14.367616
-0.284419,14.367616
-0.284009,14.367615
-0.283599,14.367615
-0.283189,14.367611
-0.282779,14.367611
-0.282369,14.367610
-0.281959,14.367609
-0.281549,14.367609
-0.281139,14.367607
-0.280729,14.367605
-0.280319,14.367604
-0.279909,14.367603
-0.279499,14.367603
-0.279089,14.367603
-0.278679,14.367601
-0.278269,14.367599
-0.277859,14.367599
-0.277449,14.367598
-0.277039,14.367596
-0.276629,14.367596
-0.276219,14.367594
-0.275809,14.367594
-0.275399,14.367592
-0.274989,14.367590
-0.274579,14.367588
-0.274169,14.367587
-0.273759,14.367586
-0.273349,14.367585
-0.272939,14.367584
-0.272529,14.367584
-0.272119,14.367582
-0.271709,14.367581
-0.271299,14.367581
-0.270889,14.367579
-0.270479,14.367579
-0.270069,14.367577
-0.269659,14.367576
-0.269249,14.367575
-0.268839,14.367575
-0.268429,14.367573
-0.268019,14.367573
-0.267609,14.367570
-0.267199,14.367569
-0.266789,14.367568
-0.266379,14.367567
-0.265969,14.367566
-0.265559,14.367564
-0.265149,14.367563
-0.264739,14.367562
-0.264329,14.367561
-0.263919,14.367559
-0.263509,14.367559
-0.263099,14.367558
-0.262689,14.367556
-0.262279,14.367556
-0.261869,14.367554
-0.261459,14.367552
-0.261049,14.367552
-0.260639,14.367550
-0.260229,14.367548
-0.259819,14.367548
-0.259409,14.367546
-0.258999,14.367546
-0.258589,14.367543
-0.258179,14.367542
-0.257769,14.367542
-0.257359,14.367540
-0.256949,14.367540
-0.256539,14.367537
-0.256129,14.367537
-0.255719,14.367537
-0.255309,14.367535
-0.254898,14.367535
-0.254488,14.367532
-0.254078,14.367531
-0.253668,14.367531
-0.253258,14.367529
-0.252848,14.367527
-0.252438,14.367526
-0.252028,14.367525
-0.251618,14.367523
-0.251208,14.367521
-0.250798,14.367519
-0.250388,14.367519
-0.249978,14.367517
-0.249568,14.367517
-0.249158,14.367515
-0.248748,14.367512
-0.248338,14.367512
-0.247928,14.367510
-0.247518,14.367509
-0.247108,14.367508
-0.246698,14.367507
-0.246288,14.367504
-0.245878,14.367504
-0.245468,14.367501
-0.245058,14.367500
-0.244648,14.367498
-0.244238,14.367498
-0.243828,14.367497
-0.243418,14.367496
-0.243008,14.367494
-0.242598,14.367493
-0.242188,14.367492
-0.241778,14.367491
-0.241368,14.367489
-0.240958,14.367487
-0.240548,14.367485
-0.240138,14.367484
-0.239728,14.367481
-0.239318,14.367481
-0.238908,14.367479
-0.238498,14.367477
-0.238088,14.367477
-0.237678,14.367476
-0.237268,14.367475
-0.236858,14.367474
-0.236448,14.367472
-0.236038,14.367470
-0.235628,14.367468
-0.235218,14.367467
-0.234808,14.367464
-0.234398,14.367464
-0.233988,14.367464
-0.233578,14.367460
-0.233168,14.367460
-0.232758,14.367458
-0.232348,14.367456
-0.231938,14.367455
-0.231528,14.367455
-0.231118,14.367453
-0.230708,14.367452
-0.230298,14.367449
-0.229888,14.367449
-0.229478,14.367445
-0.229068,14.367443
-0.228658,14.367442
-0.228248,14.367441
-0.227838,14.367439
-0.227428,14.367438
-0.227018,14.367436
-0.226608,14.367435
-0.226198,14.367434
-0.225788,14.367432
-0.225378,14.367431
-0.224967,14.367428
-0.224557,14.367428
-0.224147,14.367424
-0.223737,14.367423
-0.223327,14.367422
-0.222917,14.367422
-0.222507,14.367418
-0.222097,14.367416
-0.221687,14.367415
-0.221277,14.367414
-0.220867,14.367413
-0.220457,14.367409
-0.220047,14.367408
-0.219637,14.367407
-0.219227,14.367405
-0.218817,14.367403
-0.218407,14.367401
-0.217997,14.367401
-0.217587,14.367397
-0.217177,14.367397
-0.216767,14.367395
-0.216357,14.367393
-0.215947,14.367392
-0.215537,14.367390
-0.215127,14.367389
-0.214717,14.367386
-0.214307,14.367385
-0.213897,14.367384
-0.213487,14.367382
-0.213077,14.367379
-0.212667,14.367378
-0.212257,14.367375
-0.211847,14.367374
-0.211437,14.367373
-0.211027,14.367371
-0.210617,14.367370
-0.210207,14.367367
-0.209797,14.367365
-0.209387,14.367363
-0.208977,14.367361
-0.208567,14.367359
-0.208157,14.367357
-0.207747,14.367357
-0.207337,14.367353
-0.206927,14.367352
-0.206517,14.367350
-0.206107,14.367348
-0.205697,14.367347
-0.205287,14.367346
-0.204877,14.367344
-0.204467,14.367342
-0.204057,14.367338
-0.203647,14.367335
-0.203237,14.367334
-0.202827,14.367332
-0.202417,14.367331
-0.202007,14.367328
-0.201597,14.367327
-0.201187,14.367325
-0.200777,14.367323
-0.200367,14.367321
-0.199957,14.367318
-0.199547,14.367317
-0.199137,14.367315
-0.198727,14.367313
-0.198317,14.367312
-0.197907,14.367310
-0.197497,14.367307
-0.197087,14.367304
-0.196677,14.367303
-0.196267,14.367301
-0.195857,14.367298
-0.195447,14.367296
-0.195037,14.367294
-0.194626,14.367291
-0.194216,14.367290
-0.193806,14.367289
-0.193396,14.367287
-0.192986,14.367285
-0.192576,14.367282
-0.192166,14.367280
-0.191756,14.367279
-0.191346,14.367277
-0.190936,14.367274
-0.190526,14.367271
-0.190116,14.367270
-0.189706,14.367267
-0.189296,14.367265
-0.188886,14.367262
-0.188476,14.367260
-0.188066,14.367258
-0.187656,14.367256
-0.187246,14.367254
-0.186836,14.367250
-0.186426,14.367250
-0.186016,14.367247
-0.185606,14.367244
-0.185196,14.367243
-0.184786,14.367240
-0.184376,14.367238
-0.183966,14.367235
-0.183556,14.367233
-0.183146,14.367230
-0.182736,14.367228
-0.182326,14.367226
-0.181916,14.367223
-0.181506,14.367220
-0.181096,14.367218
-0.180686,14.367216
-0.180276,14.367214
-0.179866,14.367211
-0.179456,14.367208
-0.179046,14.367207
-0.178636,14.367205
-0.178226,14.367202
-0.177816,14.367201
-0.177406,14.367197
-0.176996,14.367193
-0.176586,14.367191
-0.176176,14.367190
-0.175766,14.367188
-0.175356,14.367186
-0.174946,14.367184
-0.174536,14.367180
-0.174126,14.367177
-0.173716,14.367175
-0.173306,14.367172
-0.172896,14.367170
-0.172486,14.367167
-0.172076,14.367165
-0.171666,14.367161
-0.171256,14.367160
-0.170846,14.367155
-0.170436,14.367154
-0.170026,14.367151
-0.169616,14.367147
-0.169206,14.367146
-0.168796,14.367144
-0.168386,14.367141
-0.167976,14.367138
-0.167566,14.367135
-0.167156,14.367133
-0.166746,14.367129
-0.166336,14.367126
-0.165926,14.367123
-0.165516,14.367121
-0.165106,14.367118
-0.164695,14.367115
-0.164285,14.367113
-0.163875,14.367111
-0.163465,14.367107
-0.163055,14.367105
-0.162645,14.367102
-0.162235,14.367098
-0.161825,14.367097
-0.161415,14.367094
-0.161005,14.367090
-0.160595,14.367088
-0.160185,14.367085
-0.159775,14.367083
-0.159365,14.367078
-0.158955,14.367076
-0.158545,14.367071
-0.158135,14.367070
-0.157725,14.367067
-0.157315,14.367065
-0.156905,14.367062
-0.156495,14.367060
-0.156085,14.367054
-0.155675,14.367052
-0.155265,14.367048
-0.154855,14.367046
-0.154445,14.367041
-0.154035,14.367039
-0.153625,14.367037
-0.153215,14.367033
-0.152805,14.367029
-0.152395,14.367025
-0.151985,14.367023
-0.151575,14.367020
-0.151165,14.367016
-0.150755,14.367014
-0.150345,14.367010
-0.149935,14.367008
-0.149525,14.367004
-0.149115,14.367001
-0.148705,14.366997
-0.148295,14.366995
-0.147885,14.366991
-0.147475,14.366988
-0.147065,14.366984
-0.146655,14.366982
-0.146245,14.366978
-0.145835,14.366974
-0.145425,14.366970
-0.145015,14.366968
-0.144605,14.366964
-0.144195,14.366961
-0.143785,14.366958
-0.143375,14.366955
-0.142965,14.366951
-0.142555,14.366945
-0.142145,14.366942
-0.141735,14.366940
-0.141325,14.366936
-0.140915,14.366932
-0.140505,14.366928
-0.140095,14.366924
-0.139685,14.366921
-0.139275,14.366919
-0.138865,14.366913
-0.138455,14.366911
-0.138045,14.366907
-0.137635,14.366901
-0.137225,14.366899
-0.136815,14.366896
-0.136405,14.366892
-0.135995,14.366888
-0.135585,14.366885
-0.135175,14.366880
-0.134764,14.366877
-0.134354,14.366873
-0.133944,14.366869
-0.133534,14.366865
-0.133124,14.366861
-0.132714,14.366858
-0.132304,14.366854
-0.131894,14.366850
-0.131484,14.366846
-0.131074,14.366842
-0.130664,14.366837
-0.130254,14.366833
-0.129844,14.366829
-0.129434,14.366825
-0.129024,14.366821
-0.128614,14.366817
-0.128204,14.366813
-0.127794,14.366809
-0.127384,14.366804
-0.126974,14.366799
-0.126564,14.366796
-0.126154,14.366792
-0.125744,14.366788
-0.125334,14.366783
-0.124924,14.366779
-0.124514,14.366776
-0.124104,14.366772
-0.123694,14.366767
-0.123284,14.366762
-0.122874,14.366758
-0.122464,14.366754
-0.122054,14.366751
-0.121644,14.366745
-0.121234,14.366741
-0.120824,14.366737
-0.120414,14.366732
-0.120004,14.366726
-0.119594,14.366720
-0.119184,14.366718
-0.118774,14.366713
-0.118364,14.366709
-0.117954,14.366703
-0.117544,14.366697
-0.117134,14.366693
-0.116724,14.366689
-0.116314,14.366685
-0.115904,14.366680
-0.115494,14.366676
-0.115084,14.366671
-0.114674,14.366667
-0.114264,14.366661
-0.113854,14.366655
-0.113444,14.366652
-0.113034,14.366646
-0.112624,14.366642
-0.112214,14.366636
-0.111804,14.366632
-0.111394,14.366626
-0.110984,14.366621
-0.110574,14.366616
-0.110164,14.366611
-0.109754,14.366607
-0.109344,14.366600
-0.108934,14.366594
-0.108524,14.366589
-0.108114,14.366585
-0.107704,14.366579
-0.107294,14.366573
-0.106884,14.366570
-0.106474,14.366565
-0.106064,14.366558
-0.105654,14.366552
-0.105244,14.366549
-0.104833,14.366542
-0.104423,14.366537
-0.104013,14.366533
-0.103603,14.366526
-0.103193,14.366520
-0.102783,14.366514
-0.102373,14.366509
-0.101963,14.366505
-0.101553,14.366498
-0.101143,14.366493
-0.100733,14.366486
-0.100323,14.366479
-0.099913,14.366475
-0.099503,14.366468
-0.099093,14.366463
-0.098683,14.366457
-0.098273,14.366451
-0.097863,14.366445
-0.097453,14.366440
-0.097043,14.366433
-0.096633,14.366427
-0.096223,14.366423
-0.095813,14.366415
-0.095403,14.366409
-0.094993,14.366404
-0.094583,14.366397
-0.094173,14.366391
-0.093763,14.366385
-0.093353,14.366378
-0.092943,14.366372
-0.092533,14.366365
-0.092123,14.366360
-0.091713,14.366352
-0.091303,14.366344
-0.090893,14.366339
-0.090483,14.366333
-0.090073,14.366326
-0.089663,14.366320
-0.089253,14.366314
-0.088843,14.366306
-0.088433,14.366300
-0.088023,14.366293
-0.087613,14.366287
-0.087203,14.366281
-0.086793,14.366273
-0.086383,14.366266
-0.085973,14.366260
-0.085563,14.366253
-0.085153,14.366245
-0.084743,14.366239
-0.084333,14.366232
-0.083923,14.366224
-0.083513,14.366217
-0.083103,14.366209
-0.082693,14.366201
-0.082283,14.366195
-0.081873,14.366188
-0.081463,14.366180
-0.081053,14.366173
-0.080643,14.366165
-0.080233,14.366158
-0.079823,14.366151
-0.079413,14.366144
-0.079003,14.366135
-0.078593,14.366128
-0.078183,14.366121
-0.077773,14.366113
-0.077363,14.366105
-0.076953,14.366096
-0.076543,14.366091
-0.076133,14.366081
-0.075723,14.366074
-0.075313,14.366064
-0.074902,14.366056
-0.074492,14.366048
-0.074082,14.366041
-0.073672,14.366034
-0.073262,14.366024
-0.072852,14.366016
-0.072442,14.366008
-0.072032,14.366001
-0.071622,14.365990
-0.071212,14.365984
-0.070802,14.365973
-0.070392,14.365967
-0.069982,14.365957
-0.069572,14.365948
-0.069162,14.365940
-0.068752,14.365932
-0.068342,14.365921
-0.067932,14.365913
-0.067522,14.365905
-0.067112,14.365896
-0.066702,14.365885
-0.066292,14.365877
-0.065882,14.365869
-0.065472,14.365860
-0.065062,14.365849
-0.064652,14.365841
-0.064242,14.365831
-0.063832,14.365824
-0.063422,14.365812
-0.063012,14.365803
-0.062602,14.365795
-0.062192,14.365782
-0.061782,14.365773
-0.061372,14.365765
-0.060962,14.365753
-0.060552,14.365745
-0.060142,14.365734
-0.059732,14.365725
-0.059322,14.365715
-0.058912,14.365705
-0.058502,14.365696
-0.058092,14.365685
-0.057682,14.365675
-0.057272,14.365665
-0.056862,14.365655
-0.056452,14.365644
-0.056042,14.365633
-0.055632,14.365622
-0.055222,14.365612
-0.054812,14.365600
-0.054402,14.365589
-0.053992,14.365580
-0.053582,14.365568
-0.053172,14.365558
-0.052762,14.365547
-0.052352,14.365536
-0.051942,14.365524
-0.051532,14.365513
-0.051122,14.365501
-0.050712,14.365490
-0.050302,14.365479
-0.049892,14.365465
-0.049482,14.365456
-0.049072,14.365444
-0.048662,14.365431
-0.048252,14.365421
-0.047842,14.365408
-0.047432,14.365397
-0.047022,14.365385
-0.046612,14.365374
-0.046202,14.365362
-0.045792,14.365349
-0.045382,14.365337
-0.044971,14.365324
-0.044561,14.365312
-0.044151,14.365297
-0.043741,14.365286
-0.043331,14.365273
-0.042921,14.365261
-0.042511,14.365248
-0.042101,14.365234
-0.041691,14.365223
-0.041281,14.365208
-0.040871,14.365196
-0.040461,14.365182
-0.040051,14.365170
-0.039641,14.365156
-0.039231,14.365142
-0.038821,14.365128
-0.038411,14.365114
-0.038001,14.365101
-0.037591,14.365088
-0.037181,14.365072
-0.036771,14.365059
-0.036361,14.365044
-0.035951,14.365032
-0.035541,14.365017
-0.035131,14.365003
-0.034721,14.364987
-0.034311,14.364973
-0.033901,14.364959
-0.033491,14.364944
-0.033081,14.364927
-0.032671,14.364914
-0.032261,14.364899
-0.031851,14.364883
-0.031441,14.364868
-0.031031,14.364853
-0.030621,14.364838
-0.030211,14.364820
-0.029801,14.364807
-0.029391,14.364790
-0.028981,14.364775
-0.028571,14.364758
-0.028161,14.364742
-0.027751,14.364725
-0.027341,14.364709
-0.026931,14.364693
-0.026521,14.364676
-0.026111,14.364660
-0.025701,14.364643
-0.025291,14.364626
-0.024881,14.364609
-0.024471,14.364593
-0.024061,14.364576
-0.023651,14.364557
-0.023241,14.364540
-0.022831,14.364522
-0.022421,14.364504
-0.022011,14.364487
-0.021601,14.364469
-0.021191,14.364452
-0.020781,14.364433
-0.020371,14.364414
-0.019961,14.364397
-0.019551,14.364380
-0.019141,14.364359
-0.018731,14.364340
-0.018321,14.364322
-0.017911,14.364302
-0.017501,14.364283
-0.017091,14.364264
-0.016681,14.364244
-0.016271,14.364225
-0.015861,14.364205
-0.015451,14.364186
-0.015041,14.364164
-0.014630,14.364144
-0.014220,14.364124
-0.013810,14.364105
-0.013400,14.364084
-0.012990,14.364062
-0.012580,14.364042
-0.012170,14.364021
-0.011760,14.364001
-0.011350,14.363979
-0.010940,14.363957
-0.010530,14.363935
-0.010120,14.363914
-0.009710,14.363894
-0.009300,14.363871
-0.008890,14.363848
-0.008480,14.363827
-0.008070,14.363804
-0.007660,14.363781
-0.007250,14.363759
-0.006840,14.363734
-0.006430,14.363710
-0.006020,14.363688
-0.005610,14.363665
-0.005200,14.363642
-0.004790,14.363619
-0.004380,14.363594
-0.003970,14.363570
-0.003560,14.363546
-0.003150,14.363521
-0.002740,14.363495
-0.002330,14.363472
-0.001920,14.363447
-0.001510,14.363422
-0.001100,14.363396
-0.000690,14.363371
-0.000280,14.363345
0.000130,14.363319
0.000540,14.363292
0.000950,14.363266
0.001360,14.363239
0.001770,14.363214
0.002180,14.363186
0.002590,14.363159
0.003000,14.363132
0.003410,14.363106
0.003820,14.363077
0.004230,14.363049
0.004640,14.363022
0.005050,14.362993
0.005460,14.362965
0.005870,14.362936
0.006280,14.362907
0.006690,14.362877
0.007100,14.362848
0.007510,14.362820
0.007920,14.362789
0.008330,14.362759
0.008740,14.362729
0.009150,14.362698
0.009560,14.362668
0.009970,14.362637
0.010380,14.362607
0.010790,14.362576
0.011200,14.362543
0.011610,14.362511
0.012020,14.362478
0.012430,14.362446
0.012840,14.362413
0.013250,14.362381
0.013660,14.362349
0.014070,14.362316
0.014480,14.362282
0.014890,14.362247
0.015301,14.362213
0.015711,14.362179
0.016121,14.362144
0.016531,14.362110
0.016941,14.362078
0.017351,14.362040
0.017761,14.362004
0.018171,14.361968
0.018581,14.361933
0.018991,14.361897
0.019401,14.361859
0.019811,14.361822
0.020221,14.361786
0.020631,14.361748
0.021041,14.361712
0.021451,14.361672
0.021861,14.361634
0.022271,14.361597
0.022681,14.361557
0.023091,14.361517
0.023501,14.361477
0.023911,14.361437
0.024321,14.361397
0.024731,14.361358
0.025141,14.361317
0.025551,14.361274
0.025961,14.361233
0.026371,14.361191
0.026781,14.361149
0.027191,14.361109
0.027601,14.361065
0.028011,14.361022
0.028421,14.360979
0.028831,14.360935
0.029241,14.360890
0.029651,14.360846
0.030061,14.360802
0.030471,14.360758
0.030881,14.360710
0.031291,14.360665
0.031701,14.360620
0.032111,14.360571
0.032521,14.360526
0.032931,14.360477
0.033341,14.360431
0.033751,14.360382
0.034161,14.360334
0.034571,14.360286
0.034981,14.360235
0.035391,14.360188
0.035801,14.360137
0.036211,14.360086
0.036621,14.360037
0.037031,14.359985
0.037441,14.359933
0.037851,14.359880
0.038261,14.359829
0.038671,14.359776
0.039081,14.359723
0.039491,14.359669
0.039901,14.359615
0.040311,14.359560
0.040721,14.359505
0.041131,14.359450
0.041541,14.359396
0.041951,14.359339
0.042361,14.359282
0.042771,14.359224
0.043181,14.359167
0.043591,14.359108
0.044001,14.359051
0.044411,14.358993
0.044821,14.358932
0.045232,14.358871
0.045642,14.358810
0.046052,14.358751
0.046462,14.358688
0.046872,14.358627
0.047282,14.358564
0.047692,14.358500
0.048102,14.358438
0.048512,14.358376
0.048922,14.358311
0.049332,14.358244
0.049742,14.358179
0.050152,14.358113
0.050562,14.358047
0.050972,14.357980
0.051382,14.357912
0.051792,14.357843
0.052202,14.357774
0.052612,14.357704
0.053022,14.357635
0.053432,14.357565
0.053842,14.357493
0.054252,14.357421
0.054662,14.357349
0.055072,14.357277
0.055482,14.357204
0.055892,14.357128
0.056302,14.357056
0.056712,14.356979
0.057122,14.356903
0.057532,14.356827
0.057942,14.356750
0.058352,14.356670
0.058762,14.356592
0.059172,14.356514
0.059582,14.356435
0.059992,14.356353
0.060402,14.356272
0.060812,14.356192
0.061222,14.356108
0.061632,14.356026
0.062042,14.355942
0.062452,14.355856
0.062862,14.355772
0.063272,14.355686
0.063682,14.355599
0.064092,14.355511
0.064502,14.355423
0.064912,14.355335
0.065322,14.355246
0.065732,14.355156
0.066142,14.355064
0.066552,14.354971
0.066962,14.354879
0.067372,14.354786
0.067782,14.354692
0.068192,14.354595
0.068602,14.354501
0.069012,14.354405
0.069422,14.354307
0.069832,14.354208
0.070242,14.354109
0.070652,14.354010
0.071062,14.353909
0.071472,14.353807
0.071882,14.353704
0.072292,14.353603
0.072702,14.353498
0.073112,14.353393
0.073522,14.353286
0.073932,14.353178
0.074342,14.353072
0.074752,14.352964
0.075163,14.352854
0.075573,14.352743
0.075983,14.352633
0.076393,14.352520
0.076803,14.352407
0.077213,14.352291
0.077623,14.352177
0.078033,14.352060
0.078443,14.351944
0.078853,14.351824
0.079263,14.351706
0.079673,14.351585
0.080083,14.351465
0.080493,14.351342
0.080903,14.351218
0.081313,14.351095
0.081723,14.350969
0.082133,14.350842
0.082543,14.350716
0.082953,14.350586
0.083363,14.350456
0.083773,14.350325
0.084183,14.350193
0.084593,14.350061
0.085003,14.349927
0.085413,14.349791
0.085823,14.349654
0.086233,14.349516
0.086643,14.349378
0.087053,14.349236
0.087463,14.349096
0.087873,14.348953
0.088283,14.348808
0.088693,14.348663
0.089103,14.348518
0.089513,14.348370
0.089923,14.348221
0.090333,14.348071
0.090743,14.347919
0.091153,14.347767
0.091563,14.347612
0.091973,14.347458
0.092383,14.347301
0.092793,14.347144
0.093203,14.346984
0.093613,14.346823
0.094023,14.346663
0.094433,14.346498
0.094843,14.346333
0.095253,14.346166
0.095663,14.345999
0.096073,14.345830
0.096483,14.345659
0.096893,14.345488
0.097303,14.345312
0.097713,14.345138
0.098123,14.344961
0.098533,14.344783
0.098943,14.344603
0.099353,14.344423
0.099763,14.344239
0.100173,14.344055
0.100583,14.343868
0.100993,14.343682
0.101403,14.343491
0.101813,14.343302
0.102223,14.343108
0.102633,14.342915
0.103043,14.342718
0.103453,14.342521
0.103863,14.342322
0.104273,14.342121
0.104683,14.341919
0.105094,14.341715
0.105504,14.341509
0.105914,14.341299
0.106324,14.341089
0.106734,14.340878
0.107144,14.340666
0.107554,14.340450
0.107964,14.340232
0.108374,14.340014
0.108784,14.339794
0.109194,14.339569
0.109604,14.339345
0.110014,14.339119
0.110424,14.338889
0.110834,14.338659
0.111244,14.338427
0.111654,14.338192
0.112064,14.337955
0.112474,14.337717
0.112884,14.337476
0.113294,14.337234
0.113704,14.336989
0.114114,14.336742
0.114524,14.336493
0.114934,14.336243
0.115344,14.335988
0.115754,14.335732
0.116164,14.335476
0.116574,14.335215
0.116984,14.334951
0.117394,14.334689
0.117804,14.334421
0.118214,14.334153
0.118624,14.333881
0.119034,14.333607
0.119444,14.333332
0.119854,14.333052
0.120264,14.332771
0.120674,14.332489
0.121084,14.332202
0.121494,14.331914
0.121904,14.331625
0.122314,14.331329
0.122724,14.331036
0.123134,14.330736
0.123544,14.330437
0.123954,14.330133
0.124364,14.329827
0.124774,14.329517
0.125184,14.329206
0.125594,14.328892
0.126004,14.328577
0.126414,14.328258
0.126824,14.327936
0.127234,14.327611
0.127644,14.327282
0.128054,14.326954
0.128464,14.326620
0.128874,14.326284
0.129284,14.325945
0.129694,14.325603
0.130104,14.325260
0.130514,14.324911
0.130924,14.324562
0.131334,14.324207
0.131744,14.323851
0.132154,14.323492
0.132564,14.323130
0.132974,14.322764
0.133384,14.322397
0.133794,14.322023
0.134204,14.321650
0.134614,14.321270
0.135025,14.320889
0.135435,14.320505
0.135845,14.320116
0.136255,14.319725
0.136665,14.319332
0.137075,14.318933
0.137485,14.318533
0.137895,14.318129
0.138305,14.317720
0.138715,14.317308
0.139125,14.316895
0.139535,14.316477
0.139945,14.316056
0.140355,14.315630
0.140765,14.315202
0.141175,14.314768
0.141585,14.314333
0.141995,14.313892
0.142405,14.313450
0.142815,14.313004
0.143225,14.312553
0.143635,14.312099
0.144045,14.311640
0.144455,14.311178
0.144865,14.310713
0.145275,14.310244
0.145685,14.309771
0.146095,14.309292
0.146505,14.308809
0.146915,14.308325
0.147325,14.307836
0.147735,14.307344
0.148145,14.306845
0.148555,14.306343
0.148965,14.305838
0.149375,14.305328
0.149785,14.304813
0.150195,14.304296
0.150605,14.303774
0.151015,14.303246
0.151425,14.302715
0.151835,14.302180
0.152245,14.301641
0.152655,14.301098
0.153065,14.300549
0.153475,14.299996
0.153885,14.299438
0.154295,14.298877
0.154705,14.298311
0.155115,14.297740
0.155525,14.297163
0.155935,14.296583
0.156345,14.296000
0.156755,14.295410
0.157165,14.294815
0.157575,14.294216
0.157985,14.293612
0.158395,14.293001
0.158805,14.292391
0.159215,14.291771
0.159625,14.291149
0.160035,14.290520
0.160445,14.289886
0.160855,14.289249
0.161265,14.288607
0.161675,14.287956
0.162085,14.287302
0.162495,14.286646
0.162905,14.285981
0.163315,14.285313
0.163725,14.284638
0.164135,14.283958
0.164545,14.283275
0.164955,14.282585
0.165366,14.281889
0.165776,14.281188
0.166186,14.280481
0.166596,14.279770
0.167006,14.279053
0.167416,14.278330
0.167826,14.277600
0.168236,14.276869
0.168646,14.276129
0.169056,14.275383
0.169466,14.274632
0.169876,14.273875
0.170286,14.273114
0.170696,14.272345
0.171106,14.271570
0.171516,14.270793
0.171926,14.270004
0.172336,14.269215
0.172746,14.268416
0.173156,14.267614
0.173566,14.266804
0.173976,14.265989
0.174386,14.265166
0.174796,14.264339
0.175206,14.263506
0.175616,14.262667
0.176026,14.261820
0.176436,14.260966
0.176846,14.260109
0.177256,14.259244
0.177666,14.258371
0.178076,14.257494
0.178486,14.256609
0.178896,14.255719
0.179306,14.254822
0.179716,14.253918
0.180126,14.253010
0.180536,14.252091
0.180946,14.251169
0.181356,14.250239
0.181766,14.249303
0.182176,14.248360
0.182586,14.247410
0.182996,14.246452
0.183406,14.245491
0.183816,14.244520
0.184226,14.243544
0.184636,14.242559
0.185046,14.241570
0.185456,14.240572
0.185866,14.239567
0.186276,14.238554
0.186686,14.237537
0.187096,14.236511
0.187506,14.235479
0.187916,14.234438
0.188326,14.233391
0.188736,14.232338
0.189146,14.231277
0.189556,14.230208
0.189966,14.229134
0.190376,14.228050
0.190786,14.226960
0.191196,14.225863
0.191606,14.224758
0.192016,14.223646
0.192426,14.222527
0.192836,14.221400
0.193246,14.220266
0.193656,14.219124
0.194066,14.217975
0.194476,14.216820
0.194886,14.215655
0.195297,14.214483
0.195707,14.213303
0.196117,14.212116
0.196527,14.210924
0.196937,14.209721
0.197347,14.208510
0.197757,14.207294
0.198167,14.206070
0.198577,14.204837
0.198987,14.203596
0.199397,14.202349
0.199807,14.201092
0.200217,14.199827
0.200627,14.198556
0.201037,14.197277
0.201447,14.195990
0.201857,14.194695
0.202267,14.193390
0.202677,14.192081
0.203087,14.190762
0.203497,14.189434
0.203907,14.188100
0.204317,14.186757
0.204727,14.185408
0.205137,14.184048
0.205547,14.182683
0.205957,14.181309
0.206367,14.179926
0.206777,14.178534
0.207187,14.177135
0.207597,14.175730
0.208007,14.174314
0.208417,14.172892
0.208827,14.171461
0.209237,14.170022
0.209647,14.168575
0.210057,14.167120
0.210467,14.165657
0.210877,14.164186
0.211287,14.162706
0.211697,14.161219
0.212107,14.159723
0.212517,14.158220
0.212927,14.156710
0.213337,14.155189
0.213747,14.153662
0.214157,14.152125
0.214567,14.150581
0.214977,14.149028
0.215387,14.147467
0.215797,14.145898
0.216207,14.144323
0.216617,14.142738
0.217027,14.141144
0.217437,14.139544
0.217847,14.137936
0.218257,14.136318
0.218667,14.134693
0.219077,14.133060
0.219487,14.131418
0.219897,14.129768
0.220307,14.128111
0.220717,14.126446
0.221127,14.124773
0.221537,14.123091
0.221947,14.121401
0.222357,14.119703
0.222767,14.117998
0.223177,14.116285
0.223587,14.114563
0.223997,14.112833
0.224407,14.111095
0.224817,14.109350
0.225228,14.107599
0.225638,14.105837
0.226048,14.104069
0.226458,14.102290
0.226868,14.100506
0.227278,14.098715
0.227688,14.096915
0.228098,14.095108
0.228508,14.093291
0.228918,14.091469
0.229328,14.089638
0.229738,14.087800
0.230148,14.085954
0.230558,14.084102
0.230968,14.082239
0.231378,14.080372
0.231788,14.078495
0.232198,14.076612
0.232608,14.074720
0.233018,14.072823
0.233428,14.070917
0.233838,14.069003
0.234248,14.067083
0.234658,14.065156
0.235068,14.063221
0.235478,14.061279
0.235888,14.059328
0.236298,14.057373
0.236708,14.055409
0.237118,14.053440
0.237528,14.051462
0.237938,14.049477
0.238348,14.047486
0.238758,14.045488
0.239168,14.043484
0.239578,14.041471
0.239988,14.039454
0.240398,14.037428
0.240808,14.035395
0.241218,14.033359
0.241628,14.031313
0.242038,14.029261
0.242448,14.027204
0.242858,14.025137
0.243268,14.023067
0.243678,14.020992
0.244088,14.018908
0.244498,14.016817
0.244908,14.014723
0.245318,14.012621
0.245728,14.010514
0.246138,14.008400
0.246548,14.006280
0.246958,14.004154
0.247368,14.002024
0.247778,13.999886
0.248188,13.997742
0.248598,13.995594
0.249008,13.993441
0.249418,13.991281
0.249828,13.989115
0.250238,13.986946
0.250648,13.984768
0.251058,13.982588
0.251468,13.980402
0.251878,13.978209
0.252288,13.976013
0.252698,13.973812
0.253108,13.971603
0.253518,13.969392
0.253928,13.967176
0.254338,13.964953
0.254748,13.962729
0.255159,13.960499
0.255569,13.958261
0.255979,13.956024
0.256389,13.953777
0.256799,13.951530
0.257209,13.949276
0.257619,13.947020
0.258029,13.944757
0.258439,13.942493
0.258849,13.940222
0.259259,13.937950
0.259669,13.935671
0.260079,13.933391
0.260489,13.931105
0.260899,13.928818
0.261309,13.926524
0.261719,13.924228
0.262129,13.921928
0.262539,13.919624
0.262949,13.917318
0.263359,13.915010
0.263769,13.912697
0.264179,13.910380
0.264589,13.908062
0.264999,13.905740
0.265409,13.903416
0.265819,13.901088
0.266229,13.898756
0.266639,13.896423
0.267049,13.894089
0.267459,13.891750
0.267869,13.889409
0.268279,13.887066
0.268689,13.884722
0.269099,13.882374
0.269509,13.880022
0.269919,13.877670
0.270329,13.875318
0.270739,13.872962
0.271149,13.870604
0.271559,13.868244
0.271969,13.865883
0.272379,13.863519
0.272789,13.861155
0.273199,13.858788
0.273609,13.856421
0.274019,13.854052
0.274429,13.851681
0.274839,13.849311
0.275249,13.846937
0.275659,13.844564
0.276069,13.842190
0.276479,13.839813
0.276889,13.837437
0.277299,13.835060
0.277709,13.832682
0.278119,13.830302
0.278529,13.827924
0.278939,13.825543
0.279349,13.823164
0.279759,13.820784
0.280169,13.818403
0.280579,13.816021
0.280989,13.813639
0.281399,13.811258
0.281809,13.808877
0.282219,13.806496
0.282629,13.804113
0.283039,13.801734
0.283449,13.799353
0.283859,13.796972
0.284269,13.794592
0.284679,13.792213
0.285090,13.789834
0.285500,13.787455
0.285910,13.785076
0.286320,13.782700
0.286730,13.780323
0.287140,13.777948
0.287550,13.775574
0.287960,13.773199
0.288370,13.770826
0.288780,13.768455
0.289190,13.766083
0.289600,13.763714
0.290010,13.761349
0.290420,13.758981
0.290830,13.756615
0.291240,13.754250
0.291650,13.751888
0.292060,13.749527
0.292470,13.747168
0.292880,13.744812
0.293290,13.742455
0.293700,13.740101
0.294110,13.737751
0.294520,13.735399
0.294930,13.733051
0.295340,13.730703
0.295750,13.728360
0.296160,13.726018
0.296570,13.723677
0.296980,13.721340
0.297390,13.719003
0.297800,13.716671
0.298210,13.714339
0.298620,13.712012
0.299030,13.709685
0.299440,13.707361
0.299850,13.705040
0.300260,13.702722
0.300670,13.700405
0.301080,13.698092
0.301490,13.695782
0.301900,13.693474
0.302310,13.691169
0.302720,13.688868
0.303130,13.686566
0.303540,13.684271
0.303950,13.681976
0.304360,13.679688
0.304770,13.677399
0.305180,13.675116
0.305590,13.672833
0.306000,13.670556
0.306410,13.668282
0.306820,13.666010
0.307230,13.663740
0.307640,13.661475
0.308050,13.659213
0.308460,13.656955
0.308870,13.654700
0.309280,13.652447
0.309690,13.650200
0.310100,13.647955
0.310510,13.645712
0.310920,13.643475
0.311330,13.641241
0.311740,13.639011
0.312150,13.636783
0.312560,13.634559
0.312970,13.632339
0.313380,13.630123
0.313790,13.627911
0.314200,13.625700
0.314610,13.623496
0.315021,13.621294
0.315431,13.619097
0.315841,13.616903
0.316251,13.614714
0.316661,13.612528
0.317071,13.610345
0.317481,13.608166
0.317891,13.605992
0.318301,13.603821
0.318711,13.601654
0.319121,13.599491
0.319531,13.597332
0.319941,13.595177
0.320351,13.593026
0.320761,13.590881
0.321171,13.588736
0.321581,13.586597
0.321991,13.584462
0.322401,13.582333
0.322811,13.580204
0.323221,13.578082
0.323631,13.575962
0.324041,13.573847
0.324451,13.571737
0.324861,13.569630
0.325271,13.567528
0.325681,13.565428
0.326091,13.563334
0.326501,13.561245
0.326911,13.559157
0.327321,13.557076
0.327731,13.554996
0.328141,13.552923
0.328551,13.550853
0.328961,13.548787
0.329371,13.546726
0.329781,13.544668
0.330191,13.542613
0.330601,13.540565
0.331011,13.538519
0.331421,13.536478
0.331831,13.534439
0.332241,13.532406
0.332651,13.530378
0.333061,13.528352
0.333471,13.526330
0.333881,13.524315
0.334291,13.522301
0.334701,13.520290
0.335111,13.518286
0.335521,13.516287
0.335931,13.514289
0.336341,13.512295
0.336751,13.510306
0.337161,13.508322
0.337571,13.506340
0.337981,13.504363
0.338391,13.502390
0.338801,13.500422
0.339211,13.498457
0.339621,13.496496
0.340031,13.494537
0.340441,13.492584
0.340851,13.490635
0.341261,13.488688
0.341671,13.486746
0.342081,13.484808
0.342491,13.482874
0.342901,13.480944
0.343311,13.479016
0.343721,13.477093
0.344131,13.475172
0.344541,13.473258
0.344951,13.471346
0.345362,13.469439
0.345772,13.467534
0.346182,13.465633
0.346592,13.463736
0.347002,13.461843
0.347412,13.459953
0.347822,13.458067
0.348232,13.456184
0.348642,13.454304
0.349052,13.452429
0.349462,13.450558
0.349872,13.448689
0.350282,13.446824
0.350692,13.444961
0.351102,13.443102
0.351512,13.441248
0.351922,13.439398
0.352332,13.437547
0.352742,13.435703
0.353152,13.433863
0.353562,13.432024
0.353972,13.430189
0.354382,13.428356
0.354792,13.426528
0.355202,13.424702
0.355612,13.422880
0.356022,13.421062
0.356432,13.419245
0.356842,13.417433
0.357252,13.415623
0.357662,13.413816
0.358072,13.412013
0.358482,13.410213
0.358892,13.408415
0.359302,13.406620
0.359712,13.404827
0.360122,13.403040
0.360532,13.401253
0.360942,13.399469
0.361352,13.397688
0.361762,13.395912
0.362172,13.394136
0.362582,13.392365
0.362992,13.390595
0.363402,13.388827
0.363812,13.387064
0.364222,13.385302
0.364632,13.383543
0.365042,13.381786
0.365452,13.380033
0.365862,13.378283
0.366272,13.376534
0.366682,13.374787
0.367092,13.373043
0.367502,13.371301
0.367912,13.369561
0.368322,13.367826
0.368732,13.366092
0.369142,13.364359
0.369552,13.362631
0.369962,13.360902
0.370372,13.359177
0.370782,13.357453
0.371192,13.355731
0.371602,13.354012
0.372012,13.352296
0.372422,13.350580
0.372832,13.348869
0.373242,13.347157
0.373652,13.345448
0.374062,13.343740
0.374472,13.342036
0.374882,13.340334
0.375293,13.338634
0.375703,13.336933
0.376113,13.335236
0.376523,13.333539
0.376933,13.331844
0.377343,13.330153
0.377753,13.328463
0.378163,13.326773
0.378573,13.325087
0.378983,13.323400
0.379393,13.321715
0.379803,13.320032
0.380213,13.318352
0.380623,13.316671
0.381033,13.314994
0.381443,13.313318
0.381853,13.311642
0.382263,13.309969
0.382673,13.308296
0.383083,13.306623
0.383493,13.304955
0.383903,13.303285
0.384313,13.301618
0.384723,13.299952
0.385133,13.298286
0.385543,13.296622
0.385953,13.294960
0.386363,13.293297
0.386773,13.291637
0.387183,13.289976
0.387593,13.288319
0.388003,13.286662
0.388413,13.285005
0.388823,13.283349
0.389233,13.281693
0.389643,13.280041
0.390053,13.278387
0.390463,13.276733
0.390873,13.275083
0.391283,13.273432
0.391693,13.271782
0.392103,13.270132
0.392513,13.268482
0.392923,13.266834
0.393333,13.265187
0.393743,13.263541
0.394153,13.261894
0.394563,13.260248
0.394973,13.258602
0.395383,13.256958
0.395793,13.255315
0.396203,13.253671
0.396613,13.252026
0.397023,13.250383
0.397433,13.248741
0.397843,13.247099
0.398253,13.245457
0.398663,13.243816
0.399073,13.242172
0.399483,13.240532
0.399893,13.238892
0.400303,13.237249
0.400713,13.235611
0.401123,13.233970
0.401533,13.232328
0.401943,13.230689
0.402353,13.229049
0.402763,13.227407
0.403173,13.225768
0.403583,13.224129
0.403993,13.222488
0.404403,13.220848
0.404813,13.219206
0.405224,13.217566
0.405634,13.215925
0.406044,13.214285
0.406454,13.212645
0.406864,13.211002
0.407274,13.209362
0.407684,13.207720
0.408094,13.206078
0.408504,13.204435
0.408914,13.202793
0.409324,13.201149
0.409734,13.199507
0.410144,13.197865
0.410554,13.196220
0.410964,13.194575
0.411374,13.192930
0.411784,13.191286
0.412194,13.189639
0.412604,13.187992
0.413014,13.186347
0.413424,13.184699
0.413834,13.183050
0.414244,13.181404
0.414654,13.179754
0.415064,13.178102
0.415474,13.176455
0.415884,13.174803
0.416294,13.173151
0.416704,13.171499
0.417114,13.169847
0.417524,13.168192
0.417934,13.166538
0.418344,13.164883
0.418754,13.163225
0.419164,13.161570
0.419574,13.159910
0.419984,13.158253
0.420394,13.156593
0.420804,13.154932
0.421214,13.153271
0.421624,13.151608
0.422034,13.149946
0.422444,13.148281
0.422854,13.146616
0.423264,13.144950
0.423674,13.143282
0.424084,13.141615
0.424494,13.139944
0.424904,13.138274
0.425314,13.136602
0.425724,13.134932
0.426134,13.133258
0.426544,13.131582
0.426954,13.129907
0.427364,13.128229
0.427774,13.126552
0.428184,13.124872
0.428594,13.123192
0.429004,13.121510
0.429414,13.119827
0.429824,13.118142
0.430234,13.116456
0.430644,13.114770
0.431054,13.113083
0.431464,13.111393
0.431874,13.109701
0.432284,13.108009
0.432694,13.106316
0.433104,13.104622
0.433514,13.102924
0.433924,13.101228
0.434334,13.099529
0.434744,13.097828
0.435155,13.096126
0.435565,13.094423
0.435975,13.092719
0.436385,13.091011
0.436795,13.089306
0.437205,13.087597
0.437615,13.085885
0.438025,13.084173
0.438435,13.082460
0.438845,13.080746
0.439255,13.079028
0.439665,13.077311
0.440075,13.075590
0.440485,13.073870
0.440895,13.072145
0.441305,13.070421
0.441715,13.068695
0.442125,13.066967
0.442535,13.065239
0.442945,13.063507
0.443355,13.061775
0.443765,13.060041
0.444175,13.058305
0.444585,13.056566
0.444995,13.054828
0.445405,13.053087
0.445815,13.051344
0.446225,13.049601
0.446635,13.047854
0.447045,13.046106
0.447455,13.044357
0.447865,13.042606
0.448275,13.040853
0.448685,13.039098
0.449095,13.037342
0.449505,13.035583
0.449915,13.033823
0.450325,13.032063
0.450735,13.030298
0.451145,13.028534
0.451555,13.026766
0.451965,13.024998
0.452375,13.023228
0.452785,13.021454
0.453195,13.019680
0.453605,13.017904
0.454015,13.016127
0.454425,13.014346
0.454835,13.012566
0.455245,13.010781
0.455655,13.008995
0.456065,13.007208
0.456475,13.005421
0.456885,13.003628
0.457295,13.001835
0.457705,13.000041
0.458115,12.998245
0.458525,12.996447
0.458935,12.994646
0.459345,12.992844
0.459755,12.991041
0.460165,12.989233
0.460575,12.987427
0.460985,12.985617
0.461395,12.983805
0.461805,12.981992
0.462215,12.980176
0.462625,12.978359
0.463035,12.976540
0.463445,12.974718
0.463855,12.972896
0.464265,12.971071
0.464675,12.969244
0.465086,12.967415
0.465496,12.965584
0.465906,12.963752
0.466316,12.961918
0.466726,12.960081
0.467136,12.958242
0.467546,12.956402
0.467956,12.954560
0.468366,12.952716
0.468776,12.950871
0.469186,12.949022
0.469596,12.947172
0.470006,12.945321
0.470416,12.943466
0.470826,12.941611
0.471236,12.939754
0.471646,12.937894
0.472056,12.936033
0.472466,12.934169
0.472876,12.932304
0.473286,12.930437
0.473696,12.928568
0.474106,12.926697
0.474516,12.924824
0.474926,12.922951
0.475336,12.921074
0.475746,12.919193
0.476156,12.917313
0.476566,12.915430
0.476976,12.913547
0.477386,12.911661
0.477796,12.909773
0.478206,12.907883
0.478616,12.905991
0.479026,12.904097
0.479436,12.902201
0.479846,12.900305
0.480256,12.898404
0.480666,12.896502
0.481076,12.894600
0.481486,12.892694
0.481896,12.890789
0.482306,12.888878
0.482716,12.886971
0.483126,12.885057
0.483536,12.883143
0.483946,12.881227
0.484356,12.879309
0.484766,12.877388
0.485176,12.875467
0.485586,12.873543
0.485996,12.871618
0.486406,12.869692
0.486816,12.867762
0.487226,12.865831
0.487636,12.863899
0.488046,12.861964
0.488456,12.860029
0.488866,12.858090
0.489276,12.856152
0.489686,12.854210
0.490096,12.852266
0.490506,12.850322
0.490916,12.848375
0.491326,12.846428
0.491736,12.844477
0.492146,12.842525
0.492556,12.840570
0.492966,12.838615
0.493376,12.836658
0.493786,12.834702
0.494196,12.832739
0.494606,12.830778
0.495017,12.828814
0.495427,12.826849
0.495837,12.824883
0.496247,12.822912
0.496657,12.820942
0.497067,12.818970
0.497477,12.816996
0.497887,12.815021
0.498297,12.813044
0.498707,12.811066
0.499117,12.809085
0.499527,12.807102
0.499937,12.805119
0.500347,12.803133
0.500757,12.801146
0.501167,12.799159
0.501577,12.797168
0.501987,12.795178
0.502397,12.793185
0.502807,12.791190
0.503217,12.789194
0.503627,12.787197
0.504037,12.785196
0.504447,12.783197
0.504857,12.781196
0.505267,12.779192
0.505677,12.777187
0.506087,12.775180
0.506497,12.773172
0.506907,12.771163
0.507317,12.769152
0.507727,12.767139
0.508137,12.765126
0.508547,12.763111
0.508957,12.761093
0.509367,12.759077
0.509777,12.757057
0.510187,12.755037
0.510597,12.753016
0.511007,12.750990
0.511417,12.748966
0.511827,12.746941
0.512237,12.744913
0.512647,12.742884
0.513057,12.740854
0.513467,12.738822
0.513877,12.736790
0.514287,12.734756
0.514697,12.732721
0.515107,12.730685
0.515517,12.728647
0.515927,12.726608
0.516337,12.724568
0.516747,12.722527
0.517157,12.720484
0.517567,12.718440
0.517977,12.716396
0.518387,12.714351
0.518797,12.712302
0.519207,12.710254
0.519617,12.708204
0.520027,12.706154
0.520437,12.704102
0.520847,12.702049
0.521257,12.699995
0.521667,12.697940
0.522077,12.695884
0.522487,12.693827
0.522897,12.691769
0.523307,12.689709
0.523717,12.687647
0.524127,12.685587
0.524537,12.683524
0.524947,12.681461
0.525358,12.679398
0.525768,12.677332
0.526178,12.675266
0.526588,12.673198
0.526998,12.671131
0.527408,12.669060
0.527818,12.666990
0.528228,12.664920
0.528638,12.662848
0.529048,12.660775
0.529458,12.658701
0.529868,12.656627
0.530278,12.654551
0.530688,12.652475
0.531098,12.650398
0.531508,12.648320
0.531918,12.646242
0.532328,12.644163
0.532738,12.642082
0.533148,12.640001
0.533558,12.637919
0.533968,12.635836
0.534378,12.633755
0.534788,12.631670
0.535198,12.629585
0.535608,12.627499
0.536018,12.625414
0.536428,12.623326
0.536838,12.621241
0.537248,12.619150
0.537658,12.617063
0.538068,12.614973
0.538478,12.612883
0.538888,12.610794
0.539298,12.608701
0.539708,12.606609
0.540118,12.604517
0.540528,12.602425
0.540938,12.600330
0.541348,12.598236
0.541758,12.596142
0.542168,12.594047
0.542578,12.591951
0.542988,12.589855
0.543398,12.587759
0.543808,12.585662
0.544218,12.583565
0.544628,12.581467
0.545038,12.579369
0.545448,12.577270
0.545858,12.575170
0.546268,12.573071
0.546678,12.570971
0.547088,12.568871
0.547498,12.566770
0.547908,12.564668
0.548318,12.562567
0.548728,12.560465
0.549138,12.558363
0.549548,12.556259
0.549958,12.554157
0.550368,12.552054
0.550778,12.549952
0.551188,12.547848
0.551598,12.545744
0.552008,12.543640
0.552418,12.541535
0.552828,12.539431
0.553238,12.537327
0.553648,12.535221
0.554058,12.533116
0.554468,12.531011
0.554878,12.528905
0.555289,12.526800
0.555699,12.524693
0.556109,12.522589
0.556519,12.520482
0.556929,12.518375
0.557339,12.516270
0.557749,12.514163
0.558159,12.512057
0.558569,12.509951
0.558979,12.507844
0.559389,12.505737
0.559799,12.503630
0.560209,12.501523
0.560619,12.499416
0.561029,12.497310
0.561439,12.495203
0.561849,12.493097
0.562259,12.490991
0.562669,12.488884
0.563079,12.486777
0.563489,12.484671
0.563899,12.482565
0.564309,12.480458
0.564719,12.478352
0.565129,12.476245
0.565539,12.474139
0.565949,12.472034
0.566359,12.469929
0.566769,12.467823
0.567179,12.465715
0.567589,12.463612
0.567999,12.461506
0.568409,12.459401
0.568819,12.457296
0.569229,12.455193
0.569639,12.453089
0.570049,12.450983
0.570459,12.448880
0.570869,12.446775
0.571279,12.444673
0.571689,12.442569
0.572099,12.440466
0.572509,12.438364
0.572919,12.436262
0.573329,12.434160
0.573739,12.432057
0.574149,12.429956
0.574559,12.427855
0.574969,12.425755
0.575379,12.423655
0.575789,12.421554
0.576199,12.419454
0.576609,12.417355
0.577019,12.415257
0.577429,12.413157
0.577839,12.411058
0.578249,12.408961
0.578659,12.406864
0.579069,12.404767
0.579479,12.402670
0.579889,12.400574
0.580299,12.398479
0.580709,12.396384
0.581119,12.394289
0.581529,12.392195
0.581939,12.390101
0.582349,12.388008
0.582759,12.385914
0.583169,12.383823
0.583579,12.381731
0.583989,12.379641
0.584399,12.377550
0.584809,12.375460
0.585220,12.373371
0.585630,12.371281
0.586040,12.369192
0.586450,12.367104
0.586860,12.365017
0.587270,12.362930
0.587680,12.360845
0.588090,12.358759
0.588500,12.356674
0.588910,12.354589
0.589320,12.352506
0.589730,12.350424
0.590140,12.348341
0.590550,12.346260
0.590960,12.344177
0.591370,12.342098
0.591780,12.340019
0.592190,12.337940
0.592600,12.335861
0.593010,12.333782
0.593420,12.331705
0.593830,12.329630
0.594240,12.327555
0.594650,12.325480
0.595060,12.323406
0.595470,12.321332
0.595880,12.319261
0.596290,12.317187
0.596700,12.315117
0.597110,12.313046
0.597520,12.310976
0.597930,12.308908
0.598340,12.306839
0.598750,12.304772
0.599160,12.302707
0.599570,12.300640
0.599980,12.298576
0.600390,12.296512
0.600800,12.294449
0.601210,12.292386
0.601620,12.290323
0.602030,12.288263
0.602440,12.286203
0.602850,12.284145
0.603260,12.282086
0.603670,12.280029
0.604080,12.277972
0.604490,12.275917
0.604900,12.273861
0.605310,12.271808
0.605720,12.269755
0.606130,12.267703
0.606540,12.265652
0.606950,12.263601
0.607360,12.261552
0.607770,12.259502
0.608180,12.257455
0.608590,12.255409
0.609000,12.253363
0.609410,12.251318
0.609820,12.249274
0.610230,12.247231
0.610640,12.245189
0.611050,12.243149
0.611460,12.241108
0.611870,12.239068
0.612280,12.237030
0.612690,12.234993
0.613100,12.232956
0.613510,12.230921
0.613920,12.228887
0.614330,12.226852
0.614740,12.224820
0.615151,12.222789
0.615561,12.220758
0.615971,12.218729
0.616381,12.216701
0.616791,12.214674
0.617201,12.212646
0.617611,12.210623
0.618021,12.208597
0.618431,12.206573
0.618841,12.204552
0.619251,12.202530
0.619661,12.200510
0.620071,12.198490
0.620481,12.196472
0.620891,12.194454
0.621301,12.192439
0.621711,12.190422
0.622121,12.188409
0.622531,12.186396
0.622941,12.184383
0.623351,12.182373
0.623761,12.180363
0.624171,12.178354
0.624581,12.176348
0.624991,12.174339
0.625401,12.172334
0.625811,12.170330
0.626221,12.168327
0.626631,12.166323
0.627041,12.164322
0.627451,12.162323
0.627861,12.160322
0.628271,12.158325
0.628681,12.156328
0.629091,12.154332
0.629501,12.152337
0.629911,12.150344
0.630321,12.148351
0.630731,12.146358
0.631141,12.144368
0.631551,12.142380
0.631961,12.140391
0.632371,12.138405
0.632781,12.136419
0.633191,12.134434
0.633601,12.132450
0.634011,12.130466
0.634421,12.128486
0.634831,12.126505
0.635241,12.124525
0.635651,12.122547
0.636061,12.120571
0.636471,12.118595
0.636881,12.116620
0.637291,12.114645
0.637701,12.112673
0.638111,12.110703
0.638521,12.108730
0.638931,12.106763
0.639341,12.104794
0.639751,12.102829
0.640161,12.100861
0.640571,12.098897
0.640981,12.096933
0.641391,12.094972
0.641801,12.093010
0.642211,12.091050
0.642621,12.089092
0.643031,12.087133
0.643441,12.085176
0.643851,12.083220
0.644261,12.081267
0.644671,12.079313
0.645082,12.077362
0.645492,12.075411
0.645902,12.073461
0.646312,12.071512
0.646722,12.069565
0.647132,12.067617
0.647542,12.065673
0.647952,12.063728
0.648362,12.061786
0.648772,12.059843
0.649182,12.057903
0.649592,12.055964
0.650002,12.054026
0.650412,12.052089
0.650822,12.050152
0.651232,12.048218
0.651642,12.046284
0.652052,12.044352
0.652462,12.042419
0.652872,12.040489
0.653282,12.038561
0.653692,12.036633
0.654102,12.034705
0.654512,12.032780
0.654922,12.030855
0.655332,12.028931
0.655742,12.027009
0.656152,12.025088
0.656562,12.023167
0.656972,12.021249
0.657382,12.019332
0.657792,12.017414
0.658202,12.015499
0.658612,12.013585
0.659022,12.011671
0.659432,12.009760
0.659842,12.007849
0.660252,12.005938
0.660662,12.004030
0.661072,12.002123
0.661482,12.000216
0.661892,11.998311
0.662302,11.996408
0.662712,11.994503
0.663122,11.992601
0.663532,11.990702
0.663942,11.988800
0.664352,11.986903
0.664762,11.985006
0.665172,11.983109
0.665582,11.981215
0.665992,11.979321
0.666402,11.977427
0.666812,11.975535
0.667222,11.973644
0.667632,11.971755
0.668042,11.969867
0.668452,11.967979
0.668862,11.966093
0.669272,11.964209
0.669682,11.962324
0.670092,11.960442
0.670502,11.958559
0.670912,11.956678
0.671322,11.954800
0.671732,11.952921
0.672142,11.951043
0.672552,11.949167
0.672962,11.947292
0.673372,11.945418
0.673782,11.943544
0.674192,11.941673
0.674602,11.939802
0.675013,11.937932
0.675423,11.936064
0.675833,11.934196
0.676243,11.932329
0.676653,11.930464
0.677063,11.928600
0.677473,11.926737
0.677883,11.924873
0.678293,11.923014
0.678703,11.921152
0.679113,11.919295
0.679523,11.917437
0.679933,11.915580
0.680343,11.913724
0.680753,11.911870
0.681163,11.910015
0.681573,11.908163
0.681983,11.906311
0.682393,11.904461
0.682803,11.902613
0.683213,11.900764
0.683623,11.898916
0.684033,11.897070
0.684443,11.895224
0.684853,11.893380
0.685263,11.891536
0.685673,11.889694
0.686083,11.887852
0.686493,11.886013
0.686903,11.884173
0.687313,11.882337
0.687723,11.880499
0.688133,11.878664
0.688543,11.876827
0.688953,11.874994
0.689363,11.873160
0.689773,11.871329
0.690183,11.869499
0.690593,11.867668
0.691003,11.865840
0.691413,11.864012
0.691823,11.862185
0.692233,11.860358
0.692643,11.858534
0.693053,11.856710
0.693463,11.854886
0.693873,11.853065
0.694283,11.851244
0.694693,11.849423
0.695103,11.847605
0.695513,11.845786
0.695923,11.843969
0.696333,11.842154
0.696743,11.840338
0.697153,11.838524
0.697563,11.836710
0.697973,11.834898
0.698383,11.833086
0.698793,11.831276
0.699203,11.829467
0.699613,11.827658
0.700023,11.825850
0.700433,11.824044
0.700843,11.822239
0.701253,11.820433
0.701663,11.818630
0.702073,11.816826
0.702483,11.815025
0.702893,11.813224
0.703303,11.811424
0.703713,11.809626
0.704123,11.807826
0.704533,11.806029
0.704943,11.804233
0.705354,11.802437
0.705764,11.800644
0.706174,11.798849
0.706584,11.797056
0.706994,11.795263
0.707404,11.793473
0.707814,11.791683
0.708224,11.789893
0.708634,11.788105
0.709044,11.786318
0.709454,11.784531
0.709864,11.782745
0.710274,11.780961
0.710684,11.779176
0.711094,11.777393
0.711504,11.775612
0.711914,11.773829
0.712324,11.772049
0.712734,11.770269
0.713144,11.768491
0.713554,11.766712
0.713964,11.764935
0.714374,11.763160
0.714784,11.761385
0.715194,11.759609
0.715604,11.757835
0.716014,11.756063
0.716424,11.754290
0.716834,11.752520
0.717244,11.750750
0.717654,11.748980
0.718064,11.747210
0.718474,11.745442
0.718884,11.743675
0.719294,11.741909
0.719704,11.740145
0.720114,11.738379
0.720524,11.736614
0.720934,11.734852
0.721344,11.733088
0.721754,11.731327
0.722164,11.729567
0.722574,11.727806
0.722984,11.726048
0.723394,11.724289
0.723804,11.722531
0.724214,11.720774
0.724624,11.719018
0.725034,11.717263
0.725444,11.715508
0.725854,11.713755
0.726264,11.712002
0.726674,11.710249
0.727084,11.708498
0.727494,11.706746
0.727904,11.704997
0.728314,11.703247
0.728724,11.701498
0.729134,11.699751
0.729544,11.698004
0.729954,11.696257
0.730364,11.694512
0.730774,11.692766
0.731184,11.691023
0.731594,11.689280
0.732004,11.687537
0.732414,11.685794
0.732824,11.684052
0.733234,11.682312
0.733644,11.680573
0.734054,11.678833
0.734464,11.677094
0.734874,11.675357
0.735285,11.673620
0.735695,11.671884
0.736105,11.670147
0.736515,11.668412
0.736925,11.666677
0.737335,11.664945
0.737745,11.663212
0.738155,11.661479
0.738565,11.659747
0.738975,11.658016
0.739385,11.656285
0.739795,11.654556
0.740205,11.652827
0.740615,11.651098
0.741025,11.649371
0.741435,11.647644
0.741845,11.645918
0.742255,11.644192
0.742665,11.642467
0.743075,11.640742
0.743485,11.639018
0.743895,11.637295
0.744305,11.635572
0.744715,11.633850
0.745125,11.632130
0.745535,11.630408
0.745945,11.628688
0.746355,11.626968
0.746765,11.625250
0.747175,11.623530
0.747585,11.621814
0.747995,11.620096
0.748405,11.618380
0.748815,11.616664
0.749225,11.614948
0.749635,11.613234
0.750045,11.611521
0.750455,11.609806
0.750865,11.608093
0.751275,11.606380
0.751685,11.604669
0.752095,11.602959
0.752505,11.601248
0.752915,11.599537
0.753325,11.597828
0.753735,11.596119
0.754145,11.594410
0.754555,11.592703
0.754965,11.590995
0.755375,11.589288
0.755785,11.587583
0.756195,11.585877
0.756605,11.584172
0.757015,11.582466
0.757425,11.580763
0.757835,11.579060
0.758245,11.577356
0.758655,11.575655
0.759065,11.573952
0.759475,11.572251
0.759885,11.570551
0.760295,11.568850
0.760705,11.567150
0.761115,11.565451
0.761525,11.563752
0.761935,11.562054
0.762345,11.560356
0.762755,11.558659
0.763165,11.556962
0.763575,11.555266
0.763985,11.553571
0.764395,11.551876
0.764805,11.550180
0.765216,11.548486
0.765626,11.546793
0.766036,11.545099
0.766446,11.543406
0.766856,11.541714
0.767266,11.540023
0.767676,11.538331
0.768086,11.536641
0.768496,11.534950
0.768906,11.533260
0.769316,11.531569
0.769726,11.529881
0.770136,11.528193
0.770546,11.526505
0.770956,11.524817
0.771366,11.523130
0.771776,11.521443
0.772186,11.519757
0.772596,11.518071
0.773006,11.516386
0.773416,11.514702
0.773826,11.513018
0.774236,11.511333
0.774646,11.509648
0.775056,11.507967
0.775466,11.506284
0.775876,11.504601
0.776286,11.502918
0.776696,11.501237
0.777106,11.499557
0.777516,11.497876
0.777926,11.496197
0.778336,11.494516
0.778746,11.492837
0.779156,11.491158
0.779566,11.489478
0.779976,11.487801
0.780386,11.486122
0.780796,11.484446
0.781206,11.482768
0.781616,11.481091
0.782026,11.479416
0.782436,11.477740
0.782846,11.476065
0.783256,11.474390
0.783666,11.472714
0.784076,11.471041
0.784486,11.469366
0.784896,11.467693
0.785306,11.466021
0.785716,11.464347
0.786126,11.462675
0.786536,11.461002
0.786946,11.459332
0.787356,11.457661
0.787766,11.455988
0.788176,11.454318
0.788586,11.452648
0.788996,11.450978
0.789406,11.449308
0.789816,11.447639
0.790226,11.445971
0.790636,11.444303
0.791046,11.442635
0.791456,11.440967
0.791866,11.439300
0.792276,11.437633
0.792686,11.435966
0.793096,11.434299
0.793506,11.432634
0.793916,11.430967
0.794326,11.429302
0.794736,11.427637
0.795147,11.425972
0.795557,11.424308
0.795967,11.422645
0.796377,11.420979
0.796787,11.419317
0.797197,11.417654
0.797607,11.415990
0.798017,11.414329
0.798427,11.412666
0.798837,11.411005
0.799247,11.409342
0.799657,11.407682
0.800067,11.406021
0.800477,11.404360
0.800887,11.402699
0.801297,11.401039
0.801707,11.399380
0.802117,11.397720
0.802527,11.396061
0.802937,11.394402
0.803347,11.392744
0.803757,11.391087
0.804167,11.389428
0.804577,11.387770
0.804987,11.386112
0.805397,11.384455
0.805807,11.382798
0.806217,11.381142
0.806627,11.379486
0.807037,11.377829
0.807447,11.376174
0.807857,11.374517
0.808267,11.372864
0.808677,11.371208
0.809087,11.369553
0.809497,11.367899
0.809907,11.366245
0.810317,11.364592
0.810727,11.362937
0.811137,11.361284
0.811547,11.359632
0.811957,11.357978
0.812367,11.356325
0.812777,11.354673
0.813187,11.353022
0.813597,11.351369
0.814007,11.349718
0.814417,11.348067
0.814827,11.346416
0.815237,11.344765
0.815647,11.343114
0.816057,11.341463
0.816467,11.339813
0.816877,11.338164
0.817287,11.336514
0.817697,11.334865
0.818107,11.333216
0.818517,11.331566
0.818927,11.329917
0.819337,11.328269
0.819747,11.326621
0.820157,11.324972
0.820567,11.323324
0.820977,11.321677
0.821387,11.320030
0.821797,11.318383
0.822207,11.316736
0.822617,11.315089
0.823027,11.313443
0.823437,11.311797
0.823847,11.310150
0.824257,11.308505
0.824667,11.306859
0.825078,11.305214
0.825488,11.303568
0.825898,11.301924
0.826308,11.300279
0.826718,11.298635
0.827128,11.296989
0.827538,11.295346
0.827948,11.293701
0.828358,11.292058
0.828768,11.290415
0.829178,11.288772
0.829588,11.287127
0.829998,11.285485
0.830408,11.283842
0.830818,11.282200
0.831228,11.280558
0.831638,11.278914
0.832048,11.277273
0.832458,11.275630
0.832868,11.273990
0.833278,11.272348
0.833688,11.270706
0.834098,11.269066
0.834508,11.267425
0.834918,11.265783
0.835328,11.264144
0.835738,11.262503
0.836148,11.260863
0.836558,11.259223
0.836968,11.257583
0.837378,11.255943
0.837788,11.254304
0.838198,11.252665
0.838608,11.251026
0.839018,11.249388
0.839428,11.247748
0.839838,11.246109
0.840248,11.244471
0.840658,11.242833
0.841068,11.241195
0.841478,11.239557
0.841888,11.237919
0.842298,11.236281
0.842708,11.234644
0.843118,11.233006
0.843528,11.231370
0.843938,11.229733
0.844348,11.228096
0.844758,11.226458
0.845168,11.224823
0.845578,11.223186
0.845988,11.221550
0.846398,11.219914
0.846808,11.218278
0.847218,11.216643
0.847628,11.215008
0.848038,11.213372
0.848448,11.211737
0.848858,11.210102
0.849268,11.208467
0.849678,11.206831
0.850088,11.205196
0.850498,11.203563
0.850908,11.201928
0.851318,11.200294
0.851728,11.198660
0.852138,11.197025
0.852548,11.195393
0.852958,11.193759
0.853368,11.192125
0.853778,11.190492
0.854188,11.188858
0.854598,11.187225
0.855009,11.185592
0.855419,11.183960
0.855829,11.182327
0.856239,11.180695
0.856649,11.179062
0.857059,11.177429
0.857469,11.175797
0.857879,11.174165
0.858289,11.172533
0.858699,11.170902
0.859109,11.169270
0.859519,11.167639
0.859929,11.166009
0.860339,11.164375
0.860749,11.162745
0.861159,11.161114
0.861569,11.159483
0.861979,11.157852
0.862389,11.156222
0.862799,11.154592
0.863209,11.152963
0.863619,11.151331
0.864029,11.149700
0.864439,11.148071
0.864849,11.146442
0.865259,11.144813
0.865669,11.143182
0.866079,11.141553
0.866489,11.139924
0.866899,11.138294
0.867309,11.136665
0.867719,11.135036
0.868129,11.133408
0.868539,11.131779
0.868949,11.130150
0.869359,11.128523
0.869769,11.126893
0.870179,11.125265
0.870589,11.123637
0.870999,11.122008
0.871409,11.120380
0.871819,11.118753
0.872229,11.117125
0.872639,11.115498
0.873049,11.113871
0.873459,11.112244
0.873869,11.110616
0.874279,11.108990
0.874689,11.107363
0.875099,11.105736
0.875509,11.104108
0.875919,11.102481
0.876329,11.100856
0.876739,11.099228
0.877149,11.097602
0.877559,11.095976
0.877969,11.094350
0.878379,11.092724
0.878789,11.091097
0.879199,11.089472
0.879609,11.087846
0.880019,11.086221
0.880429,11.084595
0.880839,11.082970
0.881249,11.081345
0.881659,11.079719
0.882069,11.078094
0.882479,11.076469
0.882889,11.074844
0.883299,11.073219
0.883709,11.071595
0.884119,11.069971
0.884529,11.068346
0.884939,11.066721
0.885350,11.065098
0.885760,11.063473
0.886170,11.061849
0.886580,11.060225
0.886990,11.058601
0.887400,11.056978
0.887810,11.055354
0.888220,11.053730
0.888630,11.052107
0.889040,11.050484
0.889450,11.048861
0.889860,11.047237
0.890270,11.045614
0.890680,11.043991
0.891090,11.042369
0.891500,11.040745
0.891910,11.039124
0.892320,11.037500
0.892730,11.035877
0.893140,11.034256
0.893550,11.032634
0.893960,11.031012
0.894370,11.029388
0.894780,11.027768
0.895190,11.026146
0.895600,11.024524
0.896010,11.022902
0.896420,11.021280
0.896830,11.019659
0.897240,11.018038
0.897650,11.016417
0.898060,11.014795
0.898470,11.013174
0.898880,11.011553
0.899290,11.009933
0.899700,11.008311
0.900110,11.006691
0.900520,11.005070
0.900930,11.003448
0.901340,11.001829
0.901750,11.000209
0.902160,10.998589
0.902570,10.996968
0.902980,10.995348
0.903390,10.993729
0.903800,10.992107
0.904210,10.990488
0.904620,10.988870
0.905030,10.987250
0.905440,10.985630
0.905850,10.984011
0.906260,10.982391
0.906670,10.980773
0.907080,10.979154
0.907490,10.977534
0.907900,10.975916
0.908310,10.974297
0.908720,10.972678
0.909130,10.971060
0.909540,10.969440
0.909950,10.967821
0.910360,10.966204
0.910770,10.964586
0.911180,10.962967
0.911590,10.961349
0.912000,10.959731
0.912410,10.958113
0.912820,10.956496
0.913230,10.954878
0.913640,10.953260
0.914050,10.951644
0.914460,10.950026
0.914870,10.948408
0.915281,10.946791
0.915691,10.945174
0.916101,10.943556
0.916511,10.941940
0.916921,10.940323
0.917331,10.938707
0.917741,10.937090
0.918151,10.935474
0.918561,10.933857
0.918971,10.932241
0.919381,10.930624
0.919791,10.929008
0.920201,10.927392
0.920611,10.925776
0.921021,10.924161
0.921431,10.922544
0.921841,10.920929
0.922251,10.919313
0.922661,10.917698
0.923071,10.916082
0.923481,10.914467
0.923891,10.912851
0.924301,10.911237
0.924711,10.909622
0.925121,10.908007
0.925531,10.906393
0.925941,10.904778
0.926351,10.903163
0.926761,10.901549
0.927171,10.899934
0.927581,10.898320
0.927991,10.896706
0.928401,10.895091
0.928811,10.893477
0.929221,10.891864
0.929631,10.890249
0.930041,10.888636
0.930451,10.887023
0.930861,10.885409
0.931271,10.883797
0.931681,10.882183
0.932091,10.880569
0.932501,10.878956
0.932911,10.877343
0.933321,10.875731
0.933731,10.874117
0.934141,10.872505
0.934551,10.870892
0.934961,10.869280
0.935371,10.867667
0.935781,10.866055
0.936191,10.864443
0.936601,10.862830
0.937011,10.861218
0.937421,10.859607
0.937831,10.857995
0.938241,10.856383
0.938651,10.854772
0.939061,10.853161
0.939471,10.851549
0.939881,10.849937
0.940291,10.848326
0.940701,10.846716
0.941111,10.845104
0.941521,10.843493
0.941931,10.841883
0.942341,10.840273
0.942751,10.838662
0.943161,10.837051
0.943571,10.835442
0.943981,10.833831
0.944391,10.832220
0.944801,10.830611
0.945212,10.829001
0.945622,10.827391
0.946032,10.825782
0.946442,10.824172
0.946852,10.822564
0.947262,10.820953
0.947672,10.819345
0.948082,10.817736
0.948492,10.816127
0.948902,10.814517
0.949312,10.812909
0.949722,10.811300
0.950132,10.809691
0.950542,10.808084
0.950952,10.806475
0.951362,10.804867
0.951772,10.803258
0.952182,10.801652
0.952592,10.800043
0.953002,10.798435
0.953412,10.796827
0.953822,10.795219
0.954232,10.793612
0.954642,10.792005
0.955052,10.790399
0.955462,10.788792
0.955872,10.787184
0.956282,10.785578
0.956692,10.783971
0.957102,10.782364
0.957512,10.780758
0.957922,10.779151
0.958332,10.777545
0.958742,10.775939
0.959152,10.774334
0.959562,10.772727
0.959972,10.771122
0.960382,10.769516
0.960792,10.767911
0.961202,10.766306
0.961612,10.764699
0.962022,10.763096
0.962432,10.761490
0.962842,10.759886
0.963252,10.758280
0.963662,10.756676
0.964072,10.755072
0.964482,10.753467
0.964892,10.751863
0.965302,10.750259
0.965712,10.748654
0.966122,10.747050
0.966532,10.745447
0.966942,10.743844
0.967352,10.742240
0.967762,10.740637
0.968172,10.739033
0.968582,10.737431
0.968992,10.735827
0.969402,10.734224
0.969812,10.732622
0.970222,10.731018
0.970632,10.729417
0.971042,10.727815
0.971452,10.726213
0.971862,10.724611
0.972272,10.723009
0.972682,10.721407
0.973092,10.719806
0.973502,10.718204
0.973912,10.716602
0.974322,10.715002
0.974732,10.713401
0.975143,10.711800
0.975553,10.710198
0.975963,10.708599
0.976373,10.706999
0.976783,10.705397
0.977193,10.703798
0.977603,10.702197
0.978013,10.700598
0.978423,10.698997
0.978833,10.697398
0.979243,10.695799
0.979653,10.694199
0.980063,10.692599
0.980473,10.691001
0.980883,10.689402
0.981293,10.687803
0.981703,10.686205
0.982113,10.684607
0.982523,10.683008
0.982933,10.681410
0.983343,10.679811
0.983753,10.678213
0.984163,10.676617
0.984573,10.675017
0.984983,10.673421
0.985393,10.671824
0.985803,10.670226
0.986213,10.668630
0.986623,10.667031
0.987033,10.665436
0.987443,10.663838
0.987853,10.662242
0.988263,10.660646
0.988673,10.659050
0.989083,10.657454
0.989493,10.655859
0.989903,10.654263
0.990313,10.652667
0.990723,10.651073
0.991133,10.649477
0.991543,10.647882
0.991953,10.646288
0.992363,10.644692
0.992773,10.643099
0.993183,10.641504
0.993593,10.639910
0.994003,10.638316
0.994413,10.636723
0.994823,10.635129
0.995233,10.633535
0.995643,10.631941
0.996053,10.630349
0.996463,10.628756
0.996873,10.627163
0.997283,10.625570
0.997693,10.623978
0.998103,10.622385
0.998513,10.620793
0.998923,10.619201
0.999333,10.617608
0.999743,10.616017
1.000153,10.614426
1.000563,10.612835
1.000973,10.611243
1.001383,10.609653
1.001793,10.608062
1.002203,10.606472
1.002613,10.604880
1.003023,10.603291
1.003433,10.601700
1.003843,10.600110
1.004253,10.598520
1.004663,10.596931
1.005074,10.595341
1.005484,10.593752
1.005894,10.592163
1.006304,10.590574
1.006714,10.588987
1.007124,10.587398
1.007534,10.585810
1.007944,10.584221
1.008354,10.582634
1.008764,10.581045
1.009174,10.579457
1.009584,10.577869
1.009994,10.576283
1.010404,10.574696
1.010814,10.573110
1.011224,10.571524
1.011634,10.569936
1.012044,10.568350
1.012454,10.566764
1.012864,10.565179
1.013274,10.563593
1.013684,10.562006
1.014094,10.560422
1.014504,10.558836
1.014914,10.557252
1.015324,10.555666
1.015734,10.554083
1.016144,10.552498
1.016554,10.550914
1.016964,10.549332
1.017374,10.547747
1.017784,10.546163
1.018194,10.544580
1.018604,10.542997
1.019014,10.541414
1.019424,10.539831
1.019834,10.538248
1.020244,10.536666
1.020654,10.535084
1.021064,10.533503
1.021474,10.531919
1.021884,10.530338
1.022294,10.528757
1.022704,10.527177
1.023114,10.525595
1.023524,10.524015
1.023934,10.522433
1.024344,10.520855
1.024754,10.519275
1.025164,10.517694
1.025574,10.516115
1.025984,10.514536
1.026394,10.512956
1.026804,10.511376
1.027214,10.509797
1.027624,10.508220
1.028034,10.506642
1.028444,10.505062
1.028854,10.503486
1.029264,10.501908
1.029674,10.500330
1.030084,10.498752
1.030494,10.497177
1.030904,10.495598
1.031314,10.494022
1.031724,10.492447
1.032134,10.490870
1.032544,10.489294
1.032954,10.487719
1.033364,10.486143
1.033774,10.484569
1.034184,10.482992
1.034594,10.481418
1.035005,10.479843
1.035415,10.478269
1.035825,10.476694
1.036235,10.475121
1.036645,10.473547
1.037055,10.471974
1.037465,10.470400
1.037875,10.468827
1.038285,10.467254
1.038695,10.465683
1.039105,10.464109
1.039515,10.462538
1.039925,10.460967
1.040335,10.459394
1.040745,10.457823
1.041155,10.456252
1.041565,10.454682
1.041975,10.453112
1.042385,10.451540
1.042795,10.449970
1.043205,10.448401
1.043615,10.446831
1.044025,10.445262
1.044435,10.443693
1.044845,10.442124
1.045255,10.440556
1.045665,10.438986
1.046075,10.437418
1.046485,10.435851
1.046895,10.434282
1.047305,10.432715
1.047715,10.431149
1.048125,10.429582
1.048535,10.428015
1.048945,10.426449
1.049355,10.424882
1.049765,10.423317
1.050175,10.421752
1.050585,10.420185
1.050995,10.418620
1.051405,10.417054
1.051815,10.415490
1.052225,10.413926
1.052635,10.412363
1.053045,10.410799
1.053455,10.409235
1.053865,10.407672
1.054275,10.406109
1.054685,10.404547
1.055095,10.402984
1.055505,10.401423
1.055915,10.399859
1.056325,10.398298
1.056735,10.396736
1.057145,10.395176
1.057555,10.393615
1.057965,10.392054
1.058375,10.390492
1.058785,10.388932
1.059195,10.387374
1.059605,10.385814
1.060015,10.384254
1.060425,10.382695
1.060835,10.381137
1.061245,10.379580
1.061655,10.378021
1.062065,10.376463
1.062475,10.374906
1.062885,10.373348
1.063295,10.371790
1.063705,10.370234
1.064115,10.368676
1.064525,10.367121
1.064935,10.365564
1.065346,10.364008
1.065756,10.362454
1.066166,10.360899
1.066576,10.359344
1.066986,10.357789
1.067396,10.356236
1.067806,10.354681
1.068216,10.353127
1.068626,10.351574
1.069036,10.350021
1.069446,10.348469
1.069856,10.346916
1.070266,10.345365
1.070676,10.343812
1.071086,10.342260
1.071496,10.340710
1.071906,10.339158
1.072316,10.337607
1.072726,10.336058
1.073136,10.334507
1.073546,10.332956
1.073956,10.331408
1.074366,10.329858
1.074776,10.328310
1.075186,10.326761
1.075596,10.325212
1.076006,10.323665
1.076416,10.322117
1.076826,10.320570
1.077236,10.319021
1.077646,10.317476
1.078056,10.315928
1.078466,10.314383
1.078876,10.312837
1.079286,10.311292
1.079696,10.309747
1.080106,10.308201
1.080516,10.306658
1.080926,10.305112
1.081336,10.303569
1.081746,10.302025
1.082156,10.300482
1.082566,10.298938
1.082976,10.297397
1.083386,10.295854
1.083796,10.294312
1.084206,10.292770
1.084616,10.291227
1.085026,10.289687
1.085436,10.288147
1.085846,10.286606
1.086256,10.285066
1.086666,10.283525
1.087076,10.281986
1.087486,10.280447
1.087896,10.278909
1.088306,10.277371
1.088716,10.275832
1.089126,10.274294
1.089536,10.272757
1.089946,10.271219
1.090356,10.269683
1.090766,10.268147
1.091176,10.266610
1.091586,10.265075
1.091996,10.263538
1.092406,10.262004
1.092816,10.260468
1.093226,10.258934
1.093636,10.257400
1.094046,10.255865
1.094456,10.254333
1.094866,10.252800
1.095277,10.251266
1.095687,10.249734
1.096097,10.248201
1.096507,10.246671
1.096917,10.245139
1.097327,10.243608
1.097737,10.242077
1.098147,10.240547
1.098557,10.239017
1.098967,10.237488
1.099377,10.235959
1.099787,10.234428
1.100197,10.232900
1.100607,10.231371
1.101017,10.229844
1.101427,10.228316
1.101837,10.226789
1.102247,10.225264
1.102657,10.223737
1.103067,10.222210
1.103477,10.220684
1.103887,10.219158
1.104297,10.217633
1.104707,10.216109
1.105117,10.214583
1.105527,10.213061
1.105937,10.211536
1.106347,10.210014
1.106757,10.208491
1.107167,10.206968
1.107577,10.205445
1.107987,10.203924
1.108397,10.202403
1.108807,10.200882
1.109217,10.199362
1.109627,10.197841
1.110037,10.196321
1.110447,10.194801
1.110857,10.193282
1.111267,10.191763
1.111677,10.190246
1.112087,10.188727
1.112497,10.187210
1.112907,10.185692
1.113317,10.184175
1.113727,10.182659
1.114137,10.181143
1.114547,10.179626
1.114957,10.178112
1.115367,10.176597
1.115777,10.175083
1.116187,10.173568
1.116597,10.172054
1.117007,10.170541
1.117417,10.169027
1.117827,10.167515
1.118237,10.166002
1.118647,10.164491
1.119057,10.162979
1.119467,10.161469
1.119877,10.159957
1.120287,10.158446
1.120697,10.156937
1.121107,10.155428
1.121517,10.153918
1.121927,10.152410
1.122337,10.150902
1.122747,10.149393
1.123157,10.147885
1.123567,10.146378
1.123977,10.144871
1.124387,10.143365
1.124797,10.141860
1.125208,10.140353
1.125618,10.138849
1.126028,10.137344
1.126438,10.135839
1.126848,10.134336
1.127258,10.132833
1.127668,10.131330
1.128078,10.129826
1.128488,10.128325
1.128898,10.126822
1.129308,10.125319
1.129718,10.123819
1.130128,10.122318
1.130538,10.120819
1.130948,10.119319
1.131358,10.117820
1.131768,10.116320
1.132178,10.114821
1.132588,10.113323
1.132998,10.111826
1.133408,10.110329
1.133818,10.108831
1.134228,10.107335
1.134638,10.105839
1.135048,10.104343
1.135458,10.102848
1.135868,10.101353
1.136278,10.099858
1.136688,10.098365
1.137098,10.096870
1.137508,10.095377
1.137918,10.093885
1.138328,10.092394
1.138738,10.090902
1.139148,10.089410
1.139558,10.087919
1.139968,10.086428
1.140378,10.084938
1.140788,10.083449
1.141198,10.081960
1.141608,10.080471
1.142018,10.078983
1.142428,10.077496
1.142838,10.076007
1.143248,10.074520
1.143658,10.073033
1.144068,10.071548
1.144478,10.070062
1.144888,10.068577
1.145298,10.067091
1.145708,10.065607
1.146118,10.064123
1.146528,10.062639
1.146938,10.061157
1.147348,10.059674
1.147758,10.058192
1.148168,10.056710
1.148578,10.055229
1.148988,10.053749
1.149398,10.052268
1.149808,10.050789
1.150218,10.049308
1.150628,10.047831
1.151038,10.046351
1.151448,10.044873
1.151858,10.043396
1.152268,10.041918
1.152678,10.040442
1.153088,10.038965
1.153498,10.037491
1.153908,10.036015
1.154318,10.034540
1.154728,10.033065
1.155139,10.031591
1.155549,10.030117
1.155959,10.028645
1.156369,10.027172
1.156779,10.025701
1.157189,10.024228
1.157599,10.022757
1.158009,10.021286
1.158419,10.019815
1.158829,10.018347
1.159239,10.016878
1.159649,10.015409
1.160059,10.013941
1.160469,10.012472
1.160879,10.011005
1.161289,10.009538
1.161699,10.008072
1.162109,10.006605
1.162519,10.005141
1.162929,10.003675
1.163339,10.002211
1.163749,10.000747
1.164159,9.999283
1.164569,9.997820
1.164979,9.996357
1.165389,9.994896
1.165799,9.993433
1.166209,9.991972
1.166619,9.990511
1.167029,9.989052
1.167439,9.987592
1.167849,9.986133
1.168259,9.984674
1.168669,9.983215
1.169079,9.981758
1.169489,9.980300
1.169899,9.978844
1.170309,9.977388
1.170719,9.975931
1.171129,9.974476
1.171539,9.973022
1.171949,9.971567
1.172359,9.970113
1.172769,9.968660
1.173179,9.967207
1.173589,9.965755
1.173999,9.964304
1.174409,9.962852
1.174819,9.961401
1.175229,9.959951
1.175639,9.958502
1.176049,9.957052
1.176459,9.955603
1.176869,9.954155
1.177279,9.952707
1.177689,9.951260
1.178099,9.949813
1.178509,9.948366
1.178919,9.946920
1.179329,9.945476
1.179739,9.944031
1.180149,9.942586
1.180559,9.941142
1.180969,9.939699
1.181379,9.938257
1.181789,9.936814
1.182199,9.935373
1.182609,9.933931
1.183019,9.932491
1.183429,9.931051
1.183839,9.929611
1.184249,9.928172
1.184659,9.926734
1.185070,9.925295
1.185480,9.923858
1.185890,9.922421
1.186300,9.920984
1.186710,9.919548
1.187120,9.918113
1.187530,9.916677
1.187940,9.915243
1.188350,9.913810
1.188760,9.912375
1.189170,9.910944
1.189580,9.909512
1.189990,9.908078
1.190400,9.906648
1.190810,9.905217
1.191220,9.903788
1.191630,9.902359
1.192040,9.900928
1.192450,9.899500
1.192860,9.898071
1.193270,9.896645
1.193680,9.895217
1.194090,9.893791
1.194500,9.892365
1.194910,9.890940
1.195320,9.889515
1.195730,9.888090
1.196140,9.886666
1.196550,9.885244
1.196960,9.883821
1.197370,9.882400
1.197780,9.880977
1.198190,9.879557
1.198600,9.878136
1.199010,9.876716
1.199420,9.875296
1.199830,9.873877
1.200240,9.872458
1.200650,9.871040
1.201060,9.869623
1.201470,9.868208
1.201880,9.866791
1.202290,9.865376
1.202700,9.863960
1.203110,9.862545
1.203520,9.861133
1.203930,9.859718
1.204340,9.858306
1.204750,9.856894
1.205160,9.855481
1.205570,9.854070
1.205980,9.852659
1.206390,9.851249
1.206800,9.849839
1.207210,9.848432
1.207620,9.847023
1.208030,9.845614
1.208440,9.844208
1.208850,9.842800
1.209260,9.841394
1.209670,9.839989
1.210080,9.838584
1.210490,9.837179
1.210900,9.835776
1.211310,9.834373
1.211720,9.832970
1.212130,9.831567
1.212540,9.830167
1.212950,9.828765
1.213360,9.827365
1.213770,9.825963
1.214180,9.824565
1.214590,9.823165
1.215001,9.821768
1.215411,9.820370
1.215821,9.818974
1.216231,9.817577
1.216641,9.816180
1.217051,9.814786
1.217461,9.813391
1.217871,9.811996
1.218281,9.810602
1.218691,9.809210
1.219101,9.807818
1.219511,9.806425
1.219921,9.805034
1.220331,9.803643
1.220741,9.802252
1.221151,9.800863
1.221561,9.799475
1.221971,9.798086
1.222381,9.796698
1.222791,9.795312
1.223201,9.793924
1.223611,9.792539
1.224021,9.791153
1.224431,9.789768
1.224841,9.788383
1.225251,9.787000
1.225661,9.785616
1.226071,9.784234
1.226481,9.782853
1.226891,9.781471
1.227301,9.780090
1.227711,9.778709
1.228121,9.777330
1.228531,9.775950
1.228941,9.774572
1.229351,9.773196
1.229761,9.771818
1.230171,9.770440
1.230581,9.769064
1.230991,9.767690
1.231401,9.766315
1.231811,9.764939
1.232221,9.763566
1.232631,9.762193
1.233041,9.760821
1.233451,9.759449
1.233861,9.758078
1.234271,9.756707
1.234681,9.755338
1.235091,9.753969
1.235501,9.752599
1.235911,9.751230
1.236321,9.749863
1.236731,9.748496
1.237141,9.747128
1.237551,9.745765
1.237961,9.744399
1.238371,9.743033
1.238781,9.741670
1.239191,9.740307
1.239601,9.738944
1.240011,9.737581
1.240421,9.736220
1.240831,9.734859
1.241241,9.733499
1.241651,9.732139
1.242061,9.730780
1.242471,9.729422
1.242881,9.728064
1.243291,9.726706
1.243701,9.725349
1.244111,9.723993
1.244521,9.722637
1.244931,9.721283
1.245342,9.719929
1.245752,9.718575
1.246162,9.717222
1.246572,9.715871
1.246982,9.714518
1.247392,9.713166
1.247802,9.711816
1.248212,9.710466
1.248622,9.709118
1.249032,9.707768
1.249442,9.706420
1.249852,9.705072
1.250262,9.703727
1.250672,9.702379
1.251082,9.701035
1.251492,9.699690
1.251902,9.698346
1.252312,9.697002
1.252722,9.695658
1.253132,9.694316
1.253542,9.692974
1.253952,9.691633
1.254362,9.690292
1.254772,9.688953
1.255182,9.687614
1.255592,9.686275
1.256002,9.684937
1.256412,9.683599
1.256822,9.682262
1.257232,9.680926
1.257642,9.679590
1.258052,9.678256
1.258462,9.676922
1.258872,9.675589
1.259282,9.674255
1.259692,9.672923
1.260102,9.671591
1.260512,9.670260
1.260922,9.668930
1.261332,9.667601
1.261742,9.666271
1.262152,9.664943
1.262562,9.663614
1.262972,9.662288
1.263382,9.660961
1.263792,9.659636
1.264202,9.658310
1.264612,9.656986
1.265022,9.655663
1.265432,9.654338
1.265842,9.653015
1.266252,9.651693
1.266662,9.650372
1.267072,9.649051
1.267482,9.647731
1.267892,9.646411
1.268302,9.645093
1.268712,9.643774
1.269122,9.642456
1.269532,9.641140
1.269942,9.639824
1.270352,9.638508
1.270762,9.637194
1.271172,9.635879
1.271582,9.634564
1.271992,9.633252
1.272402,9.631940
1.272812,9.630629
1.273222,9.629316
1.273632,9.628007
1.274042,9.626696
1.274452,9.625387
1.274862,9.624079
1.275273,9.622771
1.275683,9.621463
1.276093,9.620157
1.276503,9.618851
1.276913,9.617546
1.277323,9.616241
1.277733,9.614938
1.278143,9.613634
1.278553,9.612332
1.278963,9.611031
1.279373,9.609728
1.279783,9.608429
1.280193,9.607130
1.280603,9.605829
1.281013,9.604530
1.281423,9.603232
1.281833,9.601935
1.282243,9.600638
1.282653,9.599343
1.283063,9.598047
1.283473,9.596752
1.283883,9.595458
1.284293,9.594165
1.284703,9.592873
1.285113,9.591580
1.285523,9.590289
1.285933,9.588999
1.286343,9.587708
1.286753,9.586419
1.287163,9.585131
1.287573,9.583842
1.287983,9.582556
1.288393,9.581268
1.288803,9.579983
1.289213,9.578697
1.289623,9.577412
1.290033,9.576128
1.290443,9.574844
1.290853,9.573563
1.291263,9.572281
1.291673,9.570998
1.292083,9.569718
1.292493,9.568439
1.292903,9.567160
1.293313,9.565880
1.293723,9.564602
1.294133,9.563325
1.294543,9.562048
1.294953,9.560772
1.295363,9.559496
1.295773,9.558222
1.296183,9.556949
1.296593,9.555675
1.297003,9.554402
1.297413,9.553130
1.297823,9.551859
1.298233,9.550588
1.298643,9.549318
1.299053,9.548049
1.299463,9.546780
1.299873,9.545513
1.300283,9.544245
1.300693,9.542978
1.301103,9.541713
1.301513,9.540447
1.301923,9.539183
1.302333,9.537920
1.302743,9.536655
1.303153,9.535394
1.303563,9.534133
1.303973,9.532870
1.304383,9.531610
1.304793,9.530351
1.305204,9.529091
1.305614,9.527832
1.306024,9.526575
1.306434,9.525318
1.306844,9.524062
1.307254,9.522807
1.307664,9.521551
1.308074,9.520297
1.308484,9.519043
1.308894,9.517790
1.309304,9.516538
1.309714,9.515287
1.310124,9.514035
1.310534,9.512786
1.310944,9.511537
1.311354,9.510288
1.311764,9.509038
1.312174,9.507792
1.312584,9.506544
1.312994,9.505299
1.313404,9.504054
1.313814,9.502808
1.314224,9.501564
1.314634,9.500320
1.315044,9.499079
1.315454,9.497837
1.315864,9.496595
1.316274,9.495355
1.316684,9.494114
1.317094,9.492876
1.317504,9.491637
1.317914,9.490398
1.318324,9.489162
1.318734,9.487926
1.319144,9.486691
1.319554,9.485455
1.319964,9.484220
1.320374,9.482986
1.320784,9.481754
1.321194,9.480522
1.321604,9.479290
1.322014,9.478060
1.322424,9.476829
1.322834,9.475599
1.323244,9.474370
1.323654,9.473143
1.324064,9.471914
1.324474,9.470687
1.324884,9.469460
1.325294,9.468237
1.325704,9.467011
1.326114,9.465788
1.326524,9.464563
1.326934,9.463342
1.327344,9.462119
1.327754,9.460898
1.328164,9.459678
1.328574,9.458458
1.328984,9.457239
1.329394,9.456020
1.329804,9.454803
1.330214,9.453585
1.330624,9.452370
1.331034,9.451153
1.331444,9.449938
1.331854,9.448725
1.332264,9.447512
1.332674,9.446298
1.333084,9.445086
1.333494,9.443874
1.333904,9.442663
1.334314,9.441453
1.334724,9.440244
1.335135,9.439034
1.335545,9.437827
1.335955,9.436621
1.336365,9.435413
1.336775,9.434207
1.337185,9.433002
1.337595,9.431798
1.338005,9.430594
1.338415,9.429390
1.338825,9.428188
1.339235,9.426987
1.339645,9.425785
1.340055,9.424584
1.340465,9.423385
1.340875,9.422187
1.341285,9.420989
1.341695,9.419791
1.342105,9.418594
1.342515,9.417398
1.342925,9.416203
1.343335,9.415009
1.343745,9.413815
1.344155,9.412621
1.344565,9.411428
1.344975,9.410235
1.345385,9.409044
1.345795,9.407854
1.346205,9.406664
1.346615,9.405476
1.347025,9.404287
1.347435,9.403100
1.347845,9.401913
1.348255,9.400726
1.348665,9.399541
1.349075,9.398355
1.349485,9.397171
1.349895,9.395988
1.350305,9.394806
1.350715,9.393623
1.351125,9.392443
1.351535,9.391261
1.351945,9.390081
1.352355,9.388903
1.352765,9.387724
1.353175,9.386546
1.353585,9.385370
1.353995,9.384192
1.354405,9.383017
1.354815,9.381843
1.355225,9.380668
1.355635,9.379495
1.356045,9.378321
1.356455,9.377149
1.356865,9.375977
1.357275,9.374806
1.357685,9.373636
1.358095,9.372467
1.358505,9.371299
1.358915,9.370131
1.359325,9.368963
1.359735,9.367797
1.360145,9.366631
1.360555,9.365465
1.360965,9.364302
1.361375,9.363138
1.361785,9.361975
1.362195,9.360812
1.362605,9.359651
1.363015,9.358490
1.363425,9.357329
1.363835,9.356170
1.364245,9.355011
1.364655,9.353852
1.365066,9.352696
1.365476,9.351539
1.365886,9.350384
1.366296,9.349227
1.366706,9.348074
1.367116,9.346920
1.367526,9.345766
1.367936,9.344614
1.368346,9.343462
1.368756,9.342312
1.369166,9.341162
1.369576,9.340012
1.369986,9.338862
1.370396,9.337715
1.370806,9.336567
1.371216,9.335420
1.371626,9.334274
1.372036,9.333128
1.372446,9.331984
1.372856,9.330841
1.373266,9.329697
1.373676,9.328554
1.374086,9.327412
1.374496,9.326270
1.374906,9.325131
1.375316,9.323992
1.375726,9.322852
1.376136,9.321714
1.376546,9.320576
1.376956,9.319440
1.377366,9.318303
1.377776,9.317167
1.378186,9.316032
1.378596,9.314899
1.379006,9.313766
1.379416,9.312634
1.379826,9.311501
1.380236,9.310370
1.380646,9.309239
1.381056,9.308109
1.381466,9.306980
1.381876,9.305852
1.382286,9.304724
1.382696,9.303596
1.383106,9.302471
1.383516,9.301346
1.383926,9.300220
1.384336,9.299097
1.384746,9.297973
1.385156,9.296850
1.385566,9.295729
1.385976,9.294607
1.386386,9.293487
1.386796,9.292366
1.387206,9.291247
1.387616,9.290128
1.388026,9.289011
1.388436,9.287893
1.388846,9.286777
1.389256,9.285662
1.389666,9.284546
1.390076,9.283432
1.390486,9.282318
1.390896,9.281206
1.391306,9.280094
1.391716,9.278983
1.392126,9.277872
1.392536,9.276761
1.392946,9.275652
1.393356,9.274544
1.393766,9.273437
1.394176,9.272328
1.394586,9.271222
1.394996,9.270117
1.395407,9.269011
1.395817,9.267906
1.396227,9.266804
1.396637,9.265699
1.397047,9.264597
1.397457,9.263495
1.397867,9.262395
1.398277,9.261295
1.398687,9.260195
1.399097,9.259097
1.399507,9.257999
1.399917,9.256901
1.400327,9.255804
1.400737,9.254708
1.401147,9.253613
1.401557,9.252518
1.401967,9.251426
1.402377,9.250332
1.402787,9.249239
1.403197,9.248148
1.403607,9.247057
1.404017,9.245966
1.404427,9.244877
1.404837,9.243788
1.405247,9.242700
1.405657,9.241612
1.406067,9.240525
1.406477,9.239440
1.406887,9.238355
1.407297,9.237269
1.407707,9.236185
1.408117,9.235102
1.408527,9.234020
1.408937,9.232937
1.409347,9.231855
1.409757,9.230776
1.410167,9.229695
1.410577,9.228616
1.410987,9.227539
1.411397,9.226461
1.411807,9.225384
1.412217,9.224308
1.412627,9.223231
1.413037,9.222157
1.413447,9.221083
1.413857,9.220009
1.414267,9.218937
1.414677,9.217864
1.415087,9.216793
1.415497,9.215723
1.415907,9.214653
1.416317,9.213583
1.416727,9.212514
1.417137,9.211447
1.417547,9.210380
1.417957,9.209312
1.418367,9.208247
1.418777,9.207181
1.419187,9.206118
1.419597,9.205053
1.420007,9.203991
1.420417,9.202929
1.420827,9.201867
1.421237,9.200807
1.421647,9.199745
1.422057,9.198686
1.422467,9.197627
1.422877,9.196568
1.423287,9.195512
1.423697,9.194454
1.424107,9.193399
1.424517,9.192343
1.424927,9.191289
1.425338,9.190234
1.425748,9.189181
1.426158,9.188128
1.426568,9.187078
1.426978,9.186027
1.427388,9.184975
1.427798,9.183926
1.428208,9.182877
1.428618,9.181828
1.429028,9.180780
1.429438,9.179733
1.429848,9.178686
1.430258,9.177642
1.430668,9.176597
1.431078,9.175552
1.431488,9.174509
1.431898,9.173466
1.432308,9.172423
1.432718,9.171381
1.433128,9.170341
1.433538,9.169300
1.433948,9.168262
1.434358,9.167223
1.434768,9.166185
1.435178,9.165148
1.435588,9.164111
1.435998,9.163075
1.436408,9.162040
1.436818,9.161005
1.437228,9.159970
1.437638,9.158937
1.438048,9.157906
1.438458,9.156874
1.438868,9.155842
1.439278,9.154812
1.439688,9.153782
1.440098,9.152754
1.440508,9.151725
1.440918,9.150698
1.441328,9.149670
1.441738,9.148643
1.442148,9.147617
1.442558,9.146593
1.442968,9.145569
1.443378,9.144546
1.443788,9.143521
1.444198,9.142500
1.444608,9.141479
1.445018,9.140457
1.445428,9.139438
1.445838,9.138418
1.446248,9.137400
1.446658,9.136380
1.447068,9.135363
1.447478,9.134347
1.447888,9.133331
1.448298,9.132315
1.448708,9.131300
1.449118,9.130287
1.449528,9.129272
1.449938,9.128261
1.450348,9.127248
1.450758,9.126238
1.451168,9.125226
1.451578,9.124216
1.451988,9.123207
1.452398,9.122198
1.452808,9.121191
1.453218,9.120183
1.453628,9.119177
1.454038,9.118172
1.454448,9.117165
1.454858,9.116160
1.455269,9.115158
1.455679,9.114154
1.456089,9.113152
1.456499,9.112150
1.456909,9.111149
1.457319,9.110149
1.457729,9.109148
1.458139,9.108150
1.458549,9.107152
1.458959,9.106153
1.459369,9.105156
1.459779,9.104159
1.460189,9.103163
1.460599,9.102169
1.461009,9.101175
1.461419,9.100181
1.461829,9.099187
1.462239,9.098195
1.462649,9.097204
1.463059,9.096212
1.463469,9.095222
1.463879,9.094233
1.464289,9.093243
1.464699,9.092255
1.465109,9.091269
1.465519,9.090281
1.465929,9.089293
1.466339,9.088308
1.466749,9.087323
1.467159,9.086340
1.467569,9.085356
1.467979,9.084373
1.468389,9.083389
1.468799,9.082408
1.469209,9.081429
1.469619,9.080446
1.470029,9.079467
1.470439,9.078489
1.470849,9.077509
1.471259,9.076532
1.471669,9.075555
1.472079,9.074578
1.472489,9.073604
1.472899,9.072628
1.473309,9.071653
1.473719,9.070681
1.474129,9.069706
1.474539,9.068735
1.474949,9.067763
1.475359,9.066792
1.475769,9.065822
1.476179,9.064852
1.476589,9.063883
1.476999,9.062914
1.477409,9.061946
1.477819,9.060980
1.478229,9.060013
1.478639,9.059047
1.479049,9.058083
1.479459,9.057117
1.479869,9.056154
1.480279,9.055191
1.480689,9.054228
1.481099,9.053267
1.481509,9.052306
1.481919,9.051346
1.482329,9.050385
1.482739,9.049425
1.483149,9.048468
1.483559,9.047509
1.483969,9.046553
1.484379,9.045596
1.484789,9.044640
1.485200,9.043684
1.485610,9.042729
1.486020,9.041777
1.486430,9.040823
1.486840,9.039869
1.487250,9.038918
1.487660,9.037966
1.488070,9.037015
1.488480,9.036064
1.488890,9.035116
1.489300,9.034167
1.489710,9.033218
1.490120,9.032271
1.490530,9.031324
1.490940,9.030378
1.491350,9.029433
1.491760,9.028488
1.492170,9.027544
1.492580,9.026601
1.492990,9.025658
1.493400,9.024715
1.493810,9.023773
1.494220,9.022833
1.494630,9.021893
1.495040,9.020952
1.495450,9.020013
1.495860,9.019075
1.496270,9.018137
1.496680,9.017200
1.497090,9.016264
1.497500,9.015327
1.497910,9.014393
1.498320,9.013457
1.498730,9.012524
1.499140,9.011591
1.499550,9.010657
1.499960,9.009726
1.500370,9.008794
1.500780,9.007863
1.501190,9.006934
1.501600,9.006004
1.502010,9.005075
1.502420,9.004147
1.502830,9.003220
1.503240,9.002293
1.503650,9.001366
1.504060,9.000442
1.504470,8.999516
1.504880,8.998590
1.505290,8.997667
1.505700,8.996744
1.506110,8.995821
1.506520,8.994900
1.506930,8.993979
1.507340,8.993058
1.507750,8.992138
1.508160,8.991219
1.508570,8.990300
1.508980,8.989382
1.509390,8.988465
1.509800,8.987548
1.510210,8.986631
1.510620,8.985715
1.511030,8.984800
1.511440,8.983887
1.511850,8.982972
1.512260,8.982059
1.512670,8.981148
1.513080,8.980235
1.513490,8.979324
1.513900,8.978413
1.514310,8.977504
1.514720,8.976594
1.515131,8.975685
1.515541,8.974778
1.515951,8.973869
1.516361,8.972963
1.516771,8.972056
1.517181,8.971151
1.517591,8.970245
1.518001,8.969342
1.518411,8.968438
1.518821,8.967535
1.519231,8.966633
1.519641,8.965732
1.520051,8.964829
1.520461,8.963929
1.520871,8.963029
1.521281,8.962131
1.521691,8.961230
1.522101,8.960333
1.522511,8.959435
1.522921,8.958538
1.523331,8.957643
1.523741,8.956745
1.524151,8.955853
1.524561,8.954956
1.524971,8.954062
1.525381,8.953169
1.525791,8.952278
1.526201,8.951385
1.526611,8.950494
1.527021,8.949602
1.527431,8.948712
1.527841,8.947823
1.528251,8.946934
1.528661,8.946045
1.529071,8.945158
1.529481,8.944270
1.529891,8.943383
1.530301,8.942498
1.530711,8.941612
1.531121,8.940727
1.531531,8.939842
1.531941,8.938961
1.532351,8.938077
1.532761,8.937195
1.533171,8.936313
1.533581,8.935431
1.533991,8.934550
1.534401,8.933671
1.534811,8.932792
1.535221,8.931913
1.535631,8.931034
1.536041,8.930157
1.536451,8.929280
1.536861,8.928404
1.537271,8.927528
1.537681,8.926653
1.538091,8.925778
1.538501,8.924905
1.538911,8.924032
1.539321,8.923159
1.539731,8.922285
1.540141,8.921415
1.540551,8.920544
1.540961,8.919674
1.541371,8.918804
1.541781,8.917935
1.542191,8.917067
1.542601,8.916199
1.543011,8.915331
1.543421,8.914463
1.543831,8.913598
1.544241,8.912732
1.544651,8.911867
1.545062,8.911002
1.545472,8.910137
1.545882,8.909275
1.546292,8.908412
1.546702,8.907551
1.547112,8.906689
1.547522,8.905827
1.547932,8.904966
1.548342,8.904107
1.548752,8.903248
1.549162,8.902390
1.549572,8.901532
1.549982,8.900674
1.550392,8.899817
1.550802,8.898961
1.551212,8.898105
1.551622,8.897250
1.552032,8.896397
1.552442,8.895542
1.552852,8.894688
1.553262,8.893835
1.553672,8.892982
1.554082,8.892132
1.554492,8.891280
1.554902,8.890430
1.555312,8.889580
1.555722,8.888730
1.556132,8.887882
1.556542,8.887033
1.556952,8.886186
1.557362,8.885338
1.557772,8.884492
1.558182,8.883646
1.558592,8.882802
1.559002,8.881956
1.559412,8.881112
1.559822,8.880268
1.560232,8.879426
1.560642,8.878582
1.561052,8.877742
1.561462,8.876900
1.561872,8.876060
1.562282,8.875218
1.562692,8.874380
1.563102,8.873541
1.563512,8.872702
1.563922,8.871864
1.564332,8.871027
1.564742,8.870189
1.565152,8.869353
1.565562,8.868518
1.565972,8.867682
1.566382,8.866848
1.566792,8.866014
1.567202,8.865180
1.567612,8.864347
1.568022,8.863516
1.568432,8.862683
1.568842,8.861853
1.569252,8.861022
1.569662,8.860191
1.570072,8.859362
1.570482,8.858533
1.570892,8.857704
1.571302,8.856876
1.571712,8.856050
1.572122,8.855223
1.572532,8.854396
1.572942,8.853570
1.573352,8.852745
1.573762,8.851921
1.574172,8.851097
1.574582,8.850273
1.574992,8.849450
1.575403,8.848628
1.575813,8.847806
1.576223,8.846985
1.576633,8.846165
1.577043,8.845345
1.577453,8.844525
1.577863,8.843706
1.578273,8.842887
1.578683,8.842070
1.579093,8.841252
1.579503,8.840434
1.579913,8.839619
1.580323,8.838802
1.580733,8.837988
1.581143,8.837173
1.581553,8.836359
1.581963,8.835545
1.582373,8.834732
1.582783,8.833920
1.583193,8.833107
1.583603,8.832295
1.584013,8.831486
1.584423,8.830674
1.584833,8.829865
1.585243,8.829056
1.585653,8.828246
1.586063,8.827438
1.586473,8.826631
1.586883,8.825824
1.587293,8.825017
1.587703,8.824211
1.588113,8.823406
1.588523,8.822600
1.588933,8.821795
1.589343,8.820991
1.589753,8.820189
1.590163,8.819386
1.590573,8.818583
1.590983,8.817780
1.591393,8.816980
1.591803,8.816179
1.592213,8.815379
1.592623,8.814579
1.593033,8.813780
1.593443,8.812981
1.593853,8.812183
1.594263,8.811385
1.594673,8.810588
1.595083,8.809792
1.595493,8.808995
1.595903,8.808200
1.596313,8.807405
1.596723,8.806610
1.597133,8.805817
1.597543,8.805023
1.597953,8.804230
1.598363,8.803437
1.598773,8.802647
1.599183,8.801855
1.599593,8.801064
1.600003,8.800273
1.600413,8.799483
1.600823,8.798693
1.601233,8.797905
1.601643,8.797116
1.602053,8.796329
1.602463,8.795542
1.602873,8.794755
1.603283,8.793968
1.603693,8.793182
1.604103,8.792398
1.604513,8.791614
1.604923,8.790829
1.605334,8.790045
1.605744,8.789262
1.606154,8.788480
1.606564,8.787697
1.606974,8.786916
1.607384,8.786133
1.607794,8.785354
1.608204,8.784574
1.608614,8.783794
1.609024,8.783014
1.609434,8.782236
1.609844,8.781458
1.610254,8.780681
1.610664,8.779903
1.611074,8.779126
1.611484,8.778351
1.611894,8.777575
1.612304,8.776799
1.612714,8.776025
1.613124,8.775251
1.613534,8.774478
1.613944,8.773705
1.614354,8.772932
1.614764,8.772160
1.615174,8.771389
1.615584,8.770616
1.615994,8.769846
1.616404,8.769076
1.616814,8.768307
1.617224,8.767537
1.617634,8.766768
1.618044,8.766001
1.618454,8.765232
1.618864,8.764465
1.619274,8.763699
1.619684,8.762932
1.620094,8.762167
1.620504,8.761402
1.620914,8.760635
1.621324,8.759871
1.621734,8.759109
1.622144,8.758345
1.622554,8.757582
1.622964,8.756821
1.623374,8.756058
1.623784,8.755297
1.624194,8.754536
1.624604,8.753776
1.625014,8.753016
1.625424,8.752257
1.625834,8.751497
1.626244,8.750738
1.626654,8.749981
1.627064,8.749224
1.627474,8.748466
1.627884,8.747708
1.628294,8.746954
1.628704,8.746199
1.629114,8.745443
1.629524,8.744688
1.629934,8.743934
1.630344,8.743180
1.630754,8.742427
1.631164,8.741673
1.631574,8.740922
1.631984,8.740170
1.632394,8.739418
1.632804,8.738667
1.633214,8.737917
1.633624,8.737167
1.634034,8.736418
1.634444,8.735668
1.634854,8.734921
1.635265,8.734172
1.635675,8.733424
1.636085,8.732677
1.636495,8.731930
1.636905,8.731184
1.637315,8.730439
1.637725,8.729693
1.638135,8.728949
1.638545,8.728205
1.638955,8.727461
1.639365,8.726717
1.639775,8.725974
1.640185,8.725231
1.640595,8.724489
1.641005,8.723748
1.641415,8.723007
1.641825,8.722266
1.642235,8.721525
1.642645,8.720786
1.643055,8.720047
1.643465,8.719308
1.643875,8.718570
1.644285,8.717833
1.644695,8.717094
1.645105,8.716356
1.645515,8.715620
1.645925,8.714884
1.646335,8.714149
1.646745,8.713413
1.647155,8.712679
1.647565,8.711945
1.647975,8.711210
1.648385,8.710477
1.648795,8.709743
1.649205,8.709011
1.649615,8.708280
1.650025,8.707548
1.650435,8.706817
1.650845,8.706086
1.651255,8.705356
1.651665,8.704626
1.652075,8.703897
1.652485,8.703167
1.652895,8.702438
1.653305,8.701711
1.653715,8.700982
1.654125,8.700256
1.654535,8.699529
1.654945,8.698802
1.655355,8.698076
1.655765,8.697351
1.656175,8.696626
1.656585,8.695901
1.656995,8.695177
1.657405,8.694452
1.657815,8.693729
1.658225,8.693007
1.658635,8.692286
1.659045,8.691562
1.659455,8.690841
1.659865,8.690120
1.660275,8.689399
1.660685,8.688679
1.661095,8.687959
1.661505,8.687241
1.661915,8.686521
1.662325,8.685802
1.662735,8.685083
1.663145,8.684366
1.663555,8.683648
1.663965,8.682932
1.664375,8.682216
1.664785,8.681499
1.665196,8.680784
1.665606,8.680069
1.666016,8.679355
1.666426,8.678639
1.666836,8.677926
1.667246,8.677212
1.667656,8.676499
1.668066,8.675785
1.668476,8.675074
1.668886,8.674362
1.669296,8.673652
1.669706,8.672939
1.670116,8.672230
1.670526,8.671519
1.670936,8.670809
1.671346,8.670099
1.671756,8.669392
1.672166,8.668682
1.672576,8.667974
1.672986,8.667267
1.673396,8.666559
1.673806,8.665853
1.674216,8.665147
1.674626,8.664440
1.675036,8.663734
1.675446,8.663030
1.675856,8.662325
1.676266,8.661619
1.676676,8.660916
1.677086,8.660213
1.677496,8.659510
1.677906,8.658807
1.678316,8.658104
1.678726,8.657402
1.679136,8.656701
1.679546,8.656000
1.679956,8.655299
1.680366,8.654598
1.680776,8.653898
1.681186,8.653198
1.681596,8.652500
1.682006,8.651800
1.682416,8.651102
1.682826,8.650404
1.683236,8.649708
1.683646,8.649011
1.684056,8.648313
1.684466,8.647615
1.684876,8.646921
1.685286,8.646224
1.685696,8.645530
1.686106,8.644835
1.686516,8.644140
1.686926,8.643447
1.687336,8.642752
1.687746,8.642059
1.688156,8.641366
1.688566,8.640674
1.688976,8.639982
1.689386,8.639290
1.689796,8.638598
1.690206,8.637907
1.690616,8.637217
1.691026,8.636526
1.691436,8.635838
1.691846,8.635148
1.692256,8.634460
1.692666,8.633769
1.693076,8.633081
1.693486,8.632394
1.693896,8.631706
1.694306,8.631019
1.694716,8.630333
1.695127,8.629647
1.695537,8.628961
1.695947,8.628274
1.696357,8.627589
1.696767,8.626904
1.697177,8.626221
1.697587,8.625536
1.697997,8.624852
1.698407,8.624168
1.698817,8.623486
1.699227,8.622804
1.699637,8.622122
1.700047,8.621439
1.700457,8.620758
1.700867,8.620077
1.701277,8.619396
1.701687,8.618715
1.702097,8.618035
1.702507,8.617355
1.702917,8.616678
1.703327,8.615998
1.703737,8.615318
1.704147,8.614641
1.704557,8.613963
1.704967,8.613286
1.705377,8.612609
1.705787,8.611932
1.706197,8.611256
1.706607,8.610579
1.707017,8.609904
1.707427,8.609229
1.707837,8.608553
1.708247,8.607878
1.708657,8.607205
1.709067,8.606531
1.709477,8.605858
1.709887,8.605185
1.710297,8.604511
1.710707,8.603839
1.711117,8.603167
1.711527,8.602495
1.711937,8.601824
1.712347,8.601152
1.712757,8.600482
1.713167,8.599812
1.713577,8.599142
1.713987,8.598473
1.714397,8.597802
1.714807,8.597135
1.715217,8.596466
1.715627,8.595798
1.716037,8.595129
1.716447,8.594461
1.716857,8.593796
1.717267,8.593128
1.717677,8.592462
1.718087,8.591795
1.718497,8.591130
1.718907,8.590464
1.719317,8.589799
1.719727,8.589134
1.720137,8.588470
1.720547,8.587806
1.720957,8.587142
1.721367,8.586479
1.721777,8.585814
1.722187,8.585153
1.722597,8.584491
1.723007,8.583828
1.723417,8.583166
1.723827,8.582505
1.724237,8.581844
1.724647,8.581183
1.725058,8.580523
1.725468,8.579863
1.725878,8.579204
1.726288,8.578545
1.726698,8.577884
1.727108,8.577227
1.727518,8.576569
1.727928,8.575910
1.728338,8.575252
1.728748,8.574594
1.729158,8.573937
1.729568,8.573281
1.729978,8.572625
1.730388,8.571968
1.730798,8.571312
1.731208,8.570658
1.731618,8.570002
1.732028,8.569347
1.732438,8.568693
1.732848,8.568039
1.733258,8.567385
1.733668,8.566731
1.734078,8.566079
1.734488,8.565426
1.734898,8.564774
1.735308,8.564120
1.735718,8.563469
1.736128,8.562817
1.736538,8.562165
1.736948,8.561515
1.737358,8.560864
1.737768,8.560214
1.738178,8.559564
1.738588,8.558914
1.738998,8.558265
1.739408,8.557615
1.739818,8.556967
1.740228,8.556318
1.740638,8.555671
1.741048,8.555022
1.741458,8.554375
1.741868,8.553728
1.742278,8.553081
1.742688,8.552435
1.743098,8.551788
1.743508,8.551142
1.743918,8.550496
1.744328,8.549850
1.744738,8.549206
1.745148,8.548561
1.745558,8.547915
1.745968,8.547272
1.746378,8.546629
1.746788,8.545985
1.747198,8.545341
1.747608,8.544699
1.748018,8.544055
1.748428,8.543414
1.748838,8.542771
1.749248,8.542129
1.749658,8.541488
1.750068,8.540847
1.750478,8.540207
1.750888,8.539564
1.751298,8.538925
1.751708,8.538285
1.752118,8.537646
1.752528,8.537006
1.752938,8.536368
1.753348,8.535728
1.753758,8.535089
1.754168,8.534452
1.754578,8.533813
1.754988,8.533176
1.755399,8.532537
1.755809,8.531900
1.756219,8.531264
1.756629,8.530628
1.757039,8.529992
1.757449,8.529356
1.757859,8.528720
1.758269,8.528086
1.758679,8.527450
1.759089,8.526815
1.759499,8.526180
1.759909,8.525546
1.760319,8.524912
1.760729,8.524279
1.761139,8.523645
1.761549,8.523012
1.761959,8.522379
1.762369,8.521746
1.762779,8.521114
1.763189,8.520483
1.763599,8.519852
1.764009,8.519218
1.764419,8.518587
1.764829,8.517958
1.765239,8.517326
1.765649,8.516696
1.766059,8.516066
1.766469,8.515436
1.766879,8.514807
1.767289,8.514177
1.767699,8.513548
1.768109,8.512919
1.768519,8.512290
1.768929,8.511662
1.769339,8.511035
1.769749,8.510407
1.770159,8.509779
1.770569,8.509151
1.770979,8.508526
1.771389,8.507899
1.771799,8.507272
1.772209,8.506646
1.772619,8.506021
1.773029,8.505396
1.773439,8.504768
1.773849,8.504144
1.774259,8.503520
1.774669,8.502894
1.775079,8.502272
1.775489,8.501646
1.775899,8.501023
1.776309,8.500400
1.776719,8.499777
1.777129,8.499153
1.777539,8.498530
1.777949,8.497909
1.778359,8.497287
1.778769,8.496664
1.779179,8.496042
1.779589,8.495420
1.779999,8.494799
1.780409,8.494179
1.780819,8.493558
1.781229,8.492938
1.781639,8.492317
1.782049,8.491698
1.782459,8.491077
1.782869,8.490458
1.783279,8.489839
1.783689,8.489220
1.784099,8.488602
1.784509,8.487982
1.784919,8.487365
1.785330,8.486748
1.785740,8.486128
1.786150,8.485512
1.786560,8.484894
1.786970,8.484277
1.787380,8.483661
1.787790,8.483044
1.788200,8.482428
1.788610,8.481812
1.789020,8.481195
1.789430,8.480579
1.789840,8.479965
1.790250,8.479350
1.790660,8.478735
1.791070,8.478120
1.791480,8.477505
1.791890,8.476892
1.792300,8.476277
1.792710,8.475664
1.793120,8.475050
1.793530,8.474437
1.793940,8.473824
1.794350,8.473210
1.794760,8.472598
1.795170,8.471985
1.795580,8.471374
1.795990,8.470762
1.796400,8.470151
1.796810,8.469540
1.797220,8.468928
1.797630,8.468316
1.798040,8.467706
1.798450,8.467095
1.798860,8.466486
1.799270,8.465876
1.799680,8.465265
1.800090,8.464656
1.800500,8.464046
1.800910,8.463437
1.801320,8.462828
1.801730,8.462219
1.802140,8.461611
1.802550,8.461002
1.802960,8.460395
1.803370,8.459786
1.803780,8.459178
1.804190,8.458571
1.804600,8.457964
1.805010,8.457357
1.805420,8.456751
1.805830,8.456143
1.806240,8.455538
1.806650,8.454931
1.807060,8.454325
1.807470,8.453719
1.807880,8.453114
1.808290,8.452509
1.808700,8.451903
1.809110,8.451299
1.809520,8.450693
1.809930,8.450089
1.810340,8.449485
1.810750,8.448880
1.811160,8.448277
1.811570,8.447674
1.811980,8.447069
1.812390,8.446465
1.812800,8.445863
1.813210,8.445260
1.813620,8.444657
1.814030,8.444056
1.814440,8.443453
1.814850,8.442850
1.815261,8.442249
1.815671,8.441648
1.816081,8.441046
1.816491,8.440445
1.816901,8.439844
1.817311,8.439242
1.817721,8.438643
1.818131,8.438042
1.818541,8.437442
1.818951,8.436840
1.819361,8.436241
1.819771,8.435640
1.820181,8.435041
1.820591,8.434443
1.821001,8.433843
1.821411,8.433245
1.821821,8.432646
1.822231,8.432047
1.822641,8.431448
1.823051,8.430849
1.823461,8.430253
1.823871,8.429655
1.824281,8.429056
1.824691,8.428459
1.825101,8.427862
1.825511,8.427265
1.825921,8.426668
1.826331,8.426071
1.826741,8.425474
1.827151,8.424878
1.827561,8.424282
1.827971,8.423687
1.828381,8.423090
1.828791,8.422496
1.829201,8.421899
1.829611,8.421304
1.830021,8.420710
1.830431,8.420113
1.830841,8.419519
1.831251,8.418923
1.831661,8.418330
1.832071,8.417736
1.832481,8.417143
1.832891,8.416547
1.833301,8.415955
1.833711,8.415360
1.834121,8.414767
1.834531,8.414174
1.834941,8.413581
1.835351,8.412988
1.835761,8.412395
1.836171,8.411802
1.836581,8.411211
1.836991,8.410619
1.837401,8.410027
1.837811,8.409433
1.838221,8.408842
1.838631,8.408251
1.839041,8.407660
1.839451,8.407068
1.839861,8.406478
1.840271,8.405887
1.840681,8.405296
1.841091,8.404706
1.841501,8.404115
1.841911,8.403524
1.842321,8.402934
1.842731,8.402345
1.843141,8.401754
1.843551,8.401165
1.843961,8.400576
1.844371,8.399986
1.844781,8.399397
1.845192,8.398808
1.845602,8.398220
1.846012,8.397631
1.846422,8.397041
1.846832,8.396453
1.847242,8.395865
1.847652,8.395277
1.848062,8.394690
1.848472,8.394102
1.848882,8.393513
1.849292,8.392926
1.849702,8.392339
1.850112,8.391752
1.850522,8.391165
1.850932,8.390578
1.851342,8.389992
1.851752,8.389404
1.852162,8.388818
1.852572,8.388231
1.852982,8.387646
1.853392,8.387060
1.853802,8.386474
1.854212,8.385887
1.854622,8.385303
1.855032,8.384717
1.855442,8.384131
1.855852,8.383547
1.856262,8.382961
1.856672,8.382376
1.857082,8.381792
1.857492,8.381207
1.857902,8.380623
1.858312,8.380038
1.858722,8.379454
1.859132,8.378870
1.859542,8.378285
1.859952,8.377702
1.860362,8.377119
1.860772,8.376534
1.861182,8.375950
1.861592,8.375367
1.862002,8.374784
1.862412,8.374201
1.862822,8.373618
1.863232,8.373035
1.863642,8.372453
1.864052,8.371870
1.864462,8.371289
1.864872,8.370707
1.865282,8.370124
1.865692,8.369541
1.866102,8.368958
1.866512,8.368379
1.866922,8.367797
1.867332,8.367215
1.867742,8.366633
1.868152,8.366051
1.868562,8.365471
1.868972,8.364889
1.869382,8.364309
1.869792,8.363728
1.870202,8.363147
1.870612,8.362566
1.871022,8.361986
1.871432,8.361405
1.871842,8.360826
1.872252,8.360246
1.872662,8.359665
1.873072,8.359085
1.873482,8.358505
1.873892,8.357926
1.874302,8.357347
1.874712,8.356767
1.875123,8.356188
1.875533,8.355607
1.875943,8.355028
1.876353,8.354449
1.876763,8.353870
1.877173,8.353292
1.877583,8.352714
1.877993,8.352135
1.878403,8.351557
1.878813,8.350978
1.879223,8.350399
1.879633,8.349821
1.880043,8.349244
1.880453,8.348665
1.880863,8.348087
1.881273,8.347509
1.881683,8.346932
1.882093,8.346354
1.882503,8.345777
1.882913,8.345200
1.883323,8.344622
1.883733,8.344045
1.884143,8.343468
1.884553,8.342891
1.884963,8.342314
1.885373,8.341738
1.885783,8.341161
1.886193,8.340584
1.886603,8.340008
1.887013,8.339431
1.887423,8.338855
1.887833,8.338278
1.888243,8.337702
1.888653,8.337126
1.889063,8.336550
1.889473,8.335974
1.889883,8.335399
1.890293,8.334824
1.890703,8.334248
1.891113,8.333672
1.891523,8.333097
1.891933,8.332521
1.892343,8.331945
1.892753,8.331370
1.893163,8.330795
1.893573,8.330221
1.893983,8.329645
1.894393,8.329071
1.894803,8.328495
1.895213,8.327921
1.895623,8.327347
1.896033,8.326772
1.896443,8.326197
1.896853,8.325623
1.897263,8.325048
1.897673,8.324474
1.898083,8.323900
1.898493,8.323326
1.898903,8.322753
1.899313,8.322179
1.899723,8.321604
1.900133,8.321032
1.900543,8.320457
1.900953,8.319883
1.901363,8.319309
1.901773,8.318737
1.902183,8.318163
1.902593,8.317591
1.903003,8.317018
1.903413,8.316443
1.903823,8.315870
1.904233,8.315298
1.904643,8.314724
1.905054,8.314152
1.905464,8.313578
1.905874,8.313006
1.906284,8.312433
1.906694,8.311861
1.907104,8.311289
1.907514,8.310714
1.907924,8.310143
1.908334,8.309570
1.908744,8.308998
1.909154,8.308426
1.909564,8.307854
1.909974,8.307281
1.910384,8.306710
1.910794,8.306137
1.911204,8.305565
1.911614,8.304994
1.912024,8.304421
1.912434,8.303849
1.912844,8.303278
1.913254,8.302706
1.913664,8.302135
1.914074,8.301562
1.914484,8.300991
1.914894,8.300419
1.915304,8.299848
1.915714,8.299276
1.916124,8.298704
1.916534,8.298134
1.916944,8.297564
1.917354,8.296991
1.917764,8.296421
1.918174,8.295850
1.918584,8.295278
1.918994,8.294706
1.919404,8.294136
1.919814,8.293565
1.920224,8.292994
1.920634,8.292423
1.921044,8.291851
1.921454,8.291282
1.921864,8.290711
1.922274,8.290140
1.922684,8.289570
1.923094,8.289000
1.923504,8.288428
1.923914,8.287858
1.924324,8.287288
1.924734,8.286717
1.925144,8.286146
1.925554,8.285577
1.925964,8.285007
1.926374,8.284435
1.926784,8.283865
1.927194,8.283295
1.927604,8.282725
1.928014,8.282154
1.928424,8.281585
1.928834,8.281014
1.929244,8.280444
1.929654,8.279875
1.930064,8.279305
1.930474,8.278734
1.930884,8.278165
1.931294,8.277596
1.931704,8.277025
1.932114,8.276455
1.932524,8.275885
1.932934,8.275316
1.933344,8.274746
1.933754,8.274177
1.934164,8.273606
1.934574,8.273037
1.934984,8.272467
1.935395,8.271896
1.935805,8.271328
1.936215,8.270758
1.936625,8.270188
1.937035,8.269618
1.937445,8.269050
1.937855,8.268478
1.938265,8.267910
1.938675,8.267340
1.939085,8.266770
1.939495,8.266201
1.939905,8.265632
1.940315,8.265062
1.940725,8.264493
1.941135,8.263924
1.941545,8.263353
1.941955,8.262785
1.942365,8.262216
1.942775,8.261646
1.943185,8.261077
1.943595,8.260507
1.944005,8.259937
1.944415,8.259368
1.944825,8.258800
1.945235,8.258230
1.945645,8.257661
1.946055,8.257092
1.946465,8.256521
1.946875,8.255953
1.947285,8.255384
1.947695,8.254814
1.948105,8.254245
1.948515,8.253675
1.948925,8.253106
1.949335,8.252537
1.949745,8.251967
1.950155,8.251399
1.950565,8.250830
1.950975,8.250260
1.951385,8.249690
1.951795,8.249121
1.952205,8.248552
1.952615,8.247983
1.953025,8.247414
1.953435,8.246845
1.953845,8.246275
1.954255,8.245706
1.954665,8.245136
1.955075,8.244567
1.955485,8.243998
1.955895,8.243428
1.956305,8.242859
1.956715,8.242290
1.957125,8.241720
1.957535,8.241151
1.957945,8.240582
1.958355,8.240012
1.958765,8.239443
1.959175,8.238873
1.959585,8.238303
1.959995,8.237735
1.960405,8.237165
1.960815,8.236595
1.961225,8.236026
1.961635,8.235457
1.962045,8.234887
1.962455,8.234318
1.962865,8.233747
1.963275,8.233177
1.963685,8.232609
1.964095,8.232039
1.964505,8.231469
1.964915,8.230900
1.965326,8.230330
1.965736,8.229761
1.966146,8.229192
1.966556,8.228621
1.966966,8.228051
1.967376,8.227481
1.967786,8.226912
1.968196,8.226342
1.968606,8.225773
1.969016,8.225202
1.969426,8.224631
1.969836,8.224063
1.970246,8.223492
1.970656,8.222922
1.971066,8.222352
1.971476,8.221782
1.971886,8.221212
1.972296,8.220642
1.972706,8.220073
1.973116,8.219501
1.973526,8.218931
1.973936,8.218362
1.974346,8.217791
1.974756,8.217220
1.975166,8.216651
1.975576,8.216080
1.975986,8.215509
1.976396,8.214939
1.976806,8.214369
1.977216,8.213798
1.977626,8.213227
1.978036,8.212657
1.978446,8.212086
1.978856,8.211515
1.979266,8.210944
1.979676,8.210374
1.980086,8.209804
1.980496,8.209231
1.980906,8.208661
1.981316,8.208090
1.981726,8.207520
1.982136,8.206948
1.982546,8.206377
1.982956,8.205806
1.983366,8.205235
1.983776,8.204663
1.984186,8.204092
1.984596,8.203521
1.985006,8.202949
1.985416,8.202378
1.985826,8.201806
1.986236,8.201235
1.986646,8.200663
1.987056,8.200091
1.987466,8.199519
1.987876,8.198947
1.988286,8.198376
1.988696,8.197804
1.989106,8.197232
1.989516,8.196661
1.989926,8.196088
1.990336,8.195516
1.990746,8.194944
1.991156,8.194371
1.991566,8.193799
1.991976,8.193227
1.992386,8.192655
1.992796,8.192082
1.993206,8.191509
1.993616,8.190937
1.994026,8.190364
1.994436,8.189792
1.994846,8.189219
1.995257,8.188645
1.995667,8.188072
1.996077,8.187500
1.996487,8.186927
1.996897,8.186354
1.997307,8.185781
1.997717,8.185207
1.998127,8.184633
1.998537,8.184060
1.998947,8.183488
1.999357,8.182914
1.999767,8.182340
2.000177,8.181767
2.000587,8.181192
2.000997,8.180619
2.001407,8.180044
2.001817,8.179470
2.002227,8.178896
2.002637,8.178323
2.003047,8.177748
2.003457,8.177174
2.003867,8.176600
2.004277,8.176025
2.004687,8.175450
2.005097,8.174876
2.005507,8.174301
2.005917,8.173726
2.006327,8.173152
2.006737,8.172577
2.007147,8.172001
2.007557,8.171427
2.007967,8.170851
2.008377,8.170277
2.008787,8.169701
2.009197,8.169126
2.009607,8.168550
2.010017,8.167975
2.010427,8.167398
2.010837,8.166822
2.011247,8.166247
2.011657,8.165671
2.012067,8.165094
2.012477,8.164518
2.012887,8.163942
2.013297,8.163366
2.013707,8.162790
2.014117,8.162213
2.014527,8.161636
2.014937,8.161060
2.015347,8.160483
2.015757,8.159906
2.016167,8.159329
2.016577,8.158751
2.016987,8.158175
2.017397,8.157598
2.017807,8.157021
2.018217,8.156443
2.018627,8.155865
2.019037,8.155288
2.019447,8.154710
2.019857,8.154132
2.020267,8.153555
2.020677,8.152977
2.021087,8.152398
2.021497,8.151819
2.021907,8.151241
2.022317,8.150663
2.022727,8.150084
2.023137,8.149506
2.023547,8.148927
2.023957,8.148348
2.024367,8.147769
2.024777,8.147190
2.025188,8.146611
2.025598,8.146029
2.026008,8.145451
2.026418,8.144872
2.026828,8.144292
2.027238,8.143713
2.027648,8.143133
2.028058,8.142552
2.028468,8.141973
2.028878,8.141392
2.029288,8.140811
2.029698,8.140232
2.030108,8.139651
2.030518,8.139071
2.030928,8.138488
2.031338,8.137908
2.031748,8.137327
2.032158,8.136746
2.032568,8.136165
2.032978,8.135584
2.033388,8.135002
2.033798,8.134420
2.034208,8.133839
2.034618,8.133257
2.035028,8.132675
2.035438,8.132092
2.035848,8.131511
2.036258,8.130928
2.036668,8.130344
2.037078,8.129763
2.037488,8.129179
2.037898,8.128597
2.038308,8.128015
2.038718,8.127431
2.039128,8.126847
2.039538,8.126264
2.039948,8.125681
2.040358,8.125096
2.040768,8.124514
2.041178,8.123928
2.041588,8.123344
2.041998,8.122760
2.042408,8.122176
2.042818,8.121593
2.043228,8.121007
2.043638,8.120421
2.044048,8.119838
2.044458,8.119252
2.044868,8.118666
2.045278,8.118083
2.045688,8.117496
2.046098,8.116911
2.046508,8.116325
2.046918,8.115739
2.047328,8.115153
2.047738,8.114567
2.048148,8.113981
2.048558,8.113394
2.048968,8.112808
2.049378,8.112221
2.049788,8.111634
2.050198,8.111048
2.050608,8.110460
2.051018,8.109873
2.051428,8.109285
2.051838,8.108698
2.052248,8.108109
2.052658,8.107522
2.053068,8.106935
2.053478,8.106345
2.053888,8.105757
2.054298,8.105169
2.054708,8.104580
2.055119,8.103992
2.055529,8.103403
2.055939,8.102813
2.056349,8.102224
2.056759,8.101634
2.057169,8.101046
2.057579,8.100456
2.057989,8.099865
2.058399,8.099276
2.058809,8.098685
2.059219,8.098095
2.059629,8.097505
2.060039,8.096913
2.060449,8.096323
2.060859,8.095731
2.061269,8.095140
2.061679,8.094549
2.062089,8.093958
2.062499,8.093366
2.062909,8.092774
2.063319,8.092182
2.063729,8.091589
2.064139,8.090998
2.064549,8.090405
2.064959,8.089813
2.065369,8.089220
2.065779,8.088626
2.066189,8.088034
2.066599,8.087440
2.067009,8.086846
2.067419,8.086253
2.067829,8.085660
2.068239,8.085065
2.068649,8.084471
2.069059,8.083877
2.069469,8.083282
2.069879,8.082686
2.070289,8.082092
2.070699,8.081497
2.071109,8.080902
2.071519,8.080306
2.071929,8.079711
2.072339,8.079116
2.072749,8.078519
2.073159,8.077923
2.073569,8.077328
2.073979,8.076731
2.074389,8.076134
2.074799,8.075538
2.075209,8.074940
2.075619,8.074343
2.076029,8.073746
2.076439,8.073149
2.076849,8.072551
2.077259,8.071952
2.077669,8.071354
2.078079,8.070756
2.078489,8.070158
2.078899,8.069558
2.079309,8.068959
2.079719,8.068359
2.080129,8.067761
2.080539,8.067161
2.080949,8.066562
2.081359,8.065963
2.081769,8.065363
2.082179,8.064762
2.082589,8.064162
2.082999,8.063560
2.083409,8.062959
2.083819,8.062359
2.084229,8.061758
2.084639,8.061156
2.085050,8.060555
2.085460,8.059954
2.085870,8.059352
2.086280,8.058749
2.086690,8.058146
2.087100,8.057544
2.087510,8.056941
2.087920,8.056338
2.088330,8.055735
2.088740,8.055131
2.089150,8.054528
2.089560,8.053925
2.089970,8.053320
2.090380,8.052716
2.090790,8.052111
2.091200,8.051507
2.091610,8.050902
2.092020,8.050298
2.092430,8.049692
2.092840,8.049087
2.093250,8.048481
2.093660,8.047874
2.094070,8.047269
2.094480,8.046662
2.094890,8.046057
2.095300,8.045449
2.095710,8.044842
2.096120,8.044235
2.096530,8.043628
2.096940,8.043020
2.097350,8.042413
2.097760,8.041804
2.098170,8.041196
2.098580,8.040588
2.098990,8.039979
2.099400,8.039371
2.099810,8.038761
2.100220,8.038152
2.100630,8.037542
2.101040,8.036933
2.101450,8.036324
2.101860,8.035713
2.102270,8.035102
2.102680,8.034492
2.103090,8.033881
2.103500,8.033270
2.103910,8.032660
2.104320,8.032047
2.104730,8.031435
2.105140,8.030823
2.105550,8.030210
2.105960,8.029597
2.106370,8.028986
2.106780,8.028372
2.107190,8.027760
2.107600,8.027146
2.108010,8.026532
2.108420,8.025919
2.108830,8.025306
2.109240,8.024690
2.109650,8.024076
2.110060,8.023461
2.110470,8.022847
2.110880,8.022232
2.111290,8.021615
2.111700,8.021000
2.112110,8.020385
2.112520,8.019767
2.112930,8.019151
2.113340,8.018536
2.113750,8.017919
2.114160,8.017302
2.114570,8.016685
2.114980,8.016066
2.115391,8.015449
2.115801,8.014830
2.116211,8.014211
2.116621,8.013593
2.117031,8.012974
2.117441,8.012355
2.117851,8.011735
2.118261,8.011116
2.118671,8.010496
2.119081,8.009876
2.119491,8.009256
2.119901,8.008636
2.120311,8.008015
2.120721,8.007394
2.121131,8.006772
2.121541,8.006151
2.121951,8.005528
2.122361,8.004907
2.122771,8.004285
2.123181,8.003661
2.123591,8.003039
2.124001,8.002417
2.124411,8.001793
2.124821,8.001169
2.125231,8.000546
2.125641,7.999921
2.126051,7.999297
2.126461,7.998673
2.126871,7.998048
2.127281,7.997422
2.127691,7.996798
2.128101,7.996171
2.128511,7.995545
2.128921,7.994919
2.129331,7.994293
2.129741,7.993666
2.130151,7.993040
2.130561,7.992412
2.130971,7.991785
2.131381,7.991156
2.131791,7.990529
2.132201,7.989901
2.132611,7.989272
2.133021,7.988643
2.133431,7.988014
2.133841,7.987384
2.134251,7.986755
2.134661,7.986125
2.135071,7.985495
2.135481,7.984865
2.135891,7.984234
2.136301,7.983603
2.136711,7.982971
2.137121,7.982340
2.137531,7.981709
2.137941,7.981076
2.138351,7.980444
2.138761,7.979810
2.139171,7.979179
2.139581,7.978545
2.139991,7.977911
2.140401,7.977278
2.140811,7.976644
2.141221,7.976009
2.141631,7.975375
2.142041,7.974740
2.142451,7.974104
2.142861,7.973470
2.143271,7.972834
2.143681,7.972198
2.144091,7.971561
2.144501,7.970925
2.144911,7.970288
2.145322,7.969650
2.145732,7.969013
2.146142,7.968375
2.146552,7.967738
2.146962,7.967101
2.147372,7.966461
2.147782,7.965822
2.148192,7.965182
2.148602,7.964543
2.149012,7.963903
2.149422,7.963262
2.149832,7.962622
2.150242,7.961982
2.150652,7.961340
2.151062,7.960700
2.151472,7.960059
2.151882,7.959417
2.152292,7.958775
2.152702,7.958132
2.153112,7.957489
2.153522,7.956846
2.153932,7.956203
2.154342,7.955560
2.154752,7.954915
2.155162,7.954271
2.155572,7.953626
2.155982,7.952982
2.156392,7.952337
2.156802,7.951691
2.157212,7.951045
2.157622,7.950399
2.158032,7.949753
2.158442,7.949106
2.158852,7.948460
2.159262,7.947812
2.159672,7.947165
2.160082,7.946517
2.160492,7.945869
2.160902,7.945220
2.161312,7.944571
2.161722,7.943922
2.162132,7.943272
2.162542,7.942623
2.162952,7.941972
2.163362,7.941323
2.163772,7.940671
2.164182,7.940020
2.164592,7.939369
2.165002,7.938717
2.165412,7.938066
2.165822,7.937413
2.166232,7.936761
2.166642,7.936107
2.167052,7.935454
2.167462,7.934801
2.167872,7.934147
2.168282,7.933493
2.168692,7.932839
2.169102,7.932184
2.169512,7.931529
2.169922,7.930873
2.170332,7.930217
2.170742,7.929560
2.171152,7.928905
2.171562,7.928247
2.171972,7.927591
2.172382,7.926933
2.172792,7.926275
2.173202,7.925616
2.173612,7.924959
2.174022,7.924301
2.174432,7.923641
2.174842,7.922980
2.175253,7.922322
2.175663,7.921661
2.176073,7.921001
2.176483,7.920341
2.176893,7.919679
2.177303,7.919018
2.177713,7.918356
2.178123,7.917694
2.178533,7.917032
2.178943,7.916368
2.179353,7.915705
2.179763,7.915043
2.180173,7.914378
2.180583,7.913714
2.180993,7.913050
2.181403,7.912385
2.181813,7.911720
2.182223,7.911054
2.182633,7.910388
2.183043,7.909722
2.183453,7.909056
2.183863,7.908390
2.184273,7.907722
2.184683,7.907053
2.185093,7.906386
2.185503,7.905717
2.185913,7.905050
2.186323,7.904380
2.186733,7.903711
2.187143,7.903041
2.187553,7.902371
2.187963,7.901700
2.188373,7.901029
2.188783,7.900359
2.189193,7.899688
2.189603,7.899015
2.190013,7.898344
2.190423,7.897670
2.190833,7.896998
2.191243,7.896325
2.191653,7.895652
2.192063,7.894977
2.192473,7.894302
2.192883,7.893629
2.193293,7.892953
2.193703,7.892278
2.194113,7.891602
2.194523,7.890926
2.194933,7.890250
2.195343,7.889574
2.195753,7.888896
2.196163,7.888218
2.196573,7.887540
2.196983,7.886862
2.197393,7.886184
2.197803,7.885505
2.198213,7.884825
2.198623,7.884146
2.199033,7.883465
2.199443,7.882785
2.199853,7.882104
2.200263,7.881423
2.200673,7.880742
2.201083,7.880059
2.201493,7.879378
2.201903,7.878695
2.202313,7.878012
2.202723,7.877327
2.203133,7.876645
2.203543,7.875959
2.203953,7.875275
2.204363,7.874590
2.204773,7.873906
2.205184,7.873219
2.205594,7.872532
2.206004,7.871847
2.206414,7.871161
2.206824,7.870473
2.207234,7.869785
2.207644,7.869098
2.208054,7.868410
2.208464,7.867719
2.208874,7.867033
2.209284,7.866342
2.209694,7.865652
2.210104,7.864961
2.210514,7.864271
2.210924,7.863580
2.211334,7.862888
2.211744,7.862196
2.212154,7.861505
2.212564,7.860811
2.212974,7.860118
2.213384,7.859426
2.213794,7.858731
2.214204,7.858037
2.214614,7.857342
2.215024,7.856648
2.215434,7.855952
2.215844,7.855257
2.216254,7.854560
2.216664,7.853864
2.217074,7.853168
2.217484,7.852470
2.217894,7.851772
2.218304,7.851075
2.218714,7.850375
2.219124,7.849676
2.219534,7.848977
2.219944,7.848278
2.220354,7.847577
2.220764,7.846877
2.221174,7.846176
2.221584,7.845474
2.221994,7.844773
2.222404,7.844071
2.222814,7.843368
2.223224,7.842665
2.223634,7.841961
2.224044,7.841258
2.224454,7.840554
2.224864,7.839849
2.225274,7.839143
2.225684,7.838439
2.226094,7.837733
2.226504,7.837026
2.226914,7.836320
2.227324,7.835613
2.227734,7.834906
2.228144,7.834198
2.228554,7.833491
2.228964,7.832781
2.229374,7.832071
2.229784,7.831362
2.230194,7.830653
2.230604,7.829942
2.231014,7.829231
2.231424,7.828520
2.231834,7.827809
2.232244,7.827096
2.232654,7.826385
2.233064,7.825671
2.233474,7.824957
2.233884,7.824244
2.234294,7.823530
2.234704,7.822815
2.235115,7.822100
2.235525,7.821385
2.235935,7.820670
2.236345,7.819952
2.236755,7.819236
2.237165,7.818518
2.237575,7.817801
2.237985,7.817083
2.238395,7.816364
2.238805,7.815646
2.239215,7.814927
2.239625,7.814207
2.240035,7.813487
2.240445,7.812766
2.240855,7.812045
2.241265,7.811323
2.241675,7.810602
2.242085,7.809879
2.242495,7.809156
2.242905,7.808433
2.243315,7.807710
2.243725,7.806986
2.244135,7.806261
2.244545,7.805537
2.244955,7.804811
2.245365,7.804085
2.245775,7.803360
2.246185,7.802633
2.246595,7.801905
2.247005,7.801177
2.247415,7.800450
2.247825,7.799720
2.248235,7.798992
2.248645,7.798262
2.249055,7.797534
2.249465,7.796802
2.249875,7.796072
2.250285,7.795341
2.250695,7.794609
2.251105,7.793876
2.251515,7.793145
2.251925,7.792411
2.252335,7.791679
2.252745,7.790944
2.253155,7.790210
2.253565,7.789475
2.253975,7.788740
2.254385,7.788003
2.254795,7.787268
2.255205,7.786531
2.255615,7.785794
2.256025,7.785056
2.256435,7.784318
2.256845,7.783580
2.257255,7.782841
2.257665,7.782103
2.258075,7.781362
2.258485,7.780622
2.258895,7.779881
2.259305,7.779140
2.259715,7.778398
2.260125,7.777656
2.260535,7.776915
2.260945,7.776170
2.261355,7.775427
2.261765,7.774683
2.262175,7.773939
2.262585,7.773194
2.262995,7.772448
2.263405,7.771701
2.263815,7.770957
2.264225,7.770209
2.264635,7.769462
2.265046,7.768714
2.265456,7.767966
2.265866,7.767218
2.266276,7.766468
2.266686,7.765718
2.267096,7.764968
2.267506,7.764218
2.267916,7.763467
2.268326,7.762716
2.268736,7.761963
2.269146,7.761211
2.269556,7.760458
2.269966,7.759704
2.270376,7.758950
2.270786,7.758195
2.271196,7.757441
2.271606,7.756684
2.272016,7.755929
2.272426,7.755173
2.272836,7.754416
2.273246,7.753659
2.273656,7.752902
2.274066,7.752142
2.274476,7.751384
2.274886,7.750624
2.275296,7.749866
2.275706,7.749104
2.276116,7.748344
2.276526,7.747583
2.276936,7.746822
2.277346,7.746059
2.277756,7.745296
2.278166,7.744532
2.278576,7.743769
2.278986,7.743005
2.279396,7.742240
2.279806,7.741476
2.280216,7.740709
2.280626,7.739944
2.281036,7.739176
2.281446,7.738409
2.281856,7.737641
2.282266,7.736873
2.282676,7.736105
2.283086,7.735336
2.283496,7.734566
2.283906,7.733795
2.284316,7.733025
2.284726,7.732254
2.285136,7.731483
2.285546,7.730710
2.285956,7.729937
2.286366,7.729164
2.286776,7.728390
2.287186,7.727616
2.287596,7.726840
2.288006,7.726065
2.288416,7.725290
2.288826,7.724514
2.289236,7.723737
2.289646,7.722960
2.290056,7.722181
2.290466,7.721404
2.290876,7.720625
2.291286,7.719845
2.291696,7.719066
2.292106,7.718286
2.292516,7.717504
2.292926,7.716723
2.293336,7.715941
2.293746,7.715159
2.294156,7.714376
2.294566,7.713593
2.294976,7.712808
2.295387,7.712022
2.295797,7.711239
2.296207,7.710453
2.296617,7.709667
2.297027,7.708880
2.297437,7.708093
2.297847,7.707305
2.298257,7.706517
2.298667,7.705728
2.299077,7.704940
2.299487,7.704150
2.299897,7.703359
2.300307,7.702569
2.300717,7.701777
2.301127,7.700985
2.301537,7.700193
2.301947,7.699400
2.302357,7.698606
2.302767,7.697812
2.303177,7.697017
2.303587,7.696221
2.303997,7.695427
2.304407,7.694630
2.304817,7.693834
2.305227,7.693037
2.305637,7.692238
2.306047,7.691440
2.306457,7.690642
2.306867,7.689842
2.307277,7.689043
2.307687,7.688241
2.308097,7.687440
2.308507,7.686639
2.308917,7.685836
2.309327,7.685034
2.309737,7.684231
2.310147,7.683427
2.310557,7.682622
2.310967,7.681818
2.311377,7.681013
2.311787,7.680207
2.312197,7.679399
2.312607,7.678592
2.313017,7.677785
2.313427,7.676977
2.313837,7.676168
2.314247,7.675359
2.314657,7.674550
2.315067,7.673739
2.315477,7.672927
2.315887,7.672117
2.316297,7.671303
2.316707,7.670492
2.317117,7.669679
2.317527,7.668865
2.317937,7.668051
2.318347,7.667237
2.318757,7.666421
2.319167,7.665605
2.319577,7.664788
2.319987,7.663971
2.320397,7.663154
2.320807,7.662336
2.321217,7.661517
2.321627,7.660697
2.322037,7.659877
2.322447,7.659057
2.322857,7.658236
2.323267,7.657414
2.323677,7.656591
2.324087,7.655769
2.324497,7.654946
2.324907,7.654122
2.325318,7.653297
2.325728,7.652472
2.326138,7.651647
2.326548,7.650821
2.326958,7.649993
2.327368,7.649168
2.327778,7.648339
2.328188,7.647510
2.328598,7.646681
2.329008,7.645851
2.329418,7.645021
2.329828,7.644190
2.330238,7.643360
2.330648,7.642527
2.331058,7.641694
2.331468,7.640862
2.331878,7.640028
2.332288,7.639193
2.332698,7.638359
2.333108,7.637523
2.333518,7.636687
2.333928,7.635850
2.334338,7.635013
2.334748,7.634175
2.335158,7.633337
2.335568,7.632498
2.335978,7.631659
2.336388,7.630817
2.336798,7.629977
2.337208,7.629137
2.337618,7.628294
2.338028,7.627451
2.338438,7.626608
2.338848,7.625765
2.339258,7.624920
2.339668,7.624075
2.340078,7.623230
2.340488,7.622385
2.340898,7.621537
2.341308,7.620690
2.341718,7.619843
2.342128,7.618993
2.342538,7.618144
2.342948,7.617295
2.343358,7.616445
2.343768,7.615593
2.344178,7.614743
2.344588,7.613890
2.344998,7.613037
2.345408,7.612184
2.345818,7.611330
2.346228,7.610475
2.346638,7.609621
2.347048,7.608764
2.347458,7.607908
2.347868,7.607050
2.348278,7.606194
2.348688,7.605335
2.349098,7.604476
2.349508,7.603617
2.349918,7.602757
2.350328,7.601896
2.350738,7.601036
2.351148,7.600173
2.351558,7.599310
2.351968,7.598447
2.352378,7.597583
2.352788,7.596719
2.353198,7.595853
2.353608,7.594988
2.354018,7.594122
2.354428,7.593256
2.354838,7.592388
2.355249,7.591520
2.355659,7.590651
2.356069,7.589781
2.356479,7.588912
2.356889,7.588040
2.357299,7.587170
2.357709,7.586298
2.358119,7.585426
2.358529,7.584552
2.358939,7.583679
2.359349,7.582804
2.359759,7.581929
2.360169,7.581053
2.360579,7.580178
2.360989,7.579300
2.361399,7.578423
2.361809,7.577544
2.362219,7.576665
2.362629,7.575786
2.363039,7.574907
2.363449,7.574025
2.363859,7.573144
2.364269,7.572262
2.364679,7.571380
2.365089,7.570496
2.365499,7.569612
2.365909,7.568727
2.366319,7.567843
2.366729,7.566957
2.367139,7.566071
2.367549,7.565183
2.367959,7.564296
2.368369,7.563407
2.368779,7.562518
2.369189,7.561628
2.369599,7.560738
2.370009,7.559847
2.370419,7.558955
2.370829,7.558062
2.371239,7.557169
2.371649,7.556276
2.372059,7.555382
2.372469,7.554486
2.372879,7.553591
2.373289,7.552695
2.373699,7.551798
2.374109,7.550900
2.374519,7.550002
2.374929,7.549103
2.375339,7.548203
2.375749,7.547304
2.376159,7.546402
2.376569,7.545500
2.376979,7.544599
2.377389,7.543696
2.377799,7.542792
2.378209,7.541888
2.378619,7.540983
2.379029,7.540077
2.379439,7.539172
2.379849,7.538264
2.380259,7.537358
2.380669,7.536449
2.381079,7.535540
2.381489,7.534630
2.381899,7.533720
2.382309,7.532810
2.382719,7.531898
2.383129,7.530985
2.383539,7.530073
2.383949,7.529159
2.384359,7.528245
2.384769,7.527331
2.385180,7.526413
2.385590,7.525498
2.386000,7.524580
2.386410,7.523663
2.386820,7.522745
2.387230,7.521827
2.387640,7.520907
2.388050,7.519986
2.388460,7.519065
2.388870,7.518143
2.389280,7.517220
2.389690,7.516298
2.390100,7.515374
2.390510,7.514450
2.390920,7.513525
2.391330,7.512598
2.391740,7.511672
2.392150,7.510746
2.392560,7.509817
2.392970,7.508889
2.393380,7.507960
2.393790,7.507029
2.394200,7.506098
2.394610,7.505166
2.395020,7.504235
2.395430,7.503302
2.395840,7.502368
2.396250,7.501434
2.396660,7.500500
2.397070,7.499564
2.397480,7.498627
2.397890,7.497691
2.398300,7.496752
2.398710,7.495813
2.399120,7.494875
2.399530,7.493935
2.399940,7.492995
2.400350,7.492054
2.400760,7.491112
2.401170,7.490168
2.401580,7.489226
2.401990,7.488281
2.402400,7.487338
2.402810,7.486392
2.403220,7.485445
2.403630,7.484499
2.404040,7.483551
2.404450,7.482603
2.404860,7.481653
2.405270,7.480704
2.405680,7.479753
2.406090,7.478802
2.406500,7.477850
2.406910,7.476898
2.407320,7.475944
2.407730,7.474990
2.408140,7.474036
2.408550,7.473080
2.408960,7.472124
2.409370,7.471167
2.409780,7.470210
2.410190,7.469251
2.410600,7.468291
2.411010,7.467331
2.411420,7.466372
2.411830,7.465410
2.412240,7.464448
2.412650,7.463485
2.413060,7.462522
2.413470,7.461557
2.413880,7.460594
2.414290,7.459628
2.414700,7.458661
2.415111,7.457694
2.415521,7.456727
2.415931,7.455757
2.416341,7.454789
2.416751,7.453817
2.417161,7.452847
2.417571,7.451876
2.417981,7.450902
2.418391,7.449931
2.418801,7.448956
2.419211,7.447981
2.419621,7.447007
2.420031,7.446031
2.420441,7.445055
2.420851,7.444076
2.421261,7.443099
2.421671,7.442120
2.422081,7.441140
2.422491,7.440158
2.422901,7.439177
2.423311,7.438196
2.423721,7.437212
2.424131,7.436229
2.424541,7.435246
2.424951,7.434260
2.425361,7.433275
2.425771,7.432288
2.426181,7.431301
2.426591,7.430313
2.427001,7.429324
2.427411,7.428334
2.427821,7.427344
2.428231,7.426353
2.428641,7.425363
2.429051,7.424369
2.429461,7.423377
2.429871,7.422382
2.430281,7.421387
2.430691,7.420392
2.431101,7.419395
2.431511,7.418398
2.431921,7.417400
2.432331,7.416403
2.432741,7.415401
2.433151,7.414402
2.433561,7.413402
2.433971,7.412400
2.434381,7.411397
2.434791,7.410394
2.435201,7.409390
2.435611,7.408385
2.436021,7.407379
2.436431,7.406374
2.436841,7.405365
2.437251,7.404357
2.437661,7.403348
2.438071,7.402339
2.438481,7.401330
2.438891,7.400318
2.439301,7.399306
2.439711,7.398294
2.440121,7.397281
2.440531,7.396266
2.440941,7.395251
2.441351,7.394236
2.441761,7.393219
2.442171,7.392202
2.442581,7.391184
2.442991,7.390165
2.443401,7.389146
2.443811,7.388125
2.444221,7.387103
2.444631,7.386081
2.445042,7.385059
2.445452,7.384035
2.445862,7.383011
2.446272,7.381984
2.446682,7.380960
2.447092,7.379932
2.447502,7.378906
2.447912,7.377877
2.448322,7.376847
2.448732,7.375818
2.449142,7.374786
2.449552,7.373755
2.449962,7.372722
2.450372,7.371689
2.450782,7.370656
2.451192,7.369620
2.451602,7.368585
2.452012,7.367548
2.452422,7.366511
2.452832,7.365473
2.453242,7.364434
2.453652,7.363394
2.454062,7.362355
2.454472,7.361313
2.454882,7.360271
2.455292,7.359228
2.455702,7.358184
2.456112,7.357140
2.456522,7.356094
2.456932,7.355049
2.457342,7.354002
2.457752,7.352953
2.458162,7.351904
2.458572,7.350856
2.458982,7.349805
2.459392,7.348754
2.459802,7.347703
2.460212,7.346650
2.460622,7.345596
2.461032,7.344541
2.461442,7.343486
2.461852,7.342430
2.462262,7.341373
2.462672,7.340316
2.463082,7.339258
2.463492,7.338199
2.463902,7.337138
2.464312,7.336078
2.464722,7.335016
2.465132,7.333953
2.465542,7.332890
2.465952,7.331825
2.466362,7.330760
2.466772,7.329693
2.467182,7.328627
2.467592,7.327559
2.468002,7.326491
2.468412,7.325421
2.468822,7.324352
2.469232,7.323280
2.469642,7.322207
2.470052,7.321136
2.470462,7.320063
2.470872,7.318987
2.471282,7.317913
2.471692,7.316836
2.472102,7.315759
2.472512,7.314681
2.472922,7.313602
2.473332,7.312524
2.473742,7.311443
2.474152,7.310361
2.474562,7.309281
2.474972,7.308197
2.475383,7.307113
2.475793,7.306029
2.476203,7.304943
2.476613,7.303857
2.477023,7.302770
2.477433,7.301682
2.477843,7.300594
2.478253,7.299503
2.478663,7.298412
2.479073,7.297321
2.479483,7.296229
2.479893,7.295135
2.480303,7.294042
2.480713,7.292947
2.481123,7.291851
2.481533,7.290754
2.481943,7.289657
2.482353,7.288558
2.482763,7.287458
2.483173,7.286359
2.483583,7.285258
2.483993,7.284156
2.484403,7.283052
2.484813,7.281950
2.485223,7.280846
2.485633,7.279739
2.486043,7.278634
2.486453,7.277527
2.486863,7.276418
2.487273,7.275309
2.487683,7.274200
2.488093,7.273089
2.488503,7.271977
2.488913,7.270865
2.489323,7.269752
2.489733,7.268638
2.490143,7.267522
2.490553,7.266408
2.490963,7.265289
2.491373,7.264171
2.491783,7.263053
2.492193,7.261934
2.492603,7.260814
2.493013,7.259693
2.493423,7.258571
2.493833,7.257448
2.494243,7.256323
2.494653,7.255198
2.495063,7.254073
2.495473,7.252946
2.495883,7.251818
2.496293,7.250690
2.496703,7.249560
2.497113,7.248430
2.497523,7.247299
2.497933,7.246167
2.498343,7.245035
2.498753,7.243902
2.499163,7.242766
2.499573,7.241629
2.499983,7.240493
2.500393,7.239356
2.500803,7.238218
2.501213,7.237079
2.501623,7.235938
2.502033,7.234797
2.502443,7.233655
2.502853,7.232512
2.503263,7.231369
2.503673,7.230224
2.504083,7.229078
2.504493,7.227931
2.504903,7.226783
2.505314,7.225635
2.505724,7.224487
2.506134,7.223335
2.506544,7.222185
2.506954,7.221032
2.507364,7.219879
2.507774,7.218725
2.508184,7.217570
2.508594,7.216415
2.509004,7.215258
2.509414,7.214100
2.509824,7.212943
2.510234,7.211782
2.510644,7.210622
2.511054,7.209461
2.511464,7.208298
2.511874,7.207136
2.512284,7.205971
2.512694,7.204806
2.513104,7.203640
2.513514,7.202473
2.513924,7.201304
2.514334,7.200137
2.514744,7.198967
2.515154,7.197795
2.515564,7.196624
2.515974,7.195452
2.516384,7.194277
2.516794,7.193103
2.517204,7.191929
2.517614,7.190752
2.518024,7.189574
2.518434,7.188396
2.518844,7.187218
2.519254,7.186038
2.519664,7.184855
2.520074,7.183674
2.520484,7.182491
2.520894,7.181307
2.521304,7.180122
2.521714,7.178936
2.522124,7.177749
2.522534,7.176562
2.522944,7.175373
2.523354,7.174183
2.523764,7.172993
2.524174,7.171802
2.524584,7.170609
2.524994,7.169416
2.525404,7.168221
2.525814,7.167024
2.526224,7.165828
2.526634,7.164631
2.527044,7.163434
2.527454,7.162235
2.527864,7.161033
2.528274,7.159833
2.528684,7.158630
2.529094,7.157428
2.529504,7.156223
2.529914,7.155017
2.530324,7.153812
2.530734,7.152605
2.531144,7.151397
2.531554,7.150188
2.531964,7.148978
2.532374,7.147767
2.532784,7.146554
2.533194,7.145341
2.533604,7.144128
2.534014,7.142914
2.534424,7.141697
2.534834,7.140481
2.535245,7.139263
2.535655,7.138044
2.536065,7.136824
2.536475,7.135604
2.536885,7.134382
2.537295,7.133159
2.537705,7.131935
2.538115,7.130711
2.538525,7.129485
2.538935,7.128259
2.539345,7.127031
2.539755,7.125803
2.540165,7.124572
2.540575,7.123341
2.540985,7.122110
2.541395,7.120879
2.541805,7.119643
2.542215,7.118409
2.542625,7.117174
2.543035,7.115937
2.543445,7.114699
2.543855,7.113461
2.544265,7.112221
2.544675,7.110980
2.545085,7.109739
2.545495,7.108496
2.545905,7.107252
2.546315,7.106008
2.546725,7.104762
2.547135,7.103517
2.547545,7.102268
2.547955,7.101019
2.548365,7.099770
2.548775,7.098518
2.549185,7.097267
2.549595,7.096014
2.550005,7.094761
2.550415,7.093505
2.550825,7.092249
2.551235,7.090994
2.551645,7.089735
2.552055,7.088477
2.552465,7.087217
2.552875,7.085956
2.553285,7.084694
2.553695,7.083431
2.554105,7.082166
2.554515,7.080902
2.554925,7.079636
2.555335,7.078370
2.555745,7.077101
2.556155,7.075832
2.556565,7.074561
2.556975,7.073290
2.557385,7.072019
2.557795,7.070745
2.558205,7.069469
2.558615,7.068196
2.559025,7.066919
2.559435,7.065641
2.559845,7.064364
2.560255,7.063084
2.560665,7.061803
2.561075,7.060521
2.561485,7.059240
2.561895,7.057956
2.562305,7.056671
2.562715,7.055384
2.563125,7.054099
2.563535,7.052812
2.563945,7.051522
2.564355,7.050232
2.564765,7.048940
2.565176,7.047648
2.565586,7.046355
2.565996,7.045062
2.566406,7.043766
2.566816,7.042471
2.567226,7.041173
2.567636,7.039875
2.568046,7.038576
2.568456,7.037275
2.568866,7.035975
2.569276,7.034672
2.569686,7.033368
2.570096,7.032063
2.570506,7.030758
2.570916,7.029450
2.571326,7.028142
2.571736,7.026834
2.572146,7.025524
2.572556,7.024213
2.572966,7.022902
2.573376,7.021588
2.573786,7.020274
2.574196,7.018958
2.574606,7.017643
2.575016,7.016325
2.575426,7.015007
2.575836,7.013687
2.576246,7.012367
2.576656,7.011045
2.577066,7.009721
2.577476,7.008398
2.577886,7.007074
2.578296,7.005746
2.578706,7.004420
2.579116,7.003092
2.579526,7.001762
2.579936,7.000432
2.580346,6.999100
2.580756,6.997769
2.581166,6.996435
2.581576,6.995100
2.581986,6.993765
2.582396,6.992428
2.582806,6.991089
2.583216,6.989750
2.583626,6.988411
2.584036,6.987069
2.584446,6.985727
2.584856,6.984383
2.585266,6.983039
2.585676,6.981694
2.586086,6.980346
2.586496,6.978999
2.586906,6.977650
2.587316,6.976299
2.587726,6.974949
2.588136,6.973597
2.588546,6.972244
2.588956,6.970889
2.589366,6.969534
2.589776,6.968178
2.590186,6.966820
2.590596,6.965461
2.591006,6.964101
2.591416,6.962740
2.591826,6.961379
2.592236,6.960015
2.592646,6.958650
2.593056,6.957285
2.593466,6.955918
2.593876,6.954551
2.594286,6.953183
2.594696,6.951812
2.595107,6.950440
2.595517,6.949069
2.595927,6.947696
2.596337,6.946321
2.596747,6.944948
2.597157,6.943570
2.597567,6.942193
2.597977,6.940813
2.598387,6.939434
2.598797,6.938052
2.599207,6.936670
2.599617,6.935286
2.600027,6.933903
2.600437,6.932517
2.600847,6.931131
2.601257,6.929743
2.601667,6.928354
2.602077,6.926964
2.602487,6.925572
2.602897,6.924181
2.603307,6.922787
2.603717,6.921392
2.604127,6.919996
2.604537,6.918600
2.604947,6.917201
2.605357,6.915802
2.605767,6.914402
2.606177,6.913001
2.606587,6.911598
2.606997,6.910193
2.607407,6.908790
2.607817,6.907383
2.608227,6.905977
2.608637,6.904568
2.609047,6.903160
2.609457,6.901748
2.609867,6.900337
2.610277,6.898924
2.610687,6.897511
2.611097,6.896095
2.611507,6.894680
2.611917,6.893261
2.612327,6.891842
2.612737,6.890423
2.613147,6.889002
2.613557,6.887580
2.613967,6.886157
2.614377,6.884732
2.614787,6.883307
2.615197,6.881881
2.615607,6.880453
2.616017,6.879024
2.616427,6.877594
2.616837,6.876163
2.617247,6.874730
2.617657,6.873297
2.618067,6.871861
2.618477,6.870426
2.618887,6.868989
2.619297,6.867551
2.619707,6.866111
2.620117,6.864669
2.620527,6.863229
2.620937,6.861786
2.621347,6.860341
2.621757,6.858896
2.622167,6.857450
2.622577,6.856002
2.622987,6.854554
2.623397,6.853103
2.623807,6.851654
2.624217,6.850200
2.624627,6.848746
2.625038,6.847291
2.625448,6.845836
2.625858,6.844379
2.626268,6.842921
2.626678,6.841461
2.627088,6.840001
2.627498,6.838539
2.627908,6.837076
2.628318,6.835612
2.628728,6.834146
2.629138,6.832680
2.629548,6.831213
2.629958,6.829744
2.630368,6.828273
2.630778,6.826802
2.631188,6.825329
2.631598,6.823856
2.632008,6.822381
2.632418,6.820906
2.632828,6.819427
2.633238,6.817949
2.633648,6.816470
2.634058,6.814990
2.634468,6.813507
2.634878,6.812024
2.635288,6.810539
2.635698,6.809054
2.636108,6.807567
2.636518,6.806079
2.636928,6.804590
2.637338,6.803099
2.637748,6.801608
2.638158,6.800116
2.638568,6.798623
2.638978,6.797126
2.639388,6.795630
2.639798,6.794133
2.640208,6.792633
2.640618,6.791133
2.641028,6.789633
2.641438,6.788129
2.641848,6.786625
2.642258,6.785120
2.642668,6.783615
2.643078,6.782108
2.643488,6.780599
2.643898,6.779090
2.644308,6.777579
2.644718,6.776067
2.645128,6.774552
2.645538,6.773039
2.645948,6.771523
2.646358,6.770006
2.646768,6.768487
2.647178,6.766969
2.647588,6.765447
2.647998,6.763925
2.648408,6.762403
2.648818,6.760879
2.649228,6.759353
2.649638,6.757826
2.650048,6.756298
2.650458,6.754768
2.650868,6.753238
2.651278,6.751708
2.651688,6.750173
2.652098,6.748640
2.652508,6.747104
2.652918,6.745568
2.653328,6.744030
2.653738,6.742490
2.654148,6.740950
2.654558,6.739408
2.654968,6.737865
2.655379,6.736321
2.655789,6.734777
2.656199,6.733231
2.656609,6.731682
2.657019,6.730134
2.657429,6.728584
2.657839,6.727031
2.658249,6.725479
2.658659,6.723926
2.659069,6.722370
2.659479,6.720813
2.659889,6.719256
2.660299,6.717697
2.660709,6.716136
2.661119,6.714575
2.661529,6.713013
2.661939,6.711450
2.662349,6.709884
2.662759,6.708318
2.663169,6.706751
2.663579,6.705181
2.663989,6.703611
2.664399,6.702039
2.664809,6.700468
2.665219,6.698893
2.665629,6.697318
2.666039,6.695741
2.666449,6.694164
2.666859,6.692585
2.667269,6.691004
2.667679,6.689423
2.668089,6.687841
2.668499,6.686256
2.668909,6.684671
2.669319,6.683086
2.669729,6.681498
2.670139,6.679907
2.670549,6.678318
2.670959,6.676726
2.671369,6.675134
2.671779,6.673539
2.672189,6.671944
2.672599,6.670347
2.673009,6.668750
2.673419,6.667152
2.673829,6.665551
2.674239,6.663949
2.674649,6.662345
2.675059,6.660742
2.675469,6.659137
2.675879,6.657529
2.676289,6.655921
2.676699,6.654312
2.677109,6.652703
2.677519,6.651090
2.677929,6.649477
2.678339,6.647863
2.678749,6.646247
2.679159,6.644630
2.679569,6.643013
2.679979,6.641393
2.680389,6.639771
2.680799,6.638150
2.681209,6.636528
2.681619,6.634902
2.682029,6.633276
2.682439,6.631650
2.682849,6.630021
2.683259,6.628391
2.683669,6.626760
2.684079,6.625129
2.684489,6.623495
2.684899,6.621860
2.685310,6.620225
2.685720,6.618586
2.686130,6.616948
2.686540,6.615307
2.686950,6.613667
2.687360,6.612024
2.687770,6.610381
2.688180,6.608736
2.688590,6.607090
2.689000,6.605442
2.689410,6.603793
2.689820,6.602144
2.690230,6.600491
2.690640,6.598838
2.691050,6.597184
2.691460,6.595530
2.691870,6.593872
2.692280,6.592213
2.692690,6.590555
2.693100,6.588894
2.693510,6.587233
2.693920,6.585569
2.694330,6.583906
2.694740,6.582240
2.695150,6.580572
2.695560,6.578905
2.695970,6.577235
2.696380,6.575563
2.696790,6.573889
2.697200,6.572218
2.697610,6.570543
2.698020,6.568866
2.698430,6.567189
2.698840,6.565511
2.699250,6.563830
2.699660,6.562148
2.700070,6.560467
2.700480,6.558783
2.700890,6.557097
2.701300,6.555410
2.701710,6.553723
2.702120,6.552033
2.702530,6.550342
2.702940,6.548651
2.703350,6.546958
2.703760,6.545264
2.704170,6.543568
2.704580,6.541872
2.704990,6.540173
2.705400,6.538474
2.705810,6.536771
2.706220,6.535071
2.706630,6.533367
2.707040,6.531662
2.707450,6.529956
2.707860,6.528249
2.708270,6.526539
2.708680,6.524829
2.709090,6.523118
2.709500,6.521405
2.709910,6.519691
2.710320,6.517976
2.710730,6.516260
2.711140,6.514541
2.711550,6.512822
2.711960,6.511102
2.712370,6.509379
2.712780,6.507657
2.713190,6.505930
2.713600,6.504206
2.714010,6.502478
2.714420,6.500749
2.714830,6.499021
2.715241,6.497288
2.715651,6.495556
2.716061,6.493823
2.716471,6.492088
2.716881,6.490351
2.717291,6.488614
2.717701,6.486875
2.718111,6.485133
2.718521,6.483392
2.718931,6.481648
2.719341,6.479904
2.719751,6.478158
2.720161,6.476411
2.720571,6.474662
2.720981,6.472914
2.721391,6.471163
2.721801,6.469410
2.722211,6.467658
2.722621,6.465901
2.723031,6.464145
2.723441,6.462388
2.723851,6.460629
2.724261,6.458869
2.724671,6.457106
2.725081,6.455346
2.725491,6.453581
2.725901,6.451815
2.726311,6.450047
2.726721,6.448280
2.727131,6.446510
2.727541,6.444739
2.727951,6.442966
2.728361,6.441195
2.728771,6.439419
2.729181,6.437643
2.729591,6.435866
2.730001,6.434086
2.730411,6.432307
2.730821,6.430524
2.731231,6.428742
2.731641,6.426959
2.732051,6.425172
2.732461,6.423387
2.732871,6.421597
2.733281,6.419807
2.733691,6.418017
2.734101,6.416225
2.734511,6.414432
2.734921,6.412637
2.735331,6.410841
2.735741,6.409043
2.736151,6.407245
2.736561,6.405444
2.736971,6.403643
2.737381,6.401840
2.737791,6.400035
2.738201,6.398229
2.738611,6.396424
2.739021,6.394616
2.739431,6.392806
2.739841,6.390995
2.740251,6.389184
2.740661,6.387368
2.741071,6.385555
2.741481,6.383739
2.741891,6.381921
2.742301,6.380101
2.742711,6.378282
2.743121,6.376461
2.743531,6.374638
2.743941,6.372813
2.744351,6.370989
2.744761,6.369162
2.745172,6.367333
2.745582,6.365502
2.745992,6.363673
2.746402,6.361841
2.746812,6.360007
2.747222,6.358172
2.747632,6.356337
2.748042,6.354497
2.748452,6.352659
2.748862,6.350820
2.749272,6.348978
2.749682,6.347134
2.750092,6.345292
2.750502,6.343446
2.750912,6.341598
2.751322,6.339750
2.751732,6.337902
2.752142,6.336051
2.752552,6.334198
2.752962,6.332343
2.753372,6.330489
2.753782,6.328632
2.754192,6.326775
2.754602,6.324916
2.755012,6.323056
2.755422,6.321195
2.755832,6.319330
2.756242,6.317467
2.756652,6.315602
2.757062,6.313735
2.757472,6.311867
2.757882,6.309998
2.758292,6.308127
2.758702,6.306253
2.759112,6.304379
2.759522,6.302505
2.759932,6.300629
2.760342,6.298750
2.760752,6.296872
2.761162,6.294991
2.761572,6.293111
2.761982,6.291228
2.762392,6.289343
2.762802,6.287458
2.763212,6.285570
2.763622,6.283682
2.764032,6.281793
2.764442,6.279901
2.764852,6.278010
2.765262,6.276117
2.765672,6.274221
2.766082,6.272324
2.766492,6.270428
2.766902,6.268528
2.767312,6.266628
2.767722,6.264725
2.768132,6.262824
2.768542,6.260919
2.768952,6.259012
2.769362,6.257107
2.769772,6.255198
2.770182,6.253289
2.770592,6.251377
2.771002,6.249465
2.771412,6.247551
2.771822,6.245636
2.772232,6.243720
2.772642,6.241803
2.773052,6.239883
2.773462,6.237963
2.773872,6.236042
2.774282,6.234118
2.774692,6.232193
2.775103,6.230267
2.775513,6.228341
2.775923,6.226413
2.776333,6.224483
2.776743,6.222553
2.777153,6.220621
2.777563,6.218687
2.777973,6.216752
2.778383,6.214816
2.778793,6.212878
2.779203,6.210939
2.779613,6.208999
2.780023,6.207058
2.780433,6.205115
2.780843,6.203170
2.781253,6.201226
2.781663,6.199278
2.782073,6.197329
2.782483,6.195380
2.782893,6.193430
2.783303,6.191477
2.783713,6.189523
2.784123,6.187570
2.784533,6.185613
2.784943,6.183656
2.785353,6.181696
2.785763,6.179738
2.786173,6.177775
2.786583,6.175812
2.786993,6.173849
2.787403,6.171883
2.787813,6.169915
2.788223,6.167947
2.788633,6.165980
2.789043,6.164008
2.789453,6.162036
2.789863,6.160062
2.790273,6.158088
2.790683,6.156113
2.791093,6.154134
2.791503,6.152156
2.791913,6.150177
2.792323,6.148194
2.792733,6.146212
2.793143,6.144228
2.793553,6.142243
2.793963,6.140257
2.794373,6.138268
2.794783,6.136281
2.795193,6.134289
2.795603,6.132298
2.796013,6.130305
2.796423,6.128311
2.796833,6.126314
2.797243,6.124318
2.797653,6.122321
2.798063,6.120320
2.798473,6.118319
2.798883,6.116318
2.799293,6.114314
2.799703,6.112308
2.800113,6.110304
2.800523,6.108294
2.800933,6.106287
2.801343,6.104276
2.801753,6.102266
2.802163,6.100252
2.802573,6.098238
2.802983,6.096223
2.803393,6.094207
2.803803,6.092188
2.804213,6.090170
2.804623,6.088149
2.805034,6.086128
2.805444,6.084105
2.805854,6.082080
2.806264,6.080056
2.806674,6.078028
2.807084,6.075999
2.807494,6.073968
2.807904,6.071939
2.808314,6.069907
2.808724,6.067873
2.809134,6.065840
2.809544,6.063804
2.809954,6.061766
2.810364,6.059727
2.810774,6.057689
2.811184,6.055647
2.811594,6.053604
2.812004,6.051559
2.812414,6.049515
2.812824,6.047469
2.813234,6.045420
2.813644,6.043373
2.814054,6.041323
2.814464,6.039270
2.814874,6.037218
2.815284,6.035164
2.815694,6.033109
2.816104,6.031053
2.816514,6.028996
2.816924,6.026937
2.817334,6.024875
2.817744,6.022813
2.818154,6.020751
2.818564,6.018687
2.818974,6.016621
2.819384,6.014554
2.819794,6.012487
2.820204,6.010417
2.820614,6.008347
2.821024,6.006275
2.821434,6.004202
2.821844,6.002128
2.822254,6.000052
2.822664,5.997973
2.823074,5.995897
2.823484,5.993818
2.823894,5.991738
2.824304,5.989655
2.824714,5.987571
2.825124,5.985486
2.825534,5.983401
2.825944,5.981315
2.826354,5.979226
2.826764,5.977137
2.827174,5.975045
2.827584,5.972954
2.827994,5.970860
2.828404,5.968766
2.828814,5.966671
2.829224,5.964573
2.829634,5.962473
2.830044,5.960376
2.830454,5.958274
2.830864,5.956172
2.831274,5.954070
2.831684,5.951966
2.832094,5.949859
2.832504,5.947751
2.832914,5.945644
2.833324,5.943534
2.833734,5.941424
2.834144,5.939313
2.834554,5.937200
2.834964,5.935084
2.835375,5.932969
2.835785,5.930853
2.836195,5.928733
2.836605,5.926613
2.837015,5.924493
2.837425,5.922372
2.837835,5.920247
2.838245,5.918124
2.838655,5.915998
2.839065,5.913871
2.839475,5.911745
2.839885,5.909615
2.840295,5.907484
2.840705,5.905353
2.841115,5.903220
2.841525,5.901087
2.841935,5.898952
2.842345,5.896813
2.842755,5.894676
2.843165,5.892539
2.843575,5.890398
2.843985,5.888257
2.844395,5.886114
2.844805,5.883970
2.845215,5.881825
2.845625,5.879679
2.846035,5.877532
2.846445,5.875383
2.846855,5.873232
2.847265,5.871081
2.847675,5.868930
2.848085,5.866776
2.848495,5.864621
2.848905,5.862466
2.849315,5.860308
2.849725,5.858150
2.850135,5.855990
2.850545,5.853831
2.850955,5.851669
2.851365,5.849505
2.851775,5.847341
2.852185,5.845177
2.852595,5.843010
2.853005,5.840842
2.853415,5.838673
2.853825,5.836504
2.854235,5.834333
2.854645,5.832160
2.855055,5.829987
2.855465,5.827812
2.855875,5.825635
2.856285,5.823459
2.856695,5.821280
2.857105,5.819100
2.857515,5.816919
2.857925,5.814738
2.858335,5.812555
2.858745,5.810369
2.859155,5.808186
2.859565,5.806000
2.859975,5.803812
2.860385,5.801622
2.860795,5.799434
2.861205,5.797242
2.861615,5.795050
2.862025,5.792856
2.862435,5.790662
2.862845,5.788466
2.863255,5.786269
2.863665,5.784072
2.864075,5.781872
2.864485,5.779672
2.864895,5.777470
2.865306,5.775269
2.865716,5.773065
2.866126,5.770859
2.866536,5.768653
2.866946,5.766446
2.867356,5.764238
2.867766,5.762028
2.868176,5.759819
2.868586,5.757607
2.868996,5.755393
2.869406,5.753179
2.869816,5.750965
2.870226,5.748749
2.870636,5.746531
2.871046,5.744314
2.871456,5.742095
2.871866,5.739872
2.872276,5.737649
2.872686,5.735429
2.873096,5.733206
2.873506,5.730979
2.873916,5.728752
2.874326,5.726527
2.874736,5.724298
2.875146,5.722068
2.875556,5.719838
2.875966,5.717605
2.876376,5.715373
2.876786,5.713139
2.877196,5.710904
2.877606,5.708668
2.878016,5.706432
2.878426,5.704194
2.878836,5.701953
2.879246,5.699712
2.879656,5.697471
2.880066,5.695229
2.880476,5.692985
2.880886,5.690740
2.881296,5.688494
2.881706,5.686248
2.882116,5.684000
2.882526,5.681749
2.882936,5.679500
2.883346,5.677249
2.883756,5.674996
2.884166,5.672743
2.884576,5.670490
2.884986,5.668233
2.885396,5.665977
2.885806,5.663720
2.886216,5.661461
2.886626,5.659201
2.887036,5.656939
2.887446,5.654680
2.887856,5.652415
2.888266,5.650152
2.888676,5.647887
2.889086,5.645622
2.889496,5.643353
2.889906,5.641086
2.890316,5.638816
2.890726,5.636549
2.891136,5.634275
2.891546,5.632001
2.891956,5.629731
2.892366,5.627456
2.892776,5.625182
2.893186,5.622906
2.893596,5.620628
2.894006,5.618349
2.894416,5.616069
2.894826,5.613791
2.895237,5.611507
2.895647,5.609225
2.896057,5.606940
2.896467,5.604657
2.896877,5.602372
2.897287,5.600085
2.897697,5.597798
2.898107,5.595510
2.898517,5.593220
2.898927,5.590930
2.899337,5.588638
2.899747,5.586347
2.900157,5.584052
2.900567,5.581758
2.900977,5.579463
2.901387,5.577168
2.901797,5.574868
2.902207,5.572571
2.902617,5.570271
2.903027,5.567970
2.903437,5.565669
2.903847,5.563367
2.904257,5.561065
2.904667,5.558761
2.905077,5.556455
2.905487,5.554148
2.905897,5.551842
2.906307,5.549532
2.906717,5.547225
2.907127,5.544914
2.907537,5.542604
2.907947,5.540292
2.908357,5.537979
2.908767,5.535666
2.909177,5.533350
2.909587,5.531035
2.909997,5.528718
2.910407,5.526401
2.910817,5.524081
2.911227,5.521762
2.911637,5.519441
2.912047,5.517121
2.912457,5.514800
2.912867,5.512476
2.913277,5.510151
2.913687,5.507826
2.914097,5.505500
2.914507,5.503175
2.914917,5.500846
2.915327,5.498518
2.915737,5.496189
2.916147,5.493857
2.916557,5.491525
2.916967,5.489194
2.917377,5.486860
2.917787,5.484527
2.918197,5.482193
2.918607,5.479856
2.919017,5.477519
2.919427,5.475182
2.919837,5.472844
2.920247,5.470504
2.920657,5.468163
2.921067,5.465821
2.921477,5.463480
2.921887,5.461139
2.922297,5.458793
2.922707,5.456449
2.923117,5.454103
2.923527,5.451756
2.923937,5.449409
2.924347,5.447062
2.924757,5.444713
2.925168,5.442362
2.925578,5.440012
2.925988,5.437661
2.926398,5.435307
2.926808,5.432953
2.927218,5.430600
2.927628,5.428246
2.928038,5.425889
2.928448,5.423532
2.928858,5.421176
2.929268,5.418817
2.929678,5.416456
2.930088,5.414099
2.930498,5.411736
2.930908,5.409376
2.931318,5.407012
2.931728,5.404649
2.932138,5.402284
2.932548,5.399919
2.932958,5.397555
2.933368,5.395187
2.933778,5.392821
2.934188,5.390452
2.934598,5.388084
2.935008,5.385714
2.935418,5.383344
2.935828,5.380971
2.936238,5.378601
2.936648,5.376226
2.937058,5.373853
2.937468,5.371479
2.937878,5.369104
2.938288,5.366724
2.938698,5.364348
2.939108,5.361972
2.939518,5.359594
2.939928,5.357213
2.940338,5.354834
2.940748,5.352453
2.941158,5.350073
2.941568,5.347689
2.941978,5.345307
2.942388,5.342924
2.942798,5.340539
2.943208,5.338153
2.943618,5.335769
2.944028,5.333382
2.944438,5.330992
2.944848,5.328605
2.945258,5.326216
2.945668,5.323826
2.946078,5.321434
2.946488,5.319045
2.946898,5.316653
2.947308,5.314260
2.947718,5.311867
2.948128,5.309473
2.948538,5.307075
2.948948,5.304682
2.949358,5.302287
2.949768,5.299888
2.950178,5.297493
2.950588,5.295092
2.950998,5.292694
2.951408,5.290295
2.951818,5.287892
2.952228,5.285493
2.952638,5.283091
2.953048,5.280688
2.953458,5.278284
2.953868,5.275880
2.954278,5.273476
2.954688,5.271072
2.955099,5.268665
2.955509,5.266258
2.955919,5.263850
2.956329,5.261443
2.956739,5.259036
2.957149,5.256626
2.957559,5.254215
2.957969,5.251803
2.958379,5.249393
2.958789,5.246980
2.959199,5.244569
2.959609,5.242156
2.960019,5.239742
2.960429,5.237328
2.960839,5.234911
2.961249,5.232498
2.961659,5.230080
2.962069,5.227663
2.962479,5.225246
2.962889,5.222827
2.963299,5.220407
2.963709,5.217988
2.964119,5.215567
2.964529,5.213147
2.964939,5.210724
2.965349,5.208303
2.965759,5.205881
2.966169,5.203458
2.966579,5.201033
2.966989,5.198610
2.967399,5.196185
2.967809,5.193760
2.968219,5.191331
2.968629,5.188906
2.969039,5.186479
2.969449,5.184051
2.969859,5.181623
2.970269,5.179193
2.970679,5.176764
2.971089,5.174333
2.971499,5.171903
2.971909,5.169470
2.972319,5.167040
2.972729,5.164605
2.973139,5.162174
2.973549,5.159740
2.973959,5.157307
2.974369,5.154872
2.974779,5.152437
2.975189,5.150001
2.975599,5.147563
2.976009,5.145126
2.976419,5.142690
2.976829,5.140251
2.977239,5.137813
2.977649,5.135375
2.978059,5.132935
2.978469,5.130495
2.978879,5.128054
2.979289,5.125613
2.979699,5.123171
2.980109,5.120730
2.980519,5.118288
2.980929,5.115844
2.981339,5.113400
2.981749,5.110957
2.982159,5.108511
2.982569,5.106066
2.982979,5.103620
2.983389,5.101175
2.983799,5.098728
2.984209,5.096282
2.984619,5.093834
2.985030,5.091386
2.985440,5.088936
2.985850,5.086489
2.986260,5.084039
2.986670,5.081589
2.987080,5.079138
2.987490,5.076687
2.987900,5.074238
2.988310,5.071786
2.988720,5.069334
2.989130,5.066882
2.989540,5.064428
2.989950,5.061975
2.990360,5.059520
2.990770,5.057068
2.991180,5.054610
2.991590,5.052156
2.992000,5.049702
2.992410,5.047246
2.992820,5.044788
2.993230,5.042331
2.993640,5.039875
2.994050,5.037418
2.994460,5.034958
2.994870,5.032498
2.995280,5.030041
2.995690,5.027582
2.996100,5.025122
2.996510,5.022663
2.996920,5.020203
2.997330,5.017741
2.997740,5.015279
2.998150,5.012818
2.998560,5.010356
2.998970,5.007892
2.999380,5.005431
2.999790,5.002969
3.000200,5.000504
3.000610,4.998040
3.001020,4.995576
3.001430,4.993113
3.001840,4.990647
3.002250,4.988183
3.002660,4.985717
3.003070,4.983249
3.003480,4.980783
3.003890,4.978320
3.004300,4.975852
3.004710,4.973382
3.005120,4.970915
3.005530,4.968446
3.005940,4.965979
3.006350,4.963511
3.006760,4.961043
3.007170,4.958571
3.007580,4.956102
3.007990,4.953632
3.008400,4.951165
3.008810,4.948693
3.009220,4.946221
3.009630,4.943749
3.010040,4.941278
3.010450,4.938807
3.010860,4.936335
3.011270,4.933865
3.011680,4.931390
3.012090,4.928917
3.012500,4.926444
3.012910,4.923972
3.013320,4.921497
3.013730,4.919023
3.014140,4.916549
3.014550,4.914075
3.014960,4.911601
3.015371,4.909124
3.015781,4.906650
3.016191,4.904175
3.016601,4.901697
3.017011,4.899222
3.017421,4.896747
3.017831,4.894270
3.018241,4.891792
3.018651,4.889318
3.019061,4.886839
3.019471,4.884363
3.019881,4.881885
3.020291,4.879407
3.020701,4.876930
3.021111,4.874449
3.021521,4.871973
3.021931,4.869494
3.022341,4.867014
3.022751,4.864534
3.023161,4.862056
3.023571,4.859578
3.023981,4.857097
3.024391,4.854619
3.024801,4.852138
3.025211,4.849658
3.025621,4.847177
3.026031,4.844696
3.026441,4.842215
3.026851,4.839733
3.027261,4.837253
3.027671,4.834771
3.028081,4.832292
3.028491,4.829808
3.028901,4.827328
3.029311,4.824846
3.029721,4.822363
3.030131,4.819880
3.030541,4.817401
3.030951,4.814916
3.031361,4.812433
3.031771,4.809952
3.032181,4.807467
3.032591,4.804986
3.033001,4.802502
3.033411,4.800019
3.033821,4.797535
3.034231,4.795052
3.034641,4.792567
3.035051,4.790084
3.035461,4.787600
3.035871,4.785117
3.036281,4.782634
3.036691,4.780150
3.037101,4.777665
3.037511,4.775179
3.037921,4.772695
3.038331,4.770209
3.038741,4.767725
3.039151,4.765242
3.039561,4.762757
3.039971,4.760274
3.040381,4.757786
3.040791,4.755301
3.041201,4.752816
3.041611,4.750331
3.042021,4.747845
3.042431,4.745360
3.042841,4.742877
3.043251,4.740389
3.043661,4.737904
3.044071,4.735419
3.044481,4.732934
3.044891,4.730446
3.045302,4.727962
3.045712,4.725477
3.046122,4.722992
3.046532,4.720506
3.046942,4.718019
3.047352,4.715533
3.047762,4.713049
3.048172,4.710565
3.048582,4.708078
3.048992,4.705592
3.049402,4.703105
3.049812,4.700621
3.050222,4.698134
3.050632,4.695646
3.051042,4.693162
3.051452,4.690677
3.051862,4.688190
3.052272,4.685704
3.052682,4.683219
3.053092,4.680734
3.053502,4.678246
3.053912,4.675763
3.054322,4.673276
3.054732,4.670792
3.055142,4.668304
3.055552,4.665819
3.055962,4.663333
3.056372,4.660847
3.056782,4.658362
3.057192,4.655879
3.057602,4.653391
3.058012,4.650905
3.058422,4.648422
3.058832,4.645936
3.059242,4.643451
3.059652,4.640966
3.060062,4.638481
3.060472,4.635996
3.060882,4.633510
3.061292,4.631029
3.061702,4.628543
3.062112,4.626057
3.062522,4.623573
3.062932,4.621089
3.063342,4.618604
3.063752,4.616120
3.064162,4.613636
3.064572,4.611152
3.064982,4.608667
3.065392,4.606183
3.065802,4.603702
3.066212,4.601216
3.066622,4.598734
3.067032,4.596249
3.067442,4.593768
3.067852,4.591283
3.068262,4.588800
3.068672,4.586317
3.069082,4.583836
3.069492,4.581352
3.069902,4.578869
3.070312,4.576387
3.070722,4.573906
3.071132,4.571424
3.071542,4.568941
3.071952,4.566462
3.072362,4.563978
3.072772,4.561496
3.073182,4.559017
3.073592,4.556535
3.074002,4.554054
3.074412,4.551572
3.074822,4.549094
3.075233,4.546612
3.075643,4.544132
3.076053,4.541653
3.076463,4.539173
3.076873,4.536693
3.077283,4.534213
3.077693,4.531736
3.078103,4.529255
3.078513,4.526777
3.078923,4.524297
3.079333,4.521818
3.079743,4.519339
3.080153,4.516862
3.080563,4.514386
3.080973,4.511906
3.081383,4.509431
3.081793,4.506952
3.082203,4.504476
3.082613,4.501999
3.083023,4.499522
3.083433,4.497048
3.083843,4.494570
3.084253,4.492095
3.084663,4.489620
3.085073,4.487145
3.085483,4.484669
3.085893,4.482193
3.086303,4.479720
3.086713,4.477247
3.087123,4.474772
3.087533,4.472298
3.087943,4.469824
3.088353,4.467351
3.088763,4.464877
3.089173,4.462404
3.089583,4.459934
3.089993,4.457461
3.090403,4.454987
3.090813,4.452520
3.091223,4.450045
3.091633,4.447576
3.092043,4.445104
3.092453,4.442634
3.092863,4.440164
3.093273,4.437695
3.093683,4.435225
3.094093,4.432755
3.094503,4.430286
3.094913,4.427818
3.095323,4.425352
3.095733,4.422884
3.096143,4.420414
3.096553,4.417947
3.096963,4.415479
3.097373,4.413014
3.097783,4.410546
3.098193,4.408082
3.098603,4.405616
3.099013,4.403151
3.099423,4.400686
3.099833,4.398221
3.100243,4.395758
3.100653,4.393293
3.101063,4.390831
3.101473,4.388366
3.101883,4.385902
3.102293,4.383442
3.102703,4.380979
3.103113,4.378518
3.103523,4.376055
3.103933,4.373594
3.104343,4.371135
3.104753,4.368674
3.105164,4.366214
3.105574,4.363756
3.105984,4.361296
3.106394,4.358837
3.106804,4.356378
3.107214,4.353924
3.107624,4.351463
3.108034,4.349005
3.108444,4.346550
3.108854,4.344094
3.109264,4.341638
3.109674,4.339182
3.110084,4.336726
3.110494,4.334271
3.110904,4.331818
3.111314,4.329363
3.111724,4.326912
3.112134,4.324457
3.112544,4.322005
3.112954,4.319553
3.113364,4.317102
3.113774,4.314649
3.114184,4.312197
3.114594,4.309749
3.115004,4.307299
3.115414,4.304849
3.115824,4.302403
3.116234,4.299952
3.116644,4.297504
3.117054,4.295055
3.117464,4.292609
3.117874,4.290163
3.118284,4.287715
3.118694,4.285269
3.119104,4.282825
3.119514,4.280381
3.119924,4.277935
3.120334,4.275492
3.120744,4.273047
3.121154,4.270604
3.121564,4.268162
3.121974,4.265721
3.122384,4.263280
3.122794,4.260838
3.123204,4.258400
3.123614,4.255957
3.124024,4.253517
3.124434,4.251080
3.124844,4.248640
3.125254,4.246202
3.125664,4.243764
3.126074,4.241327
3.126484,4.238890
3.126894,4.236454
3.127304,4.234018
3.127714,4.231584
3.128124,4.229150
3.128534,4.226716
3.128944,4.224281
3.129354,4.221849
3.129764,4.219418
3.130174,4.216986
3.130584,4.214555
3.130994,4.212125
3.131404,4.209694
3.131814,4.207263
3.132224,4.204835
3.132634,4.202409
3.133044,4.199979
3.133454,4.197550
3.133864,4.195125
3.134274,4.192699
3.134684,4.190273
3.135095,4.187848
3.135505,4.185423
3.135915,4.183000
3.136325,4.180577
3.136735,4.178154
3.137145,4.175731
3.137555,4.173307
3.137965,4.170888
3.138375,4.168468
3.138785,4.166047
3.139195,4.163627
3.139605,4.161211
3.140015,4.158791
3.140425,4.156372
3.140835,4.153955
3.141245,4.151541
3.141655,4.149125
3.142065,4.146710
3.142475,4.144295
3.142885,4.141881
3.143295,4.139468
3.143705,4.137055
3.144115,4.134643
3.144525,4.132232
3.144935,4.129821
3.145345,4.127410
3.145755,4.125001
3.146165,4.122592
3.146575,4.120182
3.146985,4.117775
3.147395,4.115370
3.147805,4.112960
3.148215,4.110556
3.148625,4.108150
3.149035,4.105748
3.149445,4.103342
3.149855,4.100940
3.150265,4.098537
3.150675,4.096134
3.151085,4.093732
3.151495,4.091333
3.151905,4.088933
3.152315,4.086533
3.152725,4.084137
3.153135,4.081738
3.153545,4.079340
3.153955,4.076941
3.154365,4.074548
3.154775,4.072151
3.155185,4.069757
3.155595,4.067363
3.156005,4.064970
3.156415,4.062578
3.156825,4.060185
3.157235,4.057795
3.157645,4.055406
3.158055,4.053014
3.158465,4.050624
3.158875,4.048237
3.159285,4.045848
3.159695,4.043461
3.160105,4.041076
3.160515,4.038690
3.160925,4.036304
3.161335,4.033922
3.161745,4.031539
3.162155,4.029155
3.162565,4.026773
3.162975,4.024389
3.163385,4.022012
3.163795,4.019632
3.164205,4.017251
3.164615,4.014875
3.165026,4.012496
3.165436,4.010119
3.165846,4.007741
3.166256,4.005368
3.166666,4.002991
3.167076,4.000619
3.167486,3.998247
3.167896,3.995874
3.168306,3.993502
3.168716,3.991129
3.169126,3.988762
3.169536,3.986391
3.169946,3.984019
3.170356,3.981652
3.170766,3.979286
3.171176,3.976920
3.171586,3.974553
3.171996,3.972190
3.172406,3.969823
3.172816,3.967460
3.173226,3.965096
3.173636,3.962736
3.174046,3.960376
3.174456,3.958014
3.174866,3.955657
3.175276,3.953296
3.175686,3.950939
3.176096,3.948579
3.176506,3.946227
3.176916,3.943870
3.177326,3.941516
3.177736,3.939161
3.178146,3.936806
3.178556,3.934454
3.178966,3.932102
3.179376,3.929752
3.179786,3.927403
3.180196,3.925053
3.180606,3.922702
3.181016,3.920357
3.181426,3.918010
3.181836,3.915662
3.182246,3.913317
3.182656,3.910973
3.183066,3.908629
3.183476,3.906287
3.183886,3.903943
3.184296,3.901603
3.184706,3.899263
3.185116,3.896924
3.185526,3.894585
3.185936,3.892246
3.186346,3.889908
3.186756,3.887573
3.187166,3.885238
3.187576,3.882903
3.187986,3.880571
3.188396,3.878235
3.188806,3.875905
3.189216,3.873572
3.189626,3.871243
3.190036,3.868913
3.190446,3.866583
3.190856,3.864254
3.191266,3.861928
3.191676,3.859603
3.192086,3.857277
3.192496,3.854954
3.192906,3.852628
3.193316,3.850305
3.193726,3.847984
3.194136,3.845664
3.194546,3.843341
3.194956,3.841022
3.195367,3.838705
3.195777,3.836389
3.196187,3.834070
3.196597,3.831755
3.197007,3.829440
3.197417,3.827127
3.197827,3.824811
3.198237,3.822501
3.198647,3.820189
3.199057,3.817880
3.199467,3.815569
3.199877,3.813260
3.200287,3.810952
3.200697,3.808645
3.201107,3.806339
3.201517,3.804034
3.201927,3.801731
3.202337,3.799427
3.202747,3.797124
3.203157,3.794822
3.203567,3.792521
3.203977,3.790220
3.204387,3.787923
3.204797,3.785625
3.205207,3.783327
3.205617,3.781029
3.206027,3.778736
3.206437,3.776441
3.206847,3.774148
3.207257,3.771855
3.207667,3.769563
3.208077,3.767273
3.208487,3.764981
3.208897,3.762695
3.209307,3.760407
3.209717,3.758118
3.210127,3.755831
3.210537,3.753548
3.210947,3.751263
3.211357,3.748980
3.211767,3.746699
3.212177,3.744414
3.212587,3.742135
3.212997,3.739855
3.213407,3.737579
3.213817,3.735299
3.214227,3.733022
3.214637,3.730748
3.215047,3.728471
3.215457,3.726198
3.215867,3.723924
3.216277,3.721653
3.216687,3.719381
3.217097,3.717109
3.217507,3.714842
3.217917,3.712575
3.218327,3.710305
3.218737,3.708040
3.219147,3.705774
3.219557,3.703508
3.219967,3.701246
3.220377,3.698985
3.220787,3.696722
3.221197,3.694462
3.221607,3.692202
3.222017,3.689945
3.222427,3.687685
3.222837,3.685428
3.223247,3.683172
3.223657,3.680920
3.224067,3.678665
3.224477,3.676411
3.224887,3.674159
3.225298,3.671909
3.225708,3.669658
3.226118,3.667409
3.226528,3.665162
3.226938,3.662917
3.227348,3.660670
3.227758,3.658425
3.228168,3.656181
3.228578,3.653936
3.228988,3.651694
3.229398,3.649453
3.229808,3.647214
3.230218,3.644974
3.230628,3.642736
3.231038,3.640500
3.231448,3.638264
3.231858,3.636028
3.232268,3.633795
3.232678,3.631563
3.233088,3.629330
3.233498,3.627098
3.233908,3.624869
3.234318,3.622638
3.234728,3.620412
3.235138,3.618183
3.235548,3.615959
3.235958,3.613733
3.236368,3.611509
3.236778,3.609286
3.237188,3.607062
3.237598,3.604843
3.238008,3.602623
3.238418,3.600404
3.238828,3.598185
3.239238,3.595967
3.239648,3.593752
3.240058,3.591539
3.240468,3.589323
3.240878,3.587110
3.241288,3.584899
3.241698,3.582687
3.242108,3.580480
3.242518,3.578268
3.242928,3.576063
3.243338,3.573856
3.243748,3.571651
3.244158,3.569443
3.244568,3.567242
3.244978,3.565038
3.245388,3.562838
3.245798,3.560638
3.246208,3.558439
3.246618,3.556241
3.247028,3.554043
3.247438,3.551847
3.247848,3.549653
3.248258,3.547456
3.248668,3.545264
3.249078,3.543072
3.249488,3.540880
3.249898,3.538691
3.250308,3.536501
3.250718,3.534314
3.251128,3.532126
3.251538,3.529941
3.251948,3.527756
3.252358,3.525575
3.252768,3.523390
3.253178,3.521208
3.253588,3.519028
3.253998,3.516849
3.254408,3.514667
3.254818,3.512494
3.255229,3.510315
3.255639,3.508139
3.256049,3.505967
3.256459,3.503792
3.256869,3.501622
3.257279,3.499450
3.257689,3.497279
3.258099,3.495111
3.258509,3.492943
3.258919,3.490778
3.259329,3.488613
3.259739,3.486446
3.260149,3.484283
3.260559,3.482120
3.260969,3.479959
3.261379,3.477797
3.261789,3.475640
3.262199,3.473482
3.262609,3.471323
3.263019,3.469169
3.263429,3.467014
3.263839,3.464859
3.264249,3.462706
3.264659,3.460555
3.265069,3.458405
3.265479,3.456254
3.265889,3.454108
3.266299,3.451960
3.266709,3.449814
3.267119,3.447668
3.267529,3.445523
3.267939,3.443382
3.268349,3.441238
3.268759,3.439097
3.269169,3.436959
3.269579,3.434820
3.269989,3.432684
3.270399,3.430548
3.270809,3.428411
3.271219,3.426278
3.271629,3.424145
3.272039,3.422013
3.272449,3.419882
3.272859,3.417751
3.273269,3.415622
3.273679,3.413496
3.274089,3.411367
3.274499,3.409244
3.274909,3.407118
3.275319,3.404994
3.275729,3.402874
3.276139,3.400752
3.276549,3.398633
3.276959,3.396514
3.277369,3.394396
3.277779,3.392279
3.278189,3.390163
3.278599,3.388049
3.279009,3.385937
3.279419,3.383822
3.279829,3.381713
3.280239,3.379602
3.280649,3.377494
3.281059,3.375386
3.281469,3.373281
3.281879,3.371173
3.282289,3.369070
3.282699,3.366968
3.283109,3.364865
3.283519,3.362764
3.283929,3.360662
3.284339,3.358563
3.284749,3.356466
3.285160,3.354370
3.285570,3.352275
3.285980,3.350182
3.286390,3.348088
3.286800,3.345994
3.287210,3.343906
3.287620,3.341817
3.288030,3.339726
3.288440,3.337641
3.288850,3.335553
3.289260,3.333467
3.289670,3.331383
3.290080,3.329303
3.290490,3.327218
3.290900,3.325137
3.291310,3.323059
3.291720,3.320981
3.292130,3.318901
3.292540,3.316826
3.292950,3.314751
3.293360,3.312678
3.293770,3.310605
3.294180,3.308531
3.294590,3.306461
3.295000,3.304391
3.295410,3.302323
3.295820,3.300256
3.296230,3.298192
3.296640,3.296126
3.297050,3.294063
3.297460,3.292001
3.297870,3.289937
3.298280,3.287879
3.298690,3.285819
3.299100,3.283762
3.299510,3.281702
3.299920,3.279647
3.300330,3.277592
3.300740,3.275538
3.301150,3.273486
3.301560,3.271435
3.301970,3.269385
3.302380,3.267336
3.302790,3.265287
3.303200,3.263242
3.303610,3.261198
3.304020,3.259152
3.304430,3.257107
3.304840,3.255068
3.305250,3.253028
3.305660,3.250985
3.306070,3.248950
3.306480,3.246910
3.306890,3.244873
3.307300,3.242839
3.307710,3.240805
3.308120,3.238773
3.308530,3.236740
3.308940,3.234708
3.309350,3.232680
3.309760,3.230653
3.310170,3.228623
3.310580,3.226599
3.310990,3.224574
3.311400,3.222551
3.311810,3.220527
3.312220,3.218505
3.312630,3.216486
3.313040,3.214466
3.313450,3.212448
3.313860,3.210431
3.314270,3.208415
3.314680,3.206401
3.315091,3.204388
3.315501,3.202376
3.315911,3.200364
3.316321,3.198355
3.316731,3.196350
3.317141,3.194339
3.317551,3.192332
3.317961,3.190328
3.318371,3.188323
3.318781,3.186323
3.319191,3.184318
3.319601,3.182317
3.320011,3.180318
3.320421,3.178319
3.320831,3.176323
3.321241,3.174328
3.321651,3.172332
3.322061,3.170341
3.322471,3.168347
3.322881,3.166356
3.323291,3.164367
3.323701,3.162377
3.324111,3.160389
3.324521,3.158402
3.324931,3.156419
3.325341,3.154435
3.325751,3.152452
3.326161,3.150467
3.326571,3.148487
3.326981,3.146510
3.327391,3.144530
3.327801,3.142552
3.328211,3.140578
3.328621,3.138600
3.329031,3.136628
3.329441,3.134655
3.329851,3.132684
3.330261,3.130713
3.330671,3.128742
3.331081,3.126776
3.331491,3.124810
3.331901,3.122844
3.332311,3.120880
3.332721,3.118918
3.333131,3.116954
3.333541,3.114993
3.333951,3.113032
3.334361,3.111073
3.334771,3.109116
3.335181,3.107160
3.335591,3.105206
3.336001,3.103252
3.336411,3.101299
3.336821,3.099346
3.337231,3.097396
3.337641,3.095448
3.338051,3.093500
3.338461,3.091552
3.338871,3.089607
3.339281,3.087661
3.339691,3.085718
3.340101,3.083776
3.340511,3.081837
3.340921,3.079896
3.341331,3.077957
3.341741,3.076021
3.342151,3.074085
3.342561,3.072150
3.342971,3.070215
3.343381,3.068281
3.343791,3.066351
3.344201,3.064419
3.344611,3.062490
3.345022,3.060562
3.345432,3.058634
3.345842,3.056709
3.346252,3.054785
3.346662,3.052861
3.347072,3.050939
3.347482,3.049019
3.347892,3.047099
3.348302,3.045179
3.348712,3.043262
3.349122,3.041345
3.349532,3.039429
3.349942,3.037515
3.350352,3.035603
3.350762,3.033690
3.351172,3.031780
3.351582,3.029871
3.351992,3.027964
3.352402,3.026057
3.352812,3.024149
3.353222,3.022247
3.353632,3.020342
3.354042,3.018438
3.354452,3.016538
3.354862,3.014637
3.355272,3.012740
3.355682,3.010840
3.356092,3.008945
3.356502,3.007051
3.356912,3.005158
3.357322,3.003263
3.357732,3.001373
3.358142,2.999480
3.358552,2.997592
3.358962,2.995702
3.359372,2.993816
3.359782,2.991930
3.360192,2.990044
3.360602,2.988163
3.361012,2.986279
3.361422,2.984397
3.361832,2.982518
3.362242,2.980640
3.362652,2.978763
3.363062,2.976886
3.363472,2.975008
3.363882,2.973136
3.364292,2.971265
3.364702,2.969391
3.365112,2.967521
3.365522,2.965653
3.365932,2.963783
3.366342,2.961915
3.366752,2.960050
3.367162,2.958186
3.367572,2.956322
3.367982,2.954459
3.368392,2.952598
3.368802,2.950738
3.369212,2.948879
3.369622,2.947023
3.370032,2.945165
3.370442,2.943310
3.370852,2.941455
3.371262,2.939605
3.371672,2.937750
3.372082,2.935900
3.372492,2.934052
3.372902,2.932201
3.373312,2.930355
3.373722,2.928508
3.374132,2.926666
3.374542,2.924820
3.374952,2.922978
3.375363,2.921139
3.375773,2.919298
3.376183,2.917460
3.376593,2.915622
3.377003,2.913786
3.377413,2.911948
3.377823,2.910113
3.378233,2.908281
3.378643,2.906449
3.379053,2.904619
3.379463,2.902789
3.379873,2.900960
3.380283,2.899133
3.380693,2.897307
3.381103,2.895483
3.381513,2.893660
3.381923,2.891837
3.382333,2.890017
3.382743,2.888196
3.383153,2.886377
3.383563,2.884557
3.383973,2.882741
3.384383,2.880928
3.384793,2.879112
3.385203,2.877299
3.385613,2.875484
3.386023,2.873675
3.386433,2.871866
3.386843,2.870057
3.387253,2.868252
3.387663,2.866442
3.388073,2.864639
3.388483,2.862833
3.388893,2.861033
3.389303,2.859230
3.389713,2.857430
3.390123,2.855632
3.390533,2.853834
3.390943,2.852037
3.391353,2.850240
3.391763,2.848447
3.392173,2.846653
3.392583,2.844861
3.392993,2.843069
3.393403,2.841281
3.393813,2.839492
3.394223,2.837704
3.394633,2.835918
3.395043,2.834132
3.395453,2.832349
3.395863,2.830565
3.396273,2.828785
3.396683,2.827003
3.397093,2.825223
3.397503,2.823448
3.397913,2.821669
3.398323,2.819894
3.398733,2.818119
3.399143,2.816347
3.399553,2.814574
3.399963,2.812801
3.400373,2.811032
3.400783,2.809262
3.401193,2.807495
3.401603,2.805727
3.402013,2.803965
3.402423,2.802201
3.402833,2.800436
3.403243,2.798672
3.403653,2.796914
3.404063,2.795154
3.404473,2.793395
3.404883,2.791640
3.405294,2.789882
3.405704,2.788129
3.406114,2.786373
3.406524,2.784621
3.406934,2.782870
3.407344,2.781118
3.407754,2.779367
3.408164,2.777620
3.408574,2.775875
3.408984,2.774127
3.409394,2.772385
3.409804,2.770640
3.410214,2.768898
3.410624,2.767157
3.411034,2.765419
3.411444,2.763680
3.411854,2.761943
3.412264,2.760206
3.412674,2.758468
3.413084,2.756735
3.413494,2.755003
3.413904,2.753271
3.414314,2.751539
3.414724,2.749810
3.415134,2.748081
3.415544,2.746356
3.415954,2.744630
3.416364,2.742904
3.416774,2.741179
3.417184,2.739457
3.417594,2.737735
3.418004,2.736015
3.418414,2.734297
3.418824,2.732578
3.419234,2.730861
3.419644,2.729147
3.420054,2.727431
3.420464,2.725717
3.420874,2.724005
3.421284,2.722294
3.421694,2.720583
3.422104,2.718877
3.422514,2.717168
3.422924,2.715461
3.423334,2.713755
3.423744,2.712052
3.424154,2.710350
3.424564,2.708646
3.424974,2.706945
3.425384,2.705247
3.425794,2.703548
3.426204,2.701849
3.426614,2.700152
3.427024,2.698458
3.427434,2.696765
3.427844,2.695072
3.428254,2.693378
3.428664,2.691690
3.429074,2.689998
3.429484,2.688311
3.429894,2.686623
3.430304,2.684938
3.430714,2.683254
3.431124,2.681568
3.431534,2.679886
3.431944,2.678205
3.432354,2.676523
3.432764,2.674846
3.433174,2.673166
3.433584,2.671490
3.433994,2.669816
3.434404,2.668141
3.434814,2.666467
3.435225,2.664794
3.435635,2.663121
3.436045,2.661452
3.436455,2.659783
3.436865,2.658116
3.437275,2.656447
3.437685,2.654783
3.438095,2.653119
3.438505,2.651455
3.438915,2.649793
3.439325,2.648133
3.439735,2.646473
3.440145,2.644811
3.440555,2.643157
3.440965,2.641500
3.441375,2.639843
3.441785,2.638190
3.442195,2.636537
3.442605,2.634885
3.443015,2.633233
3.443425,2.631582
3.443835,2.629935
3.444245,2.628287
3.444655,2.626639
3.445065,2.624995
3.445475,2.623349
3.445885,2.621706
3.446295,2.620068
3.446705,2.618426
3.447115,2.616785
3.447525,2.615146
3.447935,2.613511
3.448345,2.611874
3.448755,2.610238
3.449165,2.608604
3.449575,2.606970
3.449985,2.605339
3.450395,2.603706
3.450805,2.602079
3.451215,2.600451
3.451625,2.598822
3.452035,2.597196
3.452445,2.595572
3.452855,2.593946
3.453265,2.592324
3.453675,2.590702
3.454085,2.589082
3.454495,2.587462
3.454905,2.585842
3.455315,2.584228
3.455725,2.582611
3.456135,2.580994
3.456545,2.579382
3.456955,2.577768
3.457365,2.576155
3.457775,2.574544
3.458185,2.572934
3.458595,2.571328
3.459005,2.569720
3.459415,2.568112
3.459825,2.566508
3.460235,2.564905
3.460645,2.563300
3.461055,2.561700
3.461465,2.560099
3.461875,2.558498
3.462285,2.556900
3.462695,2.555304
3.463105,2.553707
3.463515,2.552110
3.463925,2.550517
3.464335,2.548924
3.464745,2.547330
3.465156,2.545740
3.465566,2.544151
3.465976,2.542563
3.466386,2.540975
3.466796,2.539387
3.467206,2.537805
3.467616,2.536221
3.468026,2.534636
3.468436,2.533056
3.468846,2.531474
3.469256,2.529892
3.469666,2.528315
3.470076,2.526736
3.470486,2.525160
3.470896,2.523584
3.471306,2.522009
3.471716,2.520437
3.472126,2.518863
3.472536,2.517293
3.472946,2.515725
3.473356,2.514153
3.473766,2.512586
3.474176,2.511021
3.474586,2.509455
3.474996,2.507891
3.475406,2.506325
3.475816,2.504764
3.476226,2.503203
3.476636,2.501642
3.477046,2.500083
3.477456,2.498526
3.477866,2.496967
3.478276,2.495411
3.478686,2.493859
3.479096,2.492304
3.479506,2.490751
3.479916,2.489200
3.480326,2.487649
3.480736,2.486101
3.481146,2.484551
3.481556,2.483005
3.481966,2.481458
3.482376,2.479913
3.482786,2.478368
3.483196,2.476826
3.483606,2.475285
3.484016,2.473743
3.484426,2.472202
3.484836,2.470665
3.485246,2.469128
3.485656,2.467591
3.486066,2.466056
3.486476,2.464521
3.486886,2.462987
3.487296,2.461456
3.487706,2.459924
3.488116,2.458396
3.488526,2.456866
3.488936,2.455338
3.489346,2.453811
3.489756,2.452285
3.490166,2.450759
3.490576,2.449236
3.490986,2.447714
3.491396,2.446193
3.491806,2.444673
3.492216,2.443154
3.492626,2.441635
3.493036,2.440118
3.493446,2.438602
3.493856,2.437087
3.494266,2.435571
3.494676,2.434058
3.495087,2.432548
3.495497,2.431037
3.495907,2.429527
3.496317,2.428019
3.496727,2.426511
3.497137,2.425004
3.497547,2.423498
3.497957,2.421996
3.498367,2.420489
3.498777,2.418987
3.499187,2.417487
3.499597,2.415987
3.500007,2.414486
3.500417,2.412989
3.500827,2.411492
3.501237,2.409995
3.501647,2.408500
3.502057,2.407006
3.502467,2.405514
3.502877,2.404022
3.503287,2.402529
3.503697,2.401041
3.504107,2.399553
3.504517,2.398066
3.504927,2.396578
3.505337,2.395094
3.505747,2.393610
3.506157,2.392124
3.506567,2.390641
3.506977,2.389161
3.507387,2.387681
3.507797,2.386202
3.508207,2.384724
3.508617,2.383245
3.509027,2.381771
3.509437,2.380293
3.509847,2.378822
3.510257,2.377347
3.510667,2.375874
3.511077,2.374405
3.511487,2.372936
3.511897,2.371466
3.512307,2.369997
3.512717,2.368532
3.513127,2.367065
3.513537,2.365601
3.513947,2.364138
3.514357,2.362673
3.514767,2.361212
3.515177,2.359752
3.515587,2.358293
3.515997,2.356833
3.516407,2.355375
3.516817,2.353920
3.517227,2.352464
3.517637,2.351011
3.518047,2.349556
3.518457,2.348104
3.518867,2.346652
3.519277,2.345203
3.519687,2.343751
3.520097,2.342305
3.520507,2.340858
3.520917,2.339411
3.521327,2.337965
3.521737,2.336524
3.522147,2.335079
3.522557,2.333637
3.522967,2.332196
3.523377,2.330756
3.523787,2.329317
3.524197,2.327878
3.524607,2.326442
3.525018,2.325005
3.525428,2.323570
3.525838,2.322137
3.526248,2.320703
3.526658,2.319271
3.527068,2.317840
3.527478,2.316411
3.527888,2.314981
3.528298,2.313553
3.528708,2.312125
3.529118,2.310701
3.529528,2.309276
3.529938,2.307851
3.530348,2.306429
3.530758,2.305010
3.531168,2.303588
3.531578,2.302168
3.531988,2.300748
3.532398,2.299332
3.532808,2.297914
3.533218,2.296500
3.533628,2.295083
3.534038,2.293669
3.534448,2.292257
3.534858,2.290844
3.535268,2.289435
3.535678,2.288025
3.536088,2.286617
3.536498,2.285209
3.536908,2.283802
3.537318,2.282394
3.537728,2.280991
3.538138,2.279587
3.538548,2.278183
3.538958,2.276781
3.539368,2.275383
3.539778,2.273983
3.540188,2.272583
3.540598,2.271185
3.541008,2.269788
3.541418,2.268393
3.541828,2.266998
3.542238,2.265603
3.542648,2.264211
3.543058,2.262819
3.543468,2.261428
3.543878,2.260040
3.544288,2.258650
3.544698,2.257260
3.545108,2.255877
3.545518,2.254489
3.545928,2.253104
3.546338,2.251721
3.546748,2.250338
3.547158,2.248956
3.547568,2.247575
3.547978,2.246197
3.548388,2.244815
3.548798,2.243438
3.549208,2.242062
3.549618,2.240687
3.550028,2.239308
3.550438,2.237936
3.550848,2.236562
3.551258,2.235190
3.551668,2.233819
3.552078,2.232448
3.552488,2.231080
3.552898,2.229710
3.553308,2.228344
3.553718,2.226976
3.554128,2.225612
3.554538,2.224247
3.554948,2.222885
3.555359,2.221524
3.555769,2.220161
3.556179,2.218800
3.556589,2.217440
3.556999,2.216082
3.557409,2.214726
3.557819,2.213368
3.558229,2.212016
3.558639,2.210660
3.559049,2.209305
3.559459,2.207952
3.559869,2.206602
3.560279,2.205249
3.560689,2.203902
3.561099,2.202551
3.561509,2.201205
3.561919,2.199857
3.562329,2.198512
3.562739,2.197165
3.563149,2.195821
3.563559,2.194478
3.563969,2.193135
3.564379,2.191795
3.564789,2.190455
3.565199,2.189115
3.565609,2.187777
3.566019,2.186440
3.566429,2.185105
3.566839,2.183768
3.567249,2.182434
3.567659,2.181100
3.568069,2.179767
3.568479,2.178436
3.568889,2.177104
3.569299,2.175775
3.569709,2.174447
3.570119,2.173119
3.570529,2.171793
3.570939,2.170467
3.571349,2.169142
3.571759,2.167818
3.572169,2.166492
3.572579,2.165172
3.572989,2.163851
3.573399,2.162531
3.573809,2.161211
3.574219,2.159893
3.574629,2.158576
3.575039,2.157260
3.575449,2.155942
3.575859,2.154629
3.576269,2.153316
3.576679,2.152003
3.577089,2.150692
3.577499,2.149380
3.577909,2.148072
3.578319,2.146761
3.578729,2.145453
3.579139,2.144147
3.579549,2.142840
3.579959,2.141534
3.580369,2.140232
3.580779,2.138927
3.581189,2.137623
3.581599,2.136323
3.582009,2.135021
3.582419,2.133723
3.582829,2.132424
3.583239,2.131126
3.583649,2.129828
3.584059,2.128535
3.584469,2.127238
3.584879,2.125945
3.585290,2.124650
3.585700,2.123358
3.586110,2.122067
3.586520,2.120778
3.586930,2.119488
3.587340,2.118199
3.587750,2.116912
3.588160,2.115627
3.588570,2.114340
3.588980,2.113054
3.589390,2.111770
3.589800,2.110487
3.590210,2.109205
3.590620,2.107923
3.591030,2.106645
3.591440,2.105364
3.591850,2.104087
3.592260,2.102808
3.592670,2.101532
3.593080,2.100258
3.593490,2.098981
3.593900,2.097707
3.594310,2.096434
3.594720,2.095162
3.595130,2.093893
3.595540,2.092622
3.595950,2.091352
3.596360,2.090086
3.596770,2.088817
3.597180,2.087549
3.597590,2.086284
3.598000,2.085020
3.598410,2.083758
3.598820,2.082492
3.599230,2.081231
3.599640,2.079970
3.600050,2.078710
3.600460,2.077449
3.600870,2.076193
3.601280,2.074935
3.601690,2.073677
3.602100,2.072421
3.602510,2.071169
3.602920,2.069913
3.603330,2.068659
3.603740,2.067405
3.604150,2.066157
3.604560,2.064906
3.604970,2.063657
3.605380,2.062408
3.605790,2.061161
3.606200,2.059913
3.606610,2.058667
3.607020,2.057423
3.607430,2.056180
3.607840,2.054935
3.608250,2.053693
3.608660,2.052450
3.609070,2.051211
3.609480,2.049971
3.609890,2.048732
3.610300,2.047494
3.610710,2.046257
3.611120,2.045022
3.611530,2.043785
3.611940,2.042552
3.612350,2.041318
3.612760,2.040086
3.613170,2.038852
3.613580,2.037624
3.613990,2.036394
3.614400,2.035165
3.614810,2.033936
3.615221,2.032708
3.615631,2.031480
3.616041,2.030255
3.616451,2.029032
3.616861,2.027806
3.617271,2.026586
3.617681,2.025364
3.618091,2.024143
3.618501,2.022920
3.618911,2.021701
3.619321,2.020482
3.619731,2.019265
3.620141,2.018049
3.620551,2.016833
3.620961,2.015617
3.621371,2.014403
3.621781,2.013191
3.622191,2.011977
3.622601,2.010766
3.623011,2.009556
3.623421,2.008344
3.623831,2.007135
3.624241,2.005928
3.624651,2.004721
3.625061,2.003514
3.625471,2.002309
3.625881,2.001104
3.626291,1.999901
3.626701,1.998697
3.627111,1.997497
3.627521,1.996294
3.627931,1.995093
3.628341,1.993894
3.628751,1.992694
3.629161,1.991498
3.629571,1.990301
3.629981,1.989104
3.630391,1.987909
3.630801,1.986715
3.631211,1.985522
3.631621,1.984330
3.632031,1.983136
3.632441,1.981945
3.632851,1.980757
3.633261,1.979566
3.633671,1.978379
3.634081,1.977191
3.634491,1.976004
3.634901,1.974818
3.635311,1.973631
3.635721,1.972448
3.636131,1.971265
3.636541,1.970081
3.636951,1.968901
3.637361,1.967719
3.637771,1.966539
3.638181,1.965361
3.638591,1.964182
3.639001,1.963004
3.639411,1.961828
3.639821,1.960653
3.640231,1.959477
3.640641,1.958303
3.641051,1.957129
3.641461,1.955957
3.641871,1.954786
3.642281,1.953616
3.642691,1.952446
3.643101,1.951277
3.643511,1.950108
3.643921,1.948943
3.644331,1.947775
3.644741,1.946608
3.645152,1.945445
3.645562,1.944278
3.645972,1.943117
3.646382,1.941954
3.646792,1.940793
3.647202,1.939631
3.647612,1.938471
3.648022,1.937312
3.648432,1.936155
3.648842,1.934997
3.649252,1.933838
3.649662,1.932683
3.650072,1.931529
3.650482,1.930376
3.650892,1.929220
3.651302,1.928069
3.651712,1.926919
3.652122,1.925766
3.652532,1.924616
3.652942,1.923467
3.653352,1.922318
3.653762,1.921172
3.654172,1.920026
3.654582,1.918879
3.654992,1.917733
3.655402,1.916589
3.655812,1.915447
3.656222,1.914304
3.656632,1.913162
3.657042,1.912023
3.657452,1.910881
3.657862,1.909739
3.658272,1.908602
3.658682,1.907465
3.659092,1.906328
3.659502,1.905192
3.659912,1.904056
3.660322,1.902922
3.660732,1.901789
3.661142,1.900654
3.661552,1.899522
3.661962,1.898391
3.662372,1.897261
3.662782,1.896129
3.663192,1.895001
3.663602,1.893873
3.664012,1.892747
3.664422,1.891620
3.664832,1.890494
3.665242,1.889370
3.665652,1.888245
3.666062,1.887122
3.666472,1.886000
3.666882,1.884879
3.667292,1.883757
3.667702,1.882639
3.668112,1.881518
3.668522,1.880399
3.668932,1.879282
3.669342,1.878167
3.669752,1.877049
3.670162,1.875932
3.670572,1.874818
3.670982,1.873705
3.671392,1.872593
3.671802,1.871480
3.672212,1.870369
3.672622,1.869257
3.673032,1.868148
3.673442,1.867040
3.673852,1.865932
3.674262,1.864824
3.674672,1.863715
3.675083,1.862610
3.675493,1.861507
3.675903,1.860401
3.676313,1.859298
3.676723,1.858196
3.677133,1.857094
3.677543,1.855992
3.677953,1.854892
3.678363,1.853793
3.678773,1.852693
3.679183,1.851597
3.679593,1.850499
3.680003,1.849403
3.680413,1.848307
3.680823,1.847212
3.681233,1.846119
3.681643,1.845025
3.682053,1.843932
3.682463,1.842840
3.682873,1.841749
3.683283,1.840658
3.683693,1.839569
3.684103,1.838481
3.684513,1.837394
3.684923,1.836306
3.685333,1.835221
3.685743,1.834134
3.686153,1.833048
3.686563,1.831965
3.686973,1.830881
3.687383,1.829799
3.687793,1.828716
3.688203,1.827637
3.688613,1.826556
3.689023,1.825477
3.689433,1.824397
3.689843,1.823321
3.690253,1.822242
3.690663,1.821166
3.691073,1.820092
3.691483,1.819018
3.691893,1.817943
3.692303,1.816867
3.692713,1.815798
3.693123,1.814726
3.693533,1.813652
3.693943,1.812583
3.694353,1.811515
3.694763,1.810445
3.695173,1.809376
3.695583,1.808311
3.695993,1.807243
3.696403,1.806177
3.696813,1.805111
3.697223,1.804048
3.697633,1.802984
3.698043,1.801923
3.698453,1.800862
3.698863,1.799798
3.699273,1.798739
3.699683,1.797678
3.700093,1.796620
3.700503,1.795561
3.700913,1.794503
3.701323,1.793448
3.701733,1.792392
3.702143,1.791337
3.702553,1.790284
3.702963,1.789227
3.703373,1.788176
3.703783,1.787123
3.704193,1.786072
3.704603,1.785021
3.705014,1.783969
3.705424,1.782920
3.705834,1.781874
3.706244,1.780825
3.706654,1.779779
3.707064,1.778731
3.707474,1.777686
3.707884,1.776644
3.708294,1.775597
3.708704,1.774555
3.709114,1.773511
3.709524,1.772469
3.709934,1.771429
3.710344,1.770388
3.710754,1.769349
3.711164,1.768310
3.711574,1.767272
3.711984,1.766236
3.712394,1.765198
3.712804,1.764163
3.713214,1.763128
3.713624,1.762092
3.714034,1.761057
3.714444,1.760025
3.714854,1.758993
3.715264,1.757960
3.715674,1.756930
3.716084,1.755901
3.716494,1.754870
3.716904,1.753843
3.717314,1.752813
3.717724,1.751788
3.718134,1.750759
3.718544,1.749734
3.718954,1.748710
3.719364,1.747685
3.719774,1.746663
3.720184,1.745641
3.720594,1.744618
3.721004,1.743594
3.721414,1.742574
3.721824,1.741554
3.722234,1.740535
3.722644,1.739516
3.723054,1.738498
3.723464,1.737481
3.723874,1.736466
3.724284,1.735450
3.724694,1.734434
3.725104,1.733420
3.725514,1.732408
3.725924,1.731394
3.726334,1.730382
3.726744,1.729370
3.727154,1.728359
3.727564,1.727347
3.727974,1.726340
3.728384,1.725330
3.728794,1.724324
3.729204,1.723317
3.729614,1.722311
3.730024,1.721304
3.730434,1.720300
3.730844,1.719296
3.731254,1.718292
3.731664,1.717289
3.732074,1.716286
3.732484,1.715284
3.732894,1.714285
3.733304,1.713284
3.733714,1.712285
3.734124,1.711285
3.734534,1.710288
3.734944,1.709289
3.735355,1.708292
3.735765,1.707298
3.736175,1.706302
3.736585,1.705309
3.736995,1.704314
3.737405,1.703323
3.737815,1.702329
3.738225,1.701337
3.738635,1.700348
3.739045,1.699358
3.739455,1.698366
3.739865,1.697381
3.740275,1.696391
3.740685,1.695402
3.741095,1.694415
3.741505,1.693429
3.741915,1.692443
3.742325,1.691459
3.742735,1.690476
3.743145,1.689492
3.743555,1.688510
3.743965,1.687527
3.744375,1.686545
3.744785,1.685565
3.745195,1.684585
3.745605,1.683606
3.746015,1.682629
3.746425,1.681649
3.746835,1.680673
3.747245,1.679697
3.747655,1.678722
3.748065,1.677745
3.748475,1.676772
3.748885,1.675797
3.749295,1.674826
3.749705,1.673851
3.750115,1.672880
3.750525,1.671910
3.750935,1.670939
3.751345,1.669970
3.751755,1.668999
3.752165,1.668033
3.752575,1.667065
3.752985,1.666099
3.753395,1.665131
3.753805,1.664165
3.754215,1.663202
3.754625,1.662237
3.755035,1.661273
3.755445,1.660310
3.755855,1.659348
3.756265,1.658386
3.756675,1.657426
3.757085,1.656466
3.757495,1.655506
3.757905,1.654546
3.758315,1.653589
3.758725,1.652630
3.759135,1.651675
3.759545,1.650718
3.759955,1.649762
3.760365,1.648806
3.760775,1.647854
3.761185,1.646900
3.761595,1.645948
3.762005,1.644996
3.762415,1.644044
3.762825,1.643093
3.763235,1.642141
3.763645,1.641194
3.764055,1.640244
3.764465,1.639297
3.764875,1.638349
3.765286,1.637403
3.765696,1.636455
3.766106,1.635511
3.766516,1.634565
3.766926,1.633621
3.767336,1.632678
3.767746,1.631736
3.768156,1.630792
3.768566,1.629851
3.768976,1.628909
3.769386,1.627970
3.769796,1.627031
3.770206,1.626091
3.770616,1.625152
3.771026,1.624217
3.771436,1.623279
3.771846,1.622342
3.772256,1.621405
3.772666,1.620471
3.773076,1.619537
3.773486,1.618602
3.773896,1.617669
3.774306,1.616737
3.774716,1.615805
3.775126,1.614874
3.775536,1.613943
3.775946,1.613015
3.776356,1.612085
3.776766,1.611156
3.777176,1.610228
3.777586,1.609301
3.777996,1.608376
3.778406,1.607449
3.778816,1.606522
3.779226,1.605599
3.779636,1.604674
3.780046,1.603751
3.780456,1.602829
3.780866,1.601906
3.781276,1.600984
3.781686,1.600063
3.782096,1.599143
3.782506,1.598223
3.782916,1.597306
3.783326,1.596387
3.783736,1.595469
3.784146,1.594553
3.784556,1.593637
3.784966,1.592721
3.785376,1.591804
3.785786,1.590892
3.786196,1.589978
3.786606,1.589064
3.787016,1.588151
3.787426,1.587240
3.787836,1.586328
3.788246,1.585417
3.788656,1.584507
3.789066,1.583599
3.789476,1.582689
3.789886,1.581783
3.790296,1.580875
3.790706,1.579968
3.791116,1.579061
3.791526,1.578155
3.791936,1.577252
3.792346,1.576347
3.792756,1.575442
3.793166,1.574539
3.793576,1.573635
3.793986,1.572734
3.794396,1.571835
3.794806,1.570932
3.795217,1.570033
3.795627,1.569134
3.796037,1.568235
3.796447,1.567338
3.796857,1.566440
3.797267,1.565542
3.797677,1.564646
3.798087,1.563751
3.798497,1.562856
3.798907,1.561962
3.799317,1.561068
3.799727,1.560174
3.800137,1.559282
3.800547,1.558390
3.800957,1.557498
3.801367,1.556607
3.801777,1.555718
3.802187,1.554828
3.802597,1.553940
3.803007,1.553052
3.803417,1.552164
3.803827,1.551277
3.804237,1.550390
3.804647,1.549505
3.805057,1.548619
3.805467,1.547735
3.805877,1.546851
3.806287,1.545969
3.806697,1.545084
3.807107,1.544204
3.807517,1.543322
3.807927,1.542441
3.808337,1.541560
3.808747,1.540681
3.809157,1.539803
3.809567,1.538924
3.809977,1.538044
3.810387,1.537168
3.810797,1.536290
3.811207,1.535415
3.811617,1.534539
3.812027,1.533665
3.812437,1.532791
3.812847,1.531918
3.813257,1.531045
3.813667,1.530171
3.814077,1.529299
3.814487,1.528429
3.814897,1.527558
3.815307,1.526690
3.815717,1.525820
3.816127,1.524950
3.816537,1.524082
3.816947,1.523216
3.817357,1.522347
3.817767,1.521481
3.818177,1.520615
3.818587,1.519750
3.818997,1.518885
3.819407,1.518021
3.819817,1.517159
3.820227,1.516294
3.820637,1.515434
3.821047,1.514571
3.821457,1.513710
3.821867,1.512850
3.822277,1.511990
3.822687,1.511130
3.823097,1.510272
3.823507,1.509414
3.823917,1.508556
3.824327,1.507699
3.824737,1.506843
3.825148,1.505988
3.825558,1.505132
3.825968,1.504277
3.826378,1.503423
3.826788,1.502569
3.827198,1.501719
3.827608,1.500865
3.828018,1.500012
3.828428,1.499161
3.828838,1.498312
3.829248,1.497462
3.829658,1.496612
3.830068,1.495763
3.830478,1.494916
3.830888,1.494068
3.831298,1.493221
3.831708,1.492374
3.832118,1.491530
3.832528,1.490683
3.832938,1.489840
3.833348,1.488995
3.833758,1.488150
3.834168,1.487309
3.834578,1.486467
3.834988,1.485624
3.835398,1.484782
3.835808,1.483942
3.836218,1.483102
3.836628,1.482263
3.837038,1.481424
3.837448,1.480585
3.837858,1.479748
3.838268,1.478910
3.838678,1.478074
3.839088,1.477237
3.839498,1.476403
3.839908,1.475569
3.840318,1.474733
3.840728,1.473899
3.841138,1.473066
3.841548,1.472234
3.841958,1.471402
3.842368,1.470570
3.842778,1.469739
3.843188,1.468910
3.843598,1.468077
3.844008,1.467249
3.844418,1.466423
3.844828,1.465594
3.845238,1.464766
3.845648,1.463939
3.846058,1.463113
3.846468,1.462287
3.846878,1.461462
3.847288,1.460637
3.847698,1.459813
3.848108,1.458989
3.848518,1.458168
3.848928,1.457344
3.849338,1.456522
3.849748,1.455701
3.850158,1.454880
3.850568,1.454060
3.850978,1.453240
3.851388,1.452422
3.851798,1.451603
3.852208,1.450785
3.852618,1.449967
3.853028,1.449149
3.853438,1.448334
3.853848,1.447518
3.854258,1.446704
3.854668,1.445889
3.855079,1.445074
3.855489,1.444261
3.855899,1.443448
3.856309,1.442634
3.856719,1.441824
3.857129,1.441012
3.857539,1.440201
3.857949,1.439392
3.858359,1.438582
3.858769,1.437773
3.859179,1.436963
3.859589,1.436156
3.859999,1.435348
3.860409,1.434540
3.860819,1.433735
3.861229,1.432929
3.861639,1.432125
3.862049,1.431319
3.862459,1.430515
3.862869,1.429712
3.863279,1.428909
3.863689,1.428107
3.864099,1.427303
3.864509,1.426504
3.864919,1.425702
3.865329,1.424901
3.865739,1.424102
3.866149,1.423301
3.866559,1.422504
3.866969,1.421705
3.867379,1.420908
3.867789,1.420111
3.868199,1.419314
3.868609,1.418518
3.869019,1.417723
3.869429,1.416928
3.869839,1.416133
3.870249,1.415340
3.870659,1.414547
3.871069,1.413755
3.871479,1.412961
3.871889,1.412171
3.872299,1.411379
3.872709,1.410587
3.873119,1.409797
3.873529,1.409008
3.873939,1.408220
3.874349,1.407432
3.874759,1.406643
3.875169,1.405855
3.875579,1.405069
3.875989,1.404282
3.876399,1.403496
3.876809,1.402711
3.877219,1.401926
3.877629,1.401142
3.878039,1.400358
3.878449,1.399575
3.878859,1.398791
3.879269,1.398011
3.879679,1.397229
3.880089,1.396447
3.880499,1.395668
3.880909,1.394888
3.881319,1.394107
3.881729,1.393329
3.882139,1.392552
3.882549,1.391773
3.882959,1.390996
3.883369,1.390219
3.883779,1.389442
3.884189,1.388666
3.884599,1.387891
3.885010,1.387117
3.885420,1.386343
3.885830,1.385569
3.886240,1.384797
3.886650,1.384023
3.887060,1.383250
3.887470,1.382480
3.887880,1.381709
3.888290,1.380937
3.888700,1.380169
3.889110,1.379398
3.889520,1.378629
3.889930,1.377860
3.890340,1.377092
3.890750,1.376325
3.891160,1.375557
3.891570,1.374792
3.891980,1.374027
3.892390,1.373260
3.892800,1.372496
3.893210,1.371731
3.893620,1.370968
3.894030,1.370203
3.894440,1.369441
3.894850,1.368679
3.895260,1.367917
3.895670,1.367156
3.896080,1.366393
3.896490,1.365635
3.896900,1.364875
3.897310,1.364115
3.897720,1.363356
3.898130,1.362599
3.898540,1.361839
3.898950,1.361084
3.899360,1.360327
3.899770,1.359571
3.900180,1.358816
3.900590,1.358061
3.901000,1.357305
3.901410,1.356551
3.901820,1.355798
3.902230,1.355044
3.902640,1.354293
3.903050,1.353539
3.903460,1.352788
3.903870,1.352037
3.904280,1.351287
3.904690,1.350535
3.905100,1.349786
3.905510,1.349037
3.905920,1.348289
3.906330,1.347541
3.906740,1.346794
3.907150,1.346046
3.907560,1.345300
3.907970,1.344553
3.908380,1.343808
3.908790,1.343062
3.909200,1.342318
3.909610,1.341574
3.910020,1.340830
3.910430,1.340088
3.910840,1.339344
3.911250,1.338602
3.911660,1.337861
3.912070,1.337118
3.912480,1.336378
3.912890,1.335640
3.913300,1.334899
3.913710,1.334161
3.914120,1.333421
3.914530,1.332683
3.914940,1.331945
3.915351,1.331209
3.915761,1.330474
3.916171,1.329736
3.916581,1.329000
3.916991,1.328264
3.917401,1.327531
3.917811,1.326795
3.918221,1.326063
3.918631,1.325329
3.919041,1.324595
3.919451,1.323863
3.919861,1.323133
3.920271,1.322402
3.920681,1.321670
3.921091,1.320941
3.921501,1.320210
3.921911,1.319481
3.922321,1.318752
3.922731,1.318024
3.923141,1.317294
3.923551,1.316568
3.923961,1.315841
3.924371,1.315114
3.924781,1.314389
3.925191,1.313663
3.925601,1.312939
3.926011,1.312214
3.926421,1.311491
3.926831,1.310766
3.927241,1.310045
3.927651,1.309321
3.928061,1.308599
3.928471,1.307878
3.928881,1.307156
3.929291,1.306435
3.929701,1.305716
3.930111,1.304997
3.930521,1.304276
3.930931,1.303559
3.931341,1.302840
3.931751,1.302123
3.932161,1.301405
3.932571,1.300687
3.932981,1.299972
3.933391,1.299256
3.933801,1.298543
3.934211,1.297824
3.934621,1.297111
3.935031,1.296396
3.935441,1.295684
3.935851,1.294971
3.936261,1.294259
3.936671,1.293546
3.937081,1.292835
3.937491,1.292125
3.937901,1.291414
3.938311,1.290703
3.938721,1.289993
3.939131,1.289283
3.939541,1.288576
3.939951,1.287866
3.940361,1.287160
3.940771,1.286451
3.941181,1.285746
3.941591,1.285039
3.942001,1.284333
3.942411,1.283626
3.942821,1.282922
3.943231,1.282218
3.943641,1.281514
3.944051,1.280810
3.944461,1.280106
3.944871,1.279405
3.945282,1.278703
3.945692,1.278001
3.946102,1.277300
3.946512,1.276601
3.946922,1.275899
3.947332,1.275197
3.947742,1.274499
3.948152,1.273801
3.948562,1.273102
3.948972,1.272403
3.949382,1.271707
3.949792,1.271011
3.950202,1.270312
3.950612,1.269617
3.951022,1.268921
3.951432,1.268225
3.951842,1.267530
3.952252,1.266836
3.952662,1.266142
3.953072,1.265449
3.953482,1.264756
3.953892,1.264064
3.954302,1.263370
3.954712,1.262680
3.955122,1.261989
3.955532,1.261299
3.955942,1.260608
3.956352,1.259919
3.956762,1.259229
3.957172,1.258540
3.957582,1.257852
3.957992,1.257164
3.958402,1.256476
3.958812,1.255791
3.959222,1.255104
3.959632,1.254416
3.960042,1.253731
3.960452,1.253045
3.960862,1.252361
3.961272,1.251678
3.961682,1.250993
3.962092,1.250310
3.962502,1.249626
3.962912,1.248944
3.963322,1.248262
3.963732,1.247580
3.964142,1.246898
3.964552,1.246218
3.964962,1.245538
3.965372,1.244858
3.965782,1.244179
3.966192,1.243499
3.966602,1.242820
3.967012,1.242143
3.967422,1.241466
3.967832,1.240788
3.968242,1.240112
3.968652,1.239436
3.969062,1.238761
3.969472,1.238084
3.969882,1.237409
3.970292,1.236734
3.970702,1.236061
3.971112,1.235388
3.971522,1.234715
3.971932,1.234042
3.972342,1.233369
3.972752,1.232697
3.973162,1.232026
3.973572,1.231355
3.973982,1.230685
3.974392,1.230015
3.974802,1.229344
3.975213,1.228676
3.975623,1.228008
3.976033,1.227340
3.976443,1.226671
3.976853,1.226004
3.977263,1.225337
3.977673,1.224670
3.978083,1.224005
3.978493,1.223338
3.978903,1.222674
3.979313,1.222008
3.979723,1.221344
3.980133,1.220680
3.980543,1.220017
3.980953,1.219354
3.981363,1.218690
3.981773,1.218028
3.982183,1.217367
3.982593,1.216706
3.983003,1.216045
3.983413,1.215384
3.983823,1.214725
3.984233,1.214066
3.984643,1.213405
3.985053,1.212747
3.985463,1.212089
3.985873,1.211433
3.986283,1.210774
3.986693,1.210116
3.987103,1.209459
3.987513,1.208803
3.987923,1.208148
3.988333,1.207493
3.988743,1.206837
3.989153,1.206184
3.989563,1.205529
3.989973,1.204875
3.990383,1.204223
3.990793,1.203570
3.991203,1.202917
3.991613,1.202265
3.992023,1.201614
3.992433,1.200963
3.992843,1.200314
3.993253,1.199663
3.993663,1.199014
3.994073,1.198363
3.994483,1.197714
3.994893,1.197067
3.995303,1.196418
3.995713,1.195771
3.996123,1.195122
3.996533,1.194477
3.996943,1.193829
3.997353,1.193184
3.997763,1.192538
3.998173,1.191893
3.998583,1.191248
3.998993,1.190605
3.999403,1.189961
3.999813,1.189318
4.000223,1.188675
4.000633,1.188031
4.001043,1.187389
4.001453,1.186747
4.001863,1.186106
4.002273,1.185466
4.002683,1.184824
4.003093,1.184187
4.003503,1.183545
4.003913,1.182907
4.004323,1.182268
4.004733,1.181630
4.005144,1.180990
4.005554,1.180353
4.005964,1.179718
4.006374,1.179081
4.006784,1.178443
4.007194,1.177809
4.007604,1.177172
4.008014,1.176537
4.008424,1.175903
4.008834,1.175268
4.009244,1.174634
4.009654,1.174001
4.010064,1.173367
4.010474,1.172735
4.010884,1.172103
4.011294,1.171470
4.011704,1.170841
4.012114,1.170208
4.012524,1.169577
4.012934,1.168948
4.013344,1.168318
4.013754,1.167688
4.014164,1.167061
4.014574,1.166432
4.014984,1.165804
4.015394,1.165176
4.015804,1.164548
4.016214,1.163923
4.016624,1.163295
4.017034,1.162668
4.017444,1.162044
4.017854,1.161419
4.018264,1.160794
4.018674,1.160168
4.019084,1.159545
4.019494,1.158921
4.019904,1.158297
4.020314,1.157674
4.020724,1.157054
4.021134,1.156432
4.021544,1.155810
4.021954,1.155188
4.022364,1.154567
4.022774,1.153947
4.023184,1.153326
4.023594,1.152708
4.024004,1.152087
4.024414,1.151468
4.024824,1.150851
4.025234,1.150232
4.025644,1.149615
4.026054,1.148997
4.026464,1.148380
4.026874,1.147764
4.027284,1.147148
4.027694,1.146533
4.028104,1.145918
4.028514,1.145303
4.028924,1.144688
4.029334,1.144074
4.029744,1.143461
4.030154,1.142848
4.030564,1.142234
4.030974,1.141622
4.031384,1.141011
4.031794,1.140397
4.032204,1.139787
4.032614,1.139177
4.033024,1.138566
4.033434,1.137956
4.033844,1.137345
4.034254,1.136737
4.034664,1.136127
4.035075,1.135519
4.035485,1.134910
4.035895,1.134302
4.036305,1.133696
4.036715,1.133090
4.037125,1.132483
4.037535,1.131876
4.037945,1.131270
4.038355,1.130666
4.038765,1.130060
4.039175,1.129455
4.039585,1.128851
4.039995,1.128248
4.040405,1.127644
4.040815,1.127040
4.041225,1.126439
4.041635,1.125835
4.042045,1.125233
4.042455,1.124633
4.042865,1.124031
4.043275,1.123430
4.043685,1.122831
4.044095,1.122230
4.044505,1.121631
4.044915,1.121031
4.045325,1.120433
4.045735,1.119834
4.046145,1.119236
4.046555,1.118639
4.046965,1.118042
4.047375,1.117444
4.047785,1.116847
4.048195,1.116252
4.048605,1.115657
4.049015,1.115062
4.049425,1.114465
4.049835,1.113871
4.050245,1.113278
4.050655,1.112684
4.051065,1.112090
4.051475,1.111496
4.051885,1.110905
4.052295,1.110311
4.052705,1.109720
4.053115,1.109128
4.053525,1.108537
4.053935,1.107946
4.054345,1.107356
4.054755,1.106766
4.055165,1.106176
4.055575,1.105588
4.055985,1.104999
4.056395,1.104411
4.056805,1.103822
4.057215,1.103234
4.057625,1.102647
4.058035,1.102060
4.058445,1.101473
4.058855,1.100887
4.059265,1.100302
4.059675,1.099716
4.060085,1.099131
4.060495,1.098547
4.060905,1.097961
4.061315,1.097378
4.061725,1.096792
4.062135,1.096426
4.062545,1.096061
4.062955,1.095695
4.063365,1.095330
4.063775,1.094967
4.064185,1.094601
4.064595,1.094238
4.065006,1.093874
4.065416,1.093510
4.065826,1.093147
4.066236,1.092784
4.066646,1.092422
4.067056,1.092059
4.067466,1.091696
4.067876,1.091335
4.068286,1.090972
4.068696,1.090610
4.069106,1.090250
4.069516,1.089887
4.069926,1.089527
4.070336,1.089166
4.070746,1.088807
4.071156,1.088446
4.071566,1.088086
4.071976,1.087726
4.072386,1.087366
4.072796,1.087007
4.073206,1.086648
4.073616,1.086289
4.074026,1.085930
4.074436,1.085572
4.074846,1.085213
4.075256,1.084855
4.075666,1.084497
4.076076,1.084140
4.076486,1.083782
4.076896,1.083426
4.077306,1.083069
4.077716,1.082713
4.078126,1.082356
4.078536,1.082000
4.078946,1.081644
4.079356,1.081289
4.079766,1.080934
4.080176,1.080578
4.080586,1.080223
4.080996,1.079868
4.081406,1.079513
4.081816,1.079159
4.082226,1.078806
4.082636,1.078451
4.083046,1.078097
4.083456,1.077745
4.083866,1.077391
4.084276,1.077038
4.084686,1.076686
4.085096,1.076333
4.085506,1.075981
4.085916,1.075629
4.086326,1.075276
4.086736,1.074925
4.087146,1.074574
4.087556,1.074222
4.087966,1.073871
4.088376,1.073521
4.088786,1.073171
4.089196,1.072820
4.089606,1.072470
4.090016,1.072120
4.090426,1.071771
4.090836,1.071421
4.091246,1.071072
4.091656,1.070722
4.092066,1.070375
4.092476,1.070026
4.092886,1.069677
4.093296,1.069330
4.093706,1.068982
4.094116,1.068634
4.094526,1.068287
4.094936,1.067939
4.095347,1.067592
4.095757,1.067246
4.096167,1.066899
4.096577,1.066553
4.096987,1.066207
4.097397,1.065861
4.097807,1.065516
4.098217,1.065170
4.098627,1.064825
4.099037,1.064480
4.099447,1.064135
4.099857,1.063790
4.100267,1.063446
4.100677,1.063103
4.101087,1.062758
4.101497,1.062415
4.101907,1.062071
4.102317,1.061728
4.102727,1.061385
4.103137,1.061043
4.103547,1.060700
4.103957,1.060357
4.104367,1.060015
4.104777,1.059674
4.105187,1.059331
4.105597,1.058990
4.106007,1.058649
4.106417,1.058308
4.106827,1.057967
4.107237,1.057627
4.107647,1.057286
4.108057,1.056946
4.108467,1.056606
4.108877,1.056266
4.109287,1.055927
4.109697,1.055588
4.110107,1.055249
4.110517,1.054910
4.110927,1.054571
4.111337,1.054232
4.111747,1.053895
4.112157,1.053556
4.112567,1.053218
4.112977,1.052881
4.113387,1.052544
4.113797,1.052207
4.114207,1.051870
4.114617,1.051533
4.115027,1.051197
4.115437,1.050860
4.115847,1.050524
4.116257,1.050188
4.116667,1.049852
4.117077,1.049517
4.117487,1.049181
4.117897,1.048847
4.118307,1.048512
4.118717,1.048177
4.119127,1.047843
4.119537,1.047509
4.119947,1.047175
4.120357,1.046841
4.120767,1.046507
4.121177,1.046174
4.121587,1.045841
4.121997,1.045508
4.122407,1.045175
4.122817,1.044843
4.123227,1.044511
4.123637,1.044178
4.124047,1.043847
4.124457,1.043515
4.124867,1.043184
4.125278,1.042852
4.125688,1.042521
4.126098,1.042190
4.126508,1.041859
4.126918,1.041529
4.127328,1.041200
4.127738,1.040869
4.128148,1.040539
4.128558,1.040210
4.128968,1.039880
4.129378,1.039551
4.129788,1.039222
4.130198,1.038893
4.130608,1.038564
4.131018,1.038237
4.131428,1.037908
4.131838,1.037580
4.132248,1.037253
4.132658,1.036925
4.133068,1.036599
4.133478,1.036271
4.133888,1.035944
4.134298,1.035618
4.134708,1.035291
4.135118,1.034965
4.135528,1.034638
4.135938,1.034313
4.136348,1.033987
4.136758,1.033662
4.137168,1.033337
4.137578,1.033012
4.137988,1.032687
4.138398,1.032362
4.138808,1.032038
4.139218,1.031714
4.139628,1.031389
4.140038,1.031065
4.140448,1.030742
4.140858,1.030419
4.141268,1.030095
4.141678,1.029772
4.142088,1.029450
4.142498,1.029127
4.142908,1.028805
4.143318,1.028482
4.143728,1.028160
4.144138,1.027838
4.144548,1.027518
4.144958,1.027196
4.145368,1.026875
4.145778,1.026554
4.146188,1.026233
4.146598,1.025912
4.147008,1.025591
4.147418,1.025272
4.147828,1.024952
4.148238,1.024632
4.148648,1.024313
4.149058,1.023993
4.149468,1.023674
4.149878,1.023355
4.150288,1.023036
4.150698,1.022718
4.151108,1.022400
4.151518,1.022081
4.151928,1.021764
4.152338,1.021445
4.152748,1.021128
4.153158,1.020810
4.153568,1.020494
4.153978,1.020176
4.154388,1.019860
4.154798,1.019543
4.155209,1.019227
4.155619,1.018911
4.156029,1.018594
4.156439,1.018279
4.156849,1.017964
4.157259,1.017647
4.157669,1.017333
4.158079,1.017018
4.158489,1.016703
4.158899,1.016388
4.159309,1.016074
4.159719,1.015760
4.160129,1.015445
4.160539,1.015132
4.160949,1.014819
4.161359,1.014505
4.161769,1.014191
4.162179,1.013878
4.162589,1.013566
4.162999,1.013253
4.163409,1.012941
4.163819,1.012629
4.164229,1.012316
4.164639,1.012004
4.165049,1.011693
4.165459,1.011381
4.165869,1.011070
4.166279,1.010759
4.166689,1.010448
4.167099,1.010137
4.167509,1.009827
4.167919,1.009517
4.168329,1.009207
4.168739,1.008897
4.169149,1.008587
4.169559,1.008277
4.169969,1.007969
4.170379,1.007659
4.170789,1.007351
4.171199,1.007042
4.171609,1.006733
4.172019,1.006425
4.172429,1.006116
4.172839,1.005808
4.173249,1.005500
4.173659,1.005193
4.174069,1.004885
4.174479,1.004578
4.174889,1.004272
4.175299,1.003964
4.175709,1.003657
4.176119,1.003351
4.176529,1.003045
4.176939,1.002740
4.177349,1.002433
4.177759,1.002127
4.178169,1.001822
4.178579,1.001516
4.178989,1.001211
4.179399,1.000907
4.179809,1.000602
4.180219,1.000298
4.180629,0.999993
4.181039,0.999688
4.181449,0.999384
4.181859,0.999081
4.182269,0.998777
4.182679,0.998473
4.183089,0.998171
4.183499,0.997867
4.183909,0.997565
4.184319,0.997262
4.184729,0.996960
4.185140,0.996657
4.185550,0.996355
4.185960,0.996053
4.186370,0.995752
4.186780,0.995450
4.187190,0.995149
4.187600,0.994848
4.188010,0.994547
4.188420,0.994246
4.188830,0.993945
4.189240,0.993644
4.189650,0.993345
4.190060,0.993045
4.190470,0.992744
4.190880,0.992445
4.191290,0.992145
4.191700,0.991846
4.192110,0.991547
4.192520,0.991248
4.192930,0.990949
4.193340,0.990651
4.193750,0.990353
4.194160,0.990054
4.194570,0.989756
4.194980,0.989459
4.195390,0.989162
4.195800,0.988863
4.196210,0.988567
4.196620,0.988269
4.197030,0.987972
4.197440,0.987675
4.197850,0.987379
4.198260,0.987083
4.198670,0.986786
4.199080,0.986490
4.199490,0.986194
4.199900,0.985899
4.200310,0.985603
4.200720,0.985308
4.201130,0.985013
4.201540,0.984718
4.201950,0.984424
4.202360,0.984129
4.202770,0.983834
4.203180,0.983540
4.203590,0.983246
4.204000,0.982953
4.204410,0.982659
4.204820,0.982366
4.205230,0.982073
4.205640,0.981779
4.206050,0.981486
4.206460,0.981194
4.206870,0.980901
4.207280,0.980608
4.207690,0.980317
4.208100,0.980025
4.208510,0.979733
4.208920,0.979441
4.209330,0.979150
4.209740,0.978858
4.210150,0.978568
4.210560,0.978276
4.210970,0.977986
4.211380,0.977696
4.211790,0.977405
4.212200,0.977115
4.212610,0.976825
4.213020,0.976535
4.213430,0.976246
4.213840,0.975956
4.214250,0.975666
4.214660,0.975377
4.215071,0.975088
4.215481,0.974800
4.215891,0.974511
4.216301,0.974223
4.216711,0.973934
4.217121,0.973646
4.217531,0.973359
4.217941,0.973071
4.218351,0.972784
4.218761,0.972496
4.219171,0.972208
4.219581,0.971922
4.219991,0.971635
4.220401,0.971348
4.220811,0.971062
4.221221,0.970775
4.221631,0.970490
4.222041,0.970204
4.222451,0.969918
4.222861,0.969632
4.223271,0.969347
4.223681,0.969061
4.224091,0.968777
4.224501,0.968492
4.224911,0.968207
4.225321,0.967922
4.225731,0.967638
4.226141,0.967353
4.226551,0.967070
4.226961,0.966786
4.227371,0.966504
4.227781,0.966219
4.228191,0.965936
4.228601,0.965653
4.229011,0.965370
4.229421,0.965087
4.229831,0.964804
4.230241,0.964522
4.230651,0.964240
4.231061,0.963958
4.231471,0.963675
4.231881,0.963393
4.232291,0.963112
4.232701,0.962831
4.233111,0.962550
4.233521,0.962269
4.233931,0.961988
4.234341,0.961707
4.234751,0.961427
4.235161,0.961146
4.235571,0.960866
4.235981,0.960586
4.236391,0.960306
4.236801,0.960026
4.237211,0.959746
4.237621,0.959467
4.238031,0.959189
4.238441,0.958909
4.238851,0.958631
4.239261,0.958352
4.239671,0.958074
4.240081,0.957795
4.240491,0.957516
4.240901,0.957239
4.241311,0.956961
4.241721,0.956684
4.242131,0.956406
4.242541,0.956129
4.242951,0.955852
4.243361,0.955575
4.243771,0.955298
4.244181,0.955021
4.244591,0.954745
4.245002,0.954469
4.245412,0.954192
4.245822,0.953916
4.246232,0.953641
4.246642,0.953364
4.247052,0.953089
4.247462,0.952814
4.247872,0.952540
4.248282,0.952264
4.248692,0.951990
4.249102,0.951715
4.249512,0.951441
4.249922,0.951166
4.250332,0.950892
4.250742,0.950619
4.251152,0.950344
4.251562,0.950071
4.251972,0.949797
4.252382,0.949524
4.252792,0.949251
4.253202,0.948978
4.253612,0.948706
4.254022,0.948433
4.254432,0.948160
4.254842,0.947888
4.255252,0.947616
4.255662,0.947344
4.256072,0.947072
4.256482,0.946801
4.256892,0.946530
4.257302,0.946258
4.257712,0.945987
4.258122,0.945716
4.258532,0.945445
4.258942,0.945174
4.259352,0.944904
4.259762,0.944634
4.260172,0.944364
4.260582,0.944094
4.260992,0.943824
4.261402,0.943555
4.261812,0.943285
4.262222,0.943016
4.262632,0.942747
4.263042,0.942478
4.263452,0.942209
4.263862,0.941940
4.264272,0.941672
4.264682,0.941404
4.265092,0.941135
4.265502,0.940868
4.265912,0.940600
4.266322,0.940332
4.266732,0.940064
4.267142,0.939797
4.267552,0.939530
4.267962,0.939263
4.268372,0.938996
4.268782,0.938730
4.269192,0.938463
4.269602,0.938196
4.270012,0.937931
4.270422,0.937664
4.270832,0.937399
4.271242,0.937133
4.271652,0.936867
4.272062,0.936602
4.272472,0.936337
4.272882,0.936072
4.273292,0.935807
4.273702,0.935542
4.274112,0.935277
4.274522,0.935012
4.274932,0.934749
4.275343,0.934484
4.275753,0.934221
4.276163,0.933957
4.276573,0.933693
4.276983,0.933429
4.277393,0.933166
4.277803,0.932903
4.278213,0.932640
4.278623,0.932378
4.279033,0.932115
4.279443,0.931852
4.279853,0.931589
4.280263,0.931328
4.280673,0.931065
4.281083,0.930804
4.281493,0.930542
4.281903,0.930281
4.282313,0.930019
4.282723,0.929758
4.283133,0.929497
4.283543,0.929237
4.283953,0.928976
4.284363,0.928715
4.284773,0.928454
4.285183,0.928194
4.285593,0.927933
4.286003,0.927674
4.286413,0.927414
4.286823,0.927154
4.287233,0.926895
4.287643,0.926636
4.288053,0.926376
4.288463,0.926117
4.288873,0.925858
4.289283,0.925600
4.289693,0.925342
4.290103,0.925083
4.290513,0.924825
4.290923,0.924566
4.291333,0.924308
4.291743,0.924050
4.292153,0.923794
4.292563,0.923535
4.292973,0.923279
4.293383,0.923020
4.293793,0.922764
4.294203,0.922507
4.294613,0.922251
4.295023,0.921994
4.295433,0.921738
4.295843,0.921482
4.296253,0.921225
4.296663,0.920969
4.297073,0.920713
4.297483,0.920457
4.297893,0.920202
4.298303,0.919947
4.298713,0.919691
4.299123,0.919437
4.299533,0.919182
4.299943,0.918927
4.300353,0.918673
4.300763,0.918418
4.301173,0.918164
4.301583,0.917910
4.301993,0.917657
4.302403,0.917402
4.302813,0.917149
4.303223,0.916895
4.303633,0.916642
4.304043,0.916389
4.304453,0.916136
4.304863,0.915884
4.305274,0.915630
4.305684,0.915378
4.306094,0.915126
4.306504,0.914874
4.306914,0.914621
4.307324,0.914370
4.307734,0.914118
4.308144,0.913866
4.308554,0.913615
4.308964,0.913363
4.309374,0.913112
4.309784,0.912861
4.310194,0.912610
4.310604,0.912359
4.311014,0.912109
4.311424,0.911858
4.311834,0.911608
4.312244,0.911357
4.312654,0.911108
4.313064,0.910858
4.313474,0.910608
4.313884,0.910359
4.314294,0.910110
4.314704,0.909860
4.315114,0.909611
4.315524,0.909363
4.315934,0.909114
4.316344,0.908865
4.316754,0.908616
4.317164,0.908369
4.317574,0.908120
4.317984,0.907871
4.318394,0.907624
4.318804,0.907377
4.319214,0.907128
4.319624,0.906881
4.320034,0.906633
4.320444,0.906387
4.320854,0.906139
4.321264,0.905893
4.321674,0.905646
4.322084,0.905400
4.322494,0.905153
4.322904,0.904907
4.323314,0.904661
4.323724,0.904415
4.324134,0.904169
4.324544,0.903923
4.324954,0.903679
4.325364,0.903433
4.325774,0.903187
4.326184,0.902942
4.326594,0.902697
4.327004,0.902452
4.327414,0.902208
4.327824,0.901964
4.328234,0.901719
4.328644,0.901475
4.329054,0.901231
4.329464,0.900987
4.329874,0.900743
4.330284,0.900500
4.330694,0.900256
4.331104,0.900013
4.331514,0.899770
4.331924,0.899527
4.332334,0.899284
4.332744,0.899041
4.333154,0.898799
4.333564,0.898556
4.333974,0.898314
4.334384,0.898072
4.334794,0.897830
4.335205,0.897587
4.335615,0.897345
4.336025,0.897105
4.336435,0.896863
4.336845,0.896622
4.337255,0.896380
4.337665,0.896140
4.338075,0.895899
4.338485,0.895658
4.338895,0.895418
4.339305,0.895177
4.339715,0.894936
4.340125,0.894697
4.340535,0.894456
4.340945,0.894217
4.341355,0.893976
4.341765,0.893737
4.342175,0.893498
4.342585,0.893258
4.342995,0.893020
4.343405,0.892781
4.343815,0.892542
4.344225,0.892303
4.344635,0.892064
4.345045,0.891826
4.345455,0.891587
4.345865,0.891350
4.346275,0.891111
4.346685,0.890874
4.347095,0.890636
4.347505,0.890398
4.347915,0.890162
4.348325,0.889924
4.348735,0.889687
4.349145,0.889450
4.349555,0.889213
4.349965,0.888976
4.350375,0.888739
4.350785,0.888503
4.351195,0.888267
4.351605,0.888031
4.352015,0.887794
4.352425,0.887559
4.352835,0.887324
4.353245,0.887087
4.353655,0.886852
4.354065,0.886617
4.354475,0.886381
4.354885,0.886146
4.355295,0.885911
4.355705,0.885677
4.356115,0.885442
4.356525,0.885207
4.356935,0.884973
4.357345,0.884739
4.357755,0.884505
4.358165,0.884271
4.358575,0.884037
4.358985,0.883803
4.359395,0.883570
4.359805,0.883337
4.360215,0.883103
4.360625,0.882871
4.361035,0.882638
4.361445,0.882405
4.361855,0.882173
4.362265,0.881940
4.362675,0.881707
4.363085,0.881475
4.363495,0.881243
4.363905,0.881010
4.364315,0.880779
4.364725,0.880547
4.365136,0.880315
4.365546,0.880084
4.365956,0.879853
4.366366,0.879622
4.366776,0.879391
4.367186,0.879160
4.367596,0.878929
4.368006,0.878698
4.368416,0.878468
4.368826,0.878238
4.369236,0.878008
4.369646,0.877778
4.370056,0.877547
4.370466,0.877317
4.370876,0.877088
4.371286,0.876859
4.371696,0.876629
4.372106,0.876400
4.372516,0.876171
4.372926,0.875941
4.373336,0.875713
4.373746,0.875484
4.374156,0.875256
4.374566,0.875027
4.374976,0.874799
4.375386,0.874571
4.375796,0.874342
4.376206,0.874115
4.376616,0.873887
4.377026,0.873659
4.377436,0.873432
4.377846,0.873205
4.378256,0.872978
4.378666,0.872751
4.379076,0.872523
4.379486,0.872297
4.379896,0.872070
4.380306,0.871843
4.380716,0.871617
4.381126,0.871391
4.381536,0.871165
4.381946,0.870938
4.382356,0.870713
4.382766,0.870487
4.383176,0.870261
4.383586,0.870036
4.383996,0.869810
4.384406,0.869585
4.384816,0.869361
4.385226,0.869135
4.385636,0.868910
4.386046,0.868686
4.386456,0.868462
4.386866,0.868237
4.387276,0.868013
4.387686,0.867789
4.388096,0.867564
4.388506,0.867340
4.388916,0.867117
4.389326,0.866893
4.389736,0.866670
4.390146,0.866446
4.390556,0.866223
4.390966,0.866000
4.391376,0.865777
4.391786,0.865554
4.392196,0.865332
4.392606,0.865109
4.393016,0.864887
4.393426,0.864664
4.393836,0.864442
4.394246,0.864220
4.394656,0.863998
4.395067,0.863776
4.395477,0.863555
4.395887,0.863333
4.396297,0.863111
4.396707,0.862891
4.397117,0.862669
4.397527,0.862448
4.397937,0.862227
4.398347,0.862007
4.398757,0.861786
4.399167,0.861566
4.399577,0.861345
4.399987,0.861126
4.400397,0.860905
4.400807,0.860685
4.401217,0.860465
4.401627,0.860246
4.402037,0.860026
4.402447,0.859807
4.402857,0.859587
4.403267,0.859368
4.403677,0.859149
4.404087,0.858930
4.404497,0.858711
4.404907,0.858492
4.405317,0.858274
4.405727,0.858056
4.406137,0.857838
4.406547,0.857620
4.406957,0.857401
4.407367,0.857184
4.407777,0.856965
4.408187,0.856748
4.408597,0.856531
4.409007,0.856313
4.409417,0.856096
4.409827,0.855878
4.410237,0.855662
4.410647,0.855445
4.411057,0.855228
4.411467,0.855012
4.411877,0.854795
4.412287,0.854579
4.412697,0.854363
4.413107,0.854146
4.413517,0.853930
4.413927,0.853715
4.414337,0.853499
4.414747,0.853283
4.415157,0.853067
4.415567,0.852853
4.415977,0.852638
4.416387,0.852422
4.416797,0.852207
4.417207,0.851992
4.417617,0.851778
4.418027,0.851563
4.418437,0.851348
4.418847,0.851134
4.419257,0.850920
4.419667,0.850706
4.420077,0.850492
4.420487,0.850278
4.420897,0.850065
4.421307,0.849851
4.421717,0.849638
4.422127,0.849424
4.422537,0.849212
4.422947,0.848998
4.423357,0.848785
4.423767,0.848572
4.424177,0.848359
4.424587,0.848147
4.424997,0.847934
4.425408,0.847722
4.425818,0.847510
4.426228,0.847298
4.426638,0.847085
4.427048,0.846874
4.427458,0.846662
4.427868,0.846451
4.428278,0.846239
4.428688,0.846028
4.429098,0.845816
4.429508,0.845606
4.429918,0.845395
4.430328,0.845183
4.430738,0.844973
4.431148,0.844762
4.431558,0.844552
4.431968,0.844342
4.432378,0.844131
4.432788,0.843921
4.433198,0.843711
4.433608,0.843501
4.434018,0.843292
4.434428,0.843082
4.434838,0.842873
4.435248,0.842663
4.435658,0.842454
4.436068,0.842245
4.436478,0.842036
4.436888,0.841826
4.437298,0.841618
4.437708,0.841409
4.438118,0.841201
4.438528,0.840993
4.438938,0.840784
4.439348,0.840577
4.439758,0.840368
4.440168,0.840160
4.440578,0.839952
4.440988,0.839745
4.441398,0.839538
4.441808,0.839329
4.442218,0.839122
4.442628,0.838916
4.443038,0.838708
4.443448,0.838502
4.443858,0.838295
4.444268,0.838088
4.444678,0.837881
4.445088,0.837675
4.445498,0.837469
4.445908,0.837263
4.446318,0.837056
4.446728,0.836850
4.447138,0.836644
4.447548,0.836439
4.447958,0.836233
4.448368,0.836028
4.448778,0.835822
4.449188,0.835616
4.449598,0.835412
4.450008,0.835207
4.450418,0.835002
4.450828,0.834797
4.451238,0.834592
4.451648,0.834388
4.452058,0.834184
4.452468,0.833979
4.452878,0.833775
4.453288,0.833571
4.453698,0.833367
4.454108,0.833163
4.454518,0.832960
4.454928,0.832756
4.455339,0.832552
4.455749,0.832349
4.456159,0.832146
4.456569,0.831942
4.456979,0.831740
4.457389,0.831537
4.457799,0.831334
4.458209,0.831131
4.458619,0.830929
4.459029,0.830726
4.459439,0.830524
4.459849,0.830322
4.460259,0.830120
4.460669,0.829919
4.461079,0.829716
4.461489,0.829514
4.461899,0.829313
4.462309,0.829112
4.462719,0.828910
4.463129,0.828709
4.463539,0.828508
4.463949,0.828307
4.464359,0.828106
4.464769,0.827905
4.465179,0.827705
4.465589,0.827504
4.465999,0.827304
4.466409,0.827104
4.466819,0.826904
4.467229,0.826703
4.467639,0.826503
4.468049,0.826303
4.468459,0.826104
4.468869,0.825904
4.469279,0.825704
4.469689,0.825505
4.470099,0.825306
4.470509,0.825107
4.470919,0.824907
4.471329,0.824709
4.471739,0.824510
4.472149,0.824311
4.472559,0.824113
4.472969,0.823914
4.473379,0.823717
4.473789,0.823518
4.474199,0.823320
4.474609,0.823122
4.475019,0.822925
4.475429,0.822727
4.475839,0.822528
4.476249,0.822330
4.476659,0.822134
4.477069,0.821936
4.477479,0.821739
4.477889,0.821542
4.478299,0.821345
4.478709,0.821148
4.479119,0.820952
4.479529,0.820755
4.479939,0.820559
4.480349,0.820362
4.480759,0.820166
4.481169,0.819969
4.481579,0.819773
4.481989,0.819577
4.482399,0.819382
4.482809,0.819186
4.483219,0.818991
4.483629,0.818795
4.484039,0.818599
4.484449,0.818405
4.484859,0.818209
4.485270,0.818015
4.485680,0.817819
4.486090,0.817625
4.486500,0.817430
4.486910,0.817236
4.487320,0.817040
4.487730,0.816847
4.488140,0.816652
4.488550,0.816458
4.488960,0.816264
4.489370,0.816070
4.489780,0.815877
4.490190,0.815683
4.490600,0.815489
4.491010,0.815296
4.491420,0.815102
4.491830,0.814909
4.492240,0.814716
4.492650,0.814523
4.493060,0.814330
4.493470,0.814138
4.493880,0.813944
4.494290,0.813752
4.494700,0.813561
4.495110,0.813367
4.495520,0.813175
4.495930,0.812983
4.496340,0.812791
4.496750,0.812600
4.497160,0.812407
4.497570,0.812216
4.497980,0.812024
4.498390,0.811833
4.498800,0.811641
4.499210,0.811451
4.499620,0.811259
4.500030,0.811068
4.500440,0.810877
4.500850,0.810686
4.501260,0.810496
4.501670,0.810306
4.502080,0.810115
4.502490,0.809924
4.502900,0.809735
4.503310,0.809545
4.503720,0.809354
4.504130,0.809164
4.504540,0.808975
4.504950,0.808785
4.505360,0.808595
4.505770,0.808406
4.506180,0.808217
4.506590,0.808027
4.507000,0.807838
4.507410,0.807648
4.507820,0.807460
4.508230,0.807271
4.508640,0.807082
4.509050,0.806894
4.509460,0.806705
4.509870,0.806517
4.510280,0.806329
4.510690,0.806141
4.511100,0.805953
4.511510,0.805764
4.511920,0.805576
4.512330,0.805389
4.512740,0.805201
4.513150,0.805014
4.513560,0.804827
4.513970,0.804640
4.514380,0.804452
4.514790,0.804265
4.515201,0.804078
4.515611,0.803891
4.516021,0.803705
4.516431,0.803518
4.516841,0.803331
4.517251,0.803144
4.517661,0.802958
4.518071,0.802772
4.518481,0.802586
4.518891,0.802400
4.519301,0.802215
4.519711,0.802028
4.520121,0.801843
4.520531,0.801657
4.520941,0.801472
4.521351,0.801286
4.521761,0.801101
4.522171,0.800916
4.522581,0.800731
4.522991,0.800545
4.523401,0.800361
4.523811,0.800176
4.524221,0.799991
4.524631,0.799807
4.525041,0.799623
4.525451,0.799438
4.525861,0.799254
4.526271,0.799070
4.526681,0.798886
4.527091,0.798702
4.527501,0.798518
4.527911,0.798335
4.528321,0.798151
4.528731,0.797968
4.529141,0.797785
4.529551,0.797600
4.529961,0.797418
4.530371,0.797234
4.530781,0.797052
4.531191,0.796869
4.531601,0.796687
4.532011,0.796504
4.532421,0.796322
4.532831,0.796139
4.533241,0.795956
4.533651,0.795775
4.534061,0.795593
4.534471,0.795410
4.534881,0.795228
4.535291,0.795047
4.535701,0.794865
4.536111,0.794683
4.536521,0.794502
4.536931,0.794321
4.537341,0.794139
4.537751,0.793958
4.538161,0.793777
4.538571,0.793596
4.538981,0.793415
4.539391,0.793234
4.539801,0.793054
4.540211,0.792873
4.540621,0.792693
4.541031,0.792513
4.541441,0.792332
4.541851,0.792151
4.542261,0.791972
4.542671,0.791792
4.543081,0.791612
4.543491,0.791432
4.543901,0.791253
4.544311,0.791073
4.544721,0.790894
4.545132,0.790716
4.545542,0.790535
4.545952,0.790357
4.546362,0.790178
4.546772,0.789999
4.547182,0.789820
4.547592,0.789641
4.548002,0.789462
4.548412,0.789284
4.548822,0.789106
4.549232,0.788927
4.549642,0.788750
4.550052,0.788572
4.550462,0.788394
4.550872,0.788215
4.551282,0.788038
4.551692,0.787860
4.552102,0.787682
4.552512,0.787504
4.552922,0.787327
4.553332,0.787150
4.553742,0.786973
4.554152,0.786796
4.554562,0.786619
4.554972,0.786443
4.555382,0.786266
4.555792,0.786089
4.556202,0.785913
4.556612,0.785736
4.557022,0.785559
4.557432,0.785383
4.557842,0.785207
4.558252,0.785031
4.558662,0.784855
4.559072,0.784679
4.559482,0.784503
4.559892,0.784328
4.560302,0.784152
4.560712,0.783977
4.561122,0.783802
4.561532,0.783626
4.561942,0.783451
4.562352,0.783276
4.562762,0.783101
4.563172,0.782926
4.563582,0.782751
4.563992,0.782577
4.564402,0.782403
4.564812,0.782228
4.565222,0.782053
4.565632,0.781880
4.566042,0.781705
4.566452,0.781531
4.566862,0.781357
4.567272,0.781183
4.567682,0.781009
4.568092,0.780835
4.568502,0.780662
4.568912,0.780489
4.569322,0.780316
4.569732,0.780142
4.570142,0.779969
4.570552,0.779796
4.570962,0.779623
4.571372,0.779450
4.571782,0.779277
4.572192,0.779105
4.572602,0.778932
4.573012,0.778760
4.573422,0.778587
4.573832,0.778415
4.574242,0.778242
4.574652,0.778071
4.575063,0.777899
4.575473,0.777727
4.575883,0.777555
4.576293,0.777383
4.576703,0.777212
4.577113,0.777040
4.577523,0.776869
4.577933,0.776698
4.578343,0.776526
4.578753,0.776355
4.579163,0.776184
4.579573,0.776013
4.579983,0.775842
4.580393,0.775671
4.580803,0.775501
4.581213,0.775331
4.581623,0.775161
4.582033,0.774989
4.582443,0.774819
4.582853,0.774650
4.583263,0.774479
4.583673,0.774309
4.584083,0.774140
4.584493,0.773970
4.584903,0.773800
4.585313,0.773631
4.585723,0.773461
4.586133,0.773292
4.586543,0.773123
4.586953,0.772954
4.587363,0.772784
4.587773,0.772616
4.588183,0.772446
4.588593,0.772277
4.589003,0.772109
4.589413,0.771941
4.589823,0.771773
4.590233,0.771604
4.590643,0.771435
4.591053,0.771267
4.591463,0.771099
4.591873,0.770931
4.592283,0.770763
4.592693,0.770595
4.593103,0.770427
4.593513,0.770260
4.593923,0.770092
4.594333,0.769925
4.594743,0.769757
4.595153,0.769590
4.595563,0.769423
4.595973,0.769256
4.596383,0.769089
4.596793,0.768922
4.597203,0.768756
4.597613,0.768588
4.598023,0.768422
4.598433,0.768255
4.598843,0.768089
4.599253,0.767923
4.599663,0.767756
4.600073,0.767590
4.600483,0.767424
4.600893,0.767258
4.601303,0.767092
4.601713,0.766927
4.602123,0.766762
4.602533,0.766595
4.602943,0.766430
4.603353,0.766265
4.603763,0.766099
4.604173,0.765934
4.604583,0.765769
4.604993,0.765604
4.605404,0.765439
4.605814,0.765275
4.606224,0.765109
4.606634,0.764945
4.607044,0.764780
4.607454,0.764616
4.607864,0.764451
4.608274,0.764288
4.608684,0.764123
4.609094,0.763959
4.609504,0.763795
4.609914,0.763631
4.610324,0.763467
4.610734,0.763304
4.611144,0.763141
4.611554,0.762977
4.611964,0.762814
4.612374,0.762650
4.612784,0.762486
4.613194,0.762323
4.613604,0.762160
4.614014,0.761997
4.614424,0.761835
4.614834,0.761672
4.615244,0.761509
4.615654,0.761346
4.616064,0.761184
4.616474,0.761021
4.616884,0.760859
4.617294,0.760698
4.617704,0.760535
4.618114,0.760373
4.618524,0.760211
4.618934,0.760049
4.619344,0.759887
4.619754,0.759726
4.620164,0.759564
4.620574,0.759402
4.620984,0.759241
4.621394,0.759080
4.621804,0.758919
4.622214,0.758758
4.622624,0.758596
4.623034,0.758436
4.623444,0.758274
4.623854,0.758113
4.624264,0.757954
4.624674,0.757793
4.625084,0.757633
4.625494,0.757472
4.625904,0.757312
4.626314,0.757151
4.626724,0.756991
4.627134,0.756831
4.627544,0.756671
4.627954,0.756511
4.628364,0.756352
4.628774,0.756191
4.629184,0.756032
4.629594,0.755873
4.630004,0.755713
4.630414,0.755554
4.630824,0.755395
4.631234,0.755236
4.631644,0.755077
4.632054,0.754917
4.632464,0.754759
4.632874,0.754600
4.633284,0.754441
4.633694,0.754283
4.634104,0.754124
4.634514,0.753966
4.634924,0.753808
4.635335,0.753649
4.635745,0.753491
4.636155,0.753333
4.636565,0.753175
4.636975,0.753017
4.637385,0.752859
4.637795,0.752701
4.638205,0.752544
4.638615,0.752386
4.639025,0.752228
4.639435,0.752071
4.639845,0.751915
4.640255,0.751757
4.640665,0.751600
4.641075,0.751443
4.641485,0.751285
4.641895,0.751129
4.642305,0.750972
4.642715,0.750816
4.643125,0.750659
4.643535,0.750503
4.643945,0.750346
4.644355,0.750190
4.644765,0.750034
4.645175,0.749877
4.645585,0.749722
4.645995,0.749565
4.646405,0.749410
4.646815,0.749254
4.647225,0.749098
4.647635,0.748942
4.648045,0.748786
4.648455,0.748632
4.648865,0.748477
4.649275,0.748321
4.649685,0.748166
4.650095,0.748012
4.650505,0.747856
4.650915,0.747701
4.651325,0.747546
4.651735,0.747391
4.652145,0.747237
4.652555,0.747082
4.652965,0.746928
4.653375,0.746774
4.653785,0.746619
4.654195,0.746465
4.654605,0.746311
4.655015,0.746157
4.655425,0.746003
4.655835,0.745849
4.656245,0.745696
4.656655,0.745541
4.657065,0.745387
4.657475,0.745234
4.657885,0.745082
4.658295,0.744928
4.658705,0.744775
4.659115,0.744622
4.659525,0.744468
4.659935,0.744315
4.660345,0.744162
4.660755,0.744009
4.661165,0.743857
4.661575,0.743704
4.661985,0.743551
4.662395,0.743399
4.662805,0.743246
4.663215,0.743094
4.663625,0.742942
4.664035,0.742790
4.664445,0.742637
4.664855,0.742486
4.665266,0.742333
4.665676,0.742182
4.666086,0.742030
4.666496,0.741879
4.666906,0.741727
4.667316,0.741575
4.667726,0.741424
4.668136,0.741273
4.668546,0.741122
4.668956,0.740970
4.669366,0.740820
4.669776,0.740668
4.670186,0.740518
4.670596,0.740366
4.671006,0.740216
4.671416,0.740066
4.671826,0.739915
4.672236,0.739765
4.672646,0.739615
4.673056,0.739464
4.673466,0.739314
4.673876,0.739164
4.674286,0.739014
4.674696,0.738863
4.675106,0.738714
4.675516,0.738564
4.675926,0.738415
4.676336,0.738265
4.676746,0.738115
4.677156,0.737965
4.677566,0.737816
4.677976,0.737668
4.678386,0.737519
4.678796,0.737369
4.679206,0.737220
4.679616,0.737071
4.680026,0.736922
4.680436,0.736773
4.680846,0.736625
4.681256,0.736476
4.681666,0.736327
4.682076,0.736179
4.682486,0.736031
4.682896,0.735882
4.683306,0.735734
4.683716,0.735586
4.684126,0.735438
4.684536,0.735290
4.684946,0.735142
4.685356,0.734995
4.685766,0.734846
4.686176,0.734699
4.686586,0.734552
4.686996,0.734404
4.687406,0.734258
4.687816,0.734109
4.688226,0.733962
4.688636,0.733815
4.689046,0.733668
4.689456,0.733521
4.689866,0.733374
4.690276,0.733228
4.690686,0.733081
4.691096,0.732934
4.691506,0.732787
4.691916,0.732641
4.692326,0.732494
4.692736,0.732348
4.693146,0.732202
4.693556,0.732056
4.693966,0.731910
4.694376,0.731764
4.694786,0.731618
4.695197,0.731472
4.695607,0.731326
4.696017,0.731182
4.696427,0.731035
4.696837,0.730890
4.697247,0.730745
4.697657,0.730599
4.698067,0.730453
4.698477,0.730309
4.698887,0.730163
4.699297,0.730018
4.699707,0.729874
4.700117,0.729729
4.700527,0.729584
4.700937,0.729439
4.701347,0.729295
4.701757,0.729150
4.702167,0.729006
4.702577,0.728862
4.702987,0.728717
4.703397,0.728573
4.703807,0.728429
4.704217,0.728286
4.704627,0.728141
4.705037,0.727997
4.705447,0.727853
4.705857,0.727710
4.706267,0.727566
4.706677,0.727422
4.707087,0.727279
4.707497,0.727136
4.707907,0.726992
4.708317,0.726849
4.708727,0.726706
4.709137,0.726563
4.709547,0.726419
4.709957,0.726277
4.710367,0.726133
4.710777,0.725991
4.711187,0.725848
4.711597,0.725705
4.712007,0.725563
4.712417,0.725421
4.712827,0.725278
4.713237,0.725136
4.713647,0.724994
4.714057,0.724851
4.714467,0.724710
4.714877,0.724568
4.715287,0.724426
4.715697,0.724284
4.716107,0.724142
4.716517,0.724001
4.716927,0.723859
4.717337,0.723718
4.717747,0.723576
4.718157,0.723435
4.718567,0.723294
4.718977,0.723153
4.719387,0.723011
4.719797,0.722871
4.720207,0.722730
4.720617,0.722588
4.721027,0.722447
4.721437,0.722308
4.721847,0.722166
4.722257,0.722026
4.722667,0.721886
4.723077,0.721745
4.723487,0.721605
4.723897,0.721465
4.724307,0.721324
4.724717,0.721184
4.725128,0.721044
4.725538,0.720905
4.725948,0.720765
4.726358,0.720625
4.726768,0.720485
4.727178,0.720345
4.727588,0.720206
4.727998,0.720066
4.728408,0.719927
4.728818,0.719787
4.729228,0.719649
4.729638,0.719509
4.730048,0.719370
4.730458,0.719231
4.730868,0.719091
4.731278,0.718952
4.731688,0.718815
4.732098,0.718676
4.732508,0.718537
4.732918,0.718399
4.733328,0.718260
4.733738,0.718122
4.734148,0.717983
4.734558,0.717845
4.734968,0.717707
4.735378,0.717569
4.735788,0.717431
4.736198,0.717293
4.736608,0.717155
4.737018,0.717018
4.737428,0.716880
4.737838,0.716742
4.738248,0.716605
4.738658,0.716467
4.739068,0.716330
4.739478,0.716192
4.739888,0.716055
4.740298,0.715918
4.740708,0.715781
4.741118,0.715643
4.741528,0.715507
4.741938,0.715370
4.742348,0.715233
4.742758,0.715097
4.743168,0.714960
4.743578,0.714824
4.743988,0.714687
4.744398,0.714550
4.744808,0.714414
4.745218,0.714278
4.745628,0.714142
4.746038,0.714005
4.746448,0.713870
4.746858,0.713734
4.747268,0.713597
4.747678,0.713462
4.748088,0.713327
4.748498,0.713190
4.748908,0.713055
4.749318,0.712920
4.749728,0.712784
4.750138,0.712649
4.750548,0.712513
4.750958,0.712379
4.751368,0.712243
4.751778,0.712108
4.752188,0.711973
4.752598,0.711838
4.753008,0.711704
4.753418,0.711569
4.753828,0.711434
4.754238,0.711299
4.754648,0.711165
4.755059,0.711030
4.755469,0.710896
4.755879,0.710762
4.756289,0.710627
4.756699,0.710493
4.757109,0.710359
4.757519,0.710224
4.757929,0.710090
4.758339,0.709958
4.758749,0.709823
4.759159,0.709690
4.759569,0.709556
4.759979,0.709423
4.760389,0.709289
4.760799,0.709155
4.761209,0.709022
4.761619,0.708889
4.762029,0.708755
4.762439,0.708623
4.762849,0.708490
4.763259,0.708356
4.763669,0.708224
4.764079,0.708091
4.764489,0.707958
4.764899,0.707825
4.765309,0.707692
4.765719,0.707561
4.766129,0.707428
4.766539,0.707295
4.766949,0.707164
4.767359,0.707031
4.767769,0.706899
4.768179,0.706767
4.768589,0.706634
4.768999,0.706503
4.769409,0.706371
4.769819,0.706239
4.770229,0.706107
4.770639,0.705976
4.771049,0.705844
4.771459,0.705712
4.771869,0.705580
4.772279,0.705449
4.772689,0.705318
4.773099,0.705187
4.773509,0.705056
4.773919,0.704925
4.774329,0.704793
4.774739,0.704663
4.775149,0.704532
4.775559,0.704401
4.775969,0.704271
4.776379,0.704140
4.776789,0.704009
4.777199,0.703878
4.777609,0.703748
4.778019,0.703618
4.778429,0.703488
4.778839,0.703358
4.779249,0.703227
4.779659,0.703097
4.780069,0.702967
4.780479,0.702837
4.780889,0.702707
4.781299,0.702577
4.781709,0.702448
4.782119,0.702318
4.782529,0.702188
4.782939,0.702059
4.783349,0.701930
4.783759,0.701800
4.784169,0.701671
4.784579,0.701542
4.784989,0.701412
4.785400,0.701283
4.785810,0.701154
4.786220,0.701026
4.786630,0.700896
4.787040,0.700767
4.787450,0.700639
4.787860,0.700510
4.788270,0.700382
4.788680,0.700254
4.789090,0.700124
4.789500,0.699996
4.789910,0.699868
4.790320,0.699740
4.790730,0.699612
4.791140,0.699484
4.791550,0.699356
4.791960,0.699227
4.792370,0.699100
4.792780,0.698972
4.793190,0.698843
4.793600,0.698716
4.794010,0.698589
4.794420,0.698461
4.794830,0.698334
4.795240,0.698207
4.795650,0.698079
4.796060,0.697952
4.796470,0.697825
4.796880,0.697697
4.797290,0.697571
4.797700,0.697443
4.798110,0.697318
4.798520,0.697190
4.798930,0.697063
4.799340,0.696936
4.799750,0.696809
4.800160,0.696682
4.800570,0.696557
4.800980,0.696430
4.801390,0.696303
4.801800,0.696178
4.802210,0.696052
4.802620,0.695925
4.803030,0.695799
4.803440,0.695673
4.803850,0.695547
4.804260,0.695422
4.804670,0.695296
4.805080,0.695169
4.805490,0.695044
4.805900,0.694919
4.806310,0.694793
4.806720,0.694668
4.807130,0.694543
4.807540,0.694417
4.807950,0.694292
4.808360,0.694166
4.808770,0.694042
4.809180,0.693916
4.809590,0.693792
4.810000,0.693667
4.810410,0.693542
4.810820,0.693417
4.811230,0.693292
4.811640,0.693167
4.812050,0.693043
4.812460,0.692918
4.812870,0.692794
4.813280,0.692670
4.813690,0.692546
4.814100,0.692422
4.814510,0.692297
4.814920,0.692173
4.815331,0.692049
4.815741,0.691925
4.816151,0.691802
4.816561,0.691678
4.816971,0.691554
4.817381,0.691430
4.817791,0.691307
4.818201,0.691183
4.818611,0.691060
4.819021,0.690936
4.819431,0.690812
4.819841,0.690690
4.820251,0.690567
4.820661,0.690443
4.821071,0.690320
4.821481,0.690197
4.821891,0.690074
4.822301,0.689951
4.822711,0.689828
4.823121,0.689706
4.823531,0.689583
4.823941,0.689461
4.824351,0.689339
4.824761,0.689216
4.825171,0.689093
4.825581,0.688971
4.825991,0.688848
4.826401,0.688727
4.826811,0.688604
4.827221,0.688482
4.827631,0.688360
4.828041,0.688238
4.828451,0.688117
4.828861,0.687995
4.829271,0.687873
4.829681,0.687751
4.830091,0.687630
4.830501,0.687508
4.830911,0.687387
4.831321,0.687266
4.831731,0.687145
4.832141,0.687022
4.832551,0.686901
4.832961,0.686780
4.833371,0.686660
4.833781,0.686538
4.834191,0.686417
4.834601,0.686297
4.835011,0.686176
4.835421,0.686055
4.835831,0.685934
4.836241,0.685815
4.836651,0.685694
4.837061,0.685574
4.837471,0.685453
4.837881,0.685332
4.838291,0.685212
4.838701,0.685091
4.839111,0.684972
4.839521,0.684852
4.839931,0.684731
4.840341,0.684612
4.840751,0.684492
4.841161,0.684371
4.841571,0.684252
4.841981,0.684133
4.842391,0.684013
4.842801,0.683893
4.843211,0.683774
4.843621,0.683655
4.844031,0.683535
4.844441,0.683416
4.844851,0.683296
4.845262,0.683177
4.845672,0.683058
4.846082,0.682939
4.846492,0.682820
4.846902,0.682701
4.847312,0.682583
4.847722,0.682463
4.848132,0.682344
4.848542,0.682226
4.848952,0.682108
4.849362,0.681990
4.849772,0.681870
4.850182,0.681753
4.850592,0.681634
4.851002,0.681516
4.851412,0.681397
4.851822,0.681279
4.852232,0.681161
4.852642,0.681044
4.853052,0.680926
4.853462,0.680807
4.853872,0.680690
4.854282,0.680572
4.854692,0.680455
4.855102,0.680337
4.855512,0.680220
4.855922,0.680102
4.856332,0.679985
4.856742,0.679867
4.857152,0.679751
4.857562,0.679632
4.857972,0.679515
4.858382,0.679398
4.858792,0.679282
4.859202,0.679165
4.859612,0.679047
4.860022,0.678930
4.860432,0.678814
4.860842,0.678697
4.861252,0.678581
4.861662,0.678464
4.862072,0.678348
4.862482,0.678231
4.862892,0.678115
4.863302,0.677998
4.863712,0.677882
4.864122,0.677766
4.864532,0.677650
4.864942,0.677534
4.865352,0.677417
4.865762,0.677301
4.866172,0.677185
4.866582,0.677070
4.866992,0.676954
4.867402,0.676839
4.867812,0.676723
4.868222,0.676607
4.868632,0.676491
4.869042,0.676376
4.869452,0.676262
4.869862,0.676145
4.870272,0.676030
4.870682,0.675915
4.871092,0.675799
4.871502,0.675685
4.871912,0.675570
4.872322,0.675455
4.872732,0.675340
4.873142,0.675225
4.873552,0.675110
4.873962,0.674995
4.874372,0.674881
4.874782,0.674766
4.875193,0.674652
4.875603,0.674537
4.876013,0.674423
4.876423,0.674309
4.876833,0.674194
4.877243,0.674080
4.877653,0.673966
4.878063,0.673852
4.878473,0.673738
4.878883,0.673624
4.879293,0.673510
4.879703,0.673396
4.880113,0.673283
4.880523,0.673169
4.880933,0.673055
4.881343,0.672941
4.881753,0.672828
4.882163,0.672715
4.882573,0.672601
4.882983,0.672487
4.883393,0.672375
4.883803,0.672262
4.884213,0.672148
4.884623,0.672036
4.885033,0.671922
4.885443,0.671809
4.885853,0.671697
4.886263,0.671583
4.886673,0.671470
4.887083,0.671358
4.887493,0.671245
4.887903,0.671133
4.888313,0.671021
4.888723,0.670907
4.889133,0.670796
4.889543,0.670683
4.889953,0.670571
4.890363,0.670459
4.890773,0.670346
4.891183,0.670234
4.891593,0.670122
4.892003,0.670010
4.892413,0.669899
4.892823,0.669786
4.893233,0.669674
4.893643,0.669563
4.894053,0.669451
4.894463,0.669340
4.894873,0.669228
4.895283,0.669117
4.895693,0.669004
4.896103,0.668894
4.896513,0.668782
4.896923,0.668671
4.897333,0.668560
4.897743,0.668449
4.898153,0.668338
4.898563,0.668226
4.898973,0.668115
4.899383,0.668005
4.899793,0.667894
4.900203,0.667783
4.900613,0.667673
4.901023,0.667562
4.901433,0.667451
4.901843,0.667341
4.902253,0.667230
4.902663,0.667120
4.903073,0.667009
4.903483,0.666899
4.903893,0.666788
4.904303,0.666679
4.904713,0.666569
4.905124,0.666459
4.905534,0.666348
4.905944,0.666239
4.906354,0.666129
4.906764,0.666018
4.907174,0.665910
4.907584,0.665799
4.907994,0.665690
4.908404,0.665580
4.908814,0.665471
4.909224,0.665361
4.909634,0.665251
4.910044,0.665142
4.910454,0.665033
4.910864,0.664924
4.911274,0.664814
4.911684,0.664706
4.912094,0.664597
4.912504,0.664487
4.912914,0.664379
4.913324,0.664270
4.913734,0.664161
4.914144,0.664052
4.914554,0.663943
4.914964,0.663835
4.915374,0.663726
4.915784,0.663617
4.916194,0.663510
4.916604,0.663400
4.917014,0.663293
4.917424,0.663184
4.917834,0.663076
4.918244,0.662968
4.918654,0.662860
4.919064,0.662751
4.919474,0.662644
4.919884,0.662536
4.920294,0.662428
4.920704,0.662320
4.921114,0.662212
4.921524,0.662105
4.921934,0.661997
4.922344,0.661889
4.922754,0.661782
4.923164,0.661674
4.923574,0.661567
4.923984,0.661459
4.924394,0.661352
4.924804,0.661245
4.925214,0.661138
4.925624,0.661030
4.926034,0.660923
4.926444,0.660816
4.926854,0.660710
4.927264,0.660602
4.927674,0.660496
4.928084,0.660389
4.928494,0.660282
4.928904,0.660175
4.929314,0.660069
4.929724,0.659962
4.930134,0.659856
4.930544,0.659750
4.930954,0.659643
4.931364,0.659537
4.931774,0.659430
4.932184,0.659324
4.932594,0.659218
4.933004,0.659112
4.933414,0.659006
4.933824,0.658900
4.934234,0.658794
4.934644,0.658688
4.935055,0.658583
4.935465,0.658476
4.935875,0.658371
4.936285,0.658266
4.936695,0.658160
4.937105,0.658055
4.937515,0.657949
4.937925,0.657845
4.938335,0.657739
4.938745,0.657633
4.939155,0.657528
4.939565,0.657422
4.939975,0.657317
4.940385,0.657212
4.940795,0.657108
4.941205,0.657003
4.941615,0.656898
4.942025,0.656793
4.942435,0.656688
4.942845,0.656583
4.943255,0.656478
4.943665,0.656374
4.944075,0.656269
4.944485,0.656165
4.944895,0.656060
4.945305,0.655956
4.945715,0.655852
4.946125,0.655748
4.946535,0.655643
4.946945,0.655539
4.947355,0.655434
4.947765,0.655331
4.948175,0.655227
4.948585,0.655123
4.948995,0.655019
4.949405,0.654916
4.949815,0.654811
4.950225,0.654707
4.950635,0.654604
4.951045,0.654501
4.951455,0.654398
4.951865,0.654293
4.952275,0.654190
4.952685,0.654087
4.953095,0.653983
4.953505,0.653880
4.953915,0.653777
4.954325,0.653674
4.954735,0.653571
4.955145,0.653468
4.955555,0.653365
4.955965,0.653261
4.956375,0.653158
4.956785,0.653055
4.957195,0.652953
4.957605,0.652850
4.958015,0.652748
4.958425,0.652646
4.958835,0.652542
4.959245,0.652440
4.959655,0.652338
4.960065,0.652235
4.960475,0.652133
4.960885,0.652030
4.961295,0.651928
4.961705,0.651826
4.962115,0.651724
4.962525,0.651622
4.962935,0.651520
4.963345,0.651418
4.963755,0.651316
4.964165,0.651214
4.964575,0.651113
4.964985,0.651011
4.965396,0.650909
4.965806,0.650808
4.966216,0.650706
4.966626,0.650605
4.967036,0.650503
4.967446,0.650402
4.967856,0.650301
4.968266,0.650200
4.968676,0.650098
4.969086,0.649997
4.969496,0.649896
4.969906,0.649794
4.970316,0.649693
4.970726,0.649593
4.971136,0.649491
4.971546,0.649391
4.971956,0.649291
4.972366,0.649190
4.972776,0.649088
4.973186,0.648988
4.973596,0.648888
4.974006,0.648787
4.974416,0.648687
4.974826,0.648586
4.975236,0.648486
4.975646,0.648385
4.976056,0.648285
4.976466,0.648185
4.976876,0.648085
4.977286,0.647985
4.977696,0.647885
4.978106,0.647785
4.978516,0.647685
4.978926,0.647585
4.979336,0.647485
4.979746,0.647385
4.980156,0.647285
4.980566,0.647186
4.980976,0.647086
4.981386,0.646987
4.981796,0.646887
4.982206,0.646788
4.982616,0.646689
4.983026,0.646589
4.983436,0.646490
4.983846,0.646390
4.984256,0.646291
4.984666,0.646193
4.985076,0.646094
4.985486,0.645994
4.985896,0.645895
4.986306,0.645796
4.986716,0.645697
4.987126,0.645598
4.987536,0.645500
4.987946,0.645401
4.988356,0.645302
4.988766,0.645204
4.989176,0.645105
4.989586,0.645007
4.989996,0.644908
4.990406,0.644810
4.990816,0.644712
4.991226,0.644613
4.991636,0.644515
4.992046,0.644416
4.992456,0.644319
4.992866,0.644220
4.993276,0.644123
4.993686,0.644024
4.994096,0.643926
4.994506,0.643829
4.994916,0.643732
4.995327,0.643633
4.995737,0.643535
4.996147,0.643437
4.996557,0.643341
4.996967,0.643243
4.997377,0.643145
4.997787,0.643048
4.998197,0.642950
4.998607,0.642853
4.999017,0.642756
4.999427,0.642658
4.999837,0.642561
5.000247,0.642464
5.000657,0.642367
5.001067,0.642270
5.001477,0.642173
5.001887,0.642076
5.002297,0.641979
5.002707,0.641883
5.003117,0.641786
5.003527,0.641688
5.003937,0.641592
5.004347,0.641496
5.004757,0.641400
5.005167,0.641302
5.005577,0.641206
5.005987,0.641110
5.006397,0.641013
5.006807,0.640918
5.007217,0.640821
5.007627,0.640725
5.008037,0.640628
5.008447,0.640532
5.008857,0.640437
5.009267,0.640341
5.009677,0.640244
5.010087,0.640148
5.010497,0.640053
5.010907,0.639957
5.011317,0.639862
5.011727,0.639766
5.012137,0.639671
5.012547,0.639574
5.012957,0.639480
5.013367,0.639383
5.013777,0.639288
5.014187,0.639192
5.014597,0.639097
5.015007,0.639002
5.015417,0.638906
5.015827,0.638811
5.016237,0.638716
5.016647,0.638621
5.017057,0.638526
5.017467,0.638431
5.017877,0.638336
5.018287,0.638242
5.018697,0.638147
5.019107,0.638052
5.019517,0.637957
5.019927,0.637863
5.020337,0.637768
5.020747,0.637673
5.021157,0.637579
5.021567,0.637485
5.021977,0.637390
5.022387,0.637296
5.022797,0.637201
5.023207,0.637107
5.023617,0.637013
5.024027,0.636919
5.024437,0.636825
5.024847,0.636730
5.025258,0.636636
5.025668,0.636542
5.026078,0.636448
5.026488,0.636355
5.026898,0.636261
5.027308,0.636167
5.027718,0.636073
5.028128,0.635980
5.028538,0.635886
5.028948,0.635792
5.029358,0.635699
5.029768,0.635605
5.030178,0.635512
5.030588,0.635419
5.030998,0.635325
5.031408,0.635232
5.031818,0.635139
5.032228,0.635046
5.032638,0.634953
5.033048,0.634859
5.033458,0.634766
5.033868,0.634674
5.034278,0.634581
5.034688,0.634488
5.035098,0.634395
5.035508,0.634303
5.035918,0.634210
5.036328,0.634117
5.036738,0.634025
5.037148,0.633932
5.037558,0.633840
5.037968,0.633747
5.038378,0.633654
5.038788,0.633562
5.039198,0.633469
5.039608,0.633377
5.040018,0.633285
5.040428,0.633193
5.040838,0.633101
5.041248,0.633008
5.041658,0.632917
5.042068,0.632824
5.042478,0.632733
5.042888,0.632640
5.043298,0.632550
5.043708,0.632457
5.044118,0.632366
5.044528,0.632273
5.044938,0.632182
5.045348,0.632091
5.045758,0.631999
5.046168,0.631908
5.046578,0.631815
5.046988,0.631724
5.047398,0.631633
5.047808,0.631543
5.048218,0.631451
5.048628,0.631360
5.049038,0.631268
5.049448,0.631177
5.049858,0.631086
5.050268,0.630996
5.050678,0.630904
5.051088,0.630814
5.051498,0.630723
5.051908,0.630632
5.052318,0.630541
5.052728,0.630450
5.053138,0.630360
5.053548,0.630268
5.053958,0.630178
5.054368,0.630088
5.054778,0.629998
5.055189,0.629907
5.055599,0.629817
5.056009,0.629727
5.056419,0.629636
5.056829,0.629546
5.057239,0.629456
5.057649,0.629365
5.058059,0.629276
5.058469,0.629185
5.058879,0.629095
5.059289,0.629006
5.059699,0.628916
5.060109,0.628826
5.060519,0.628736
5.060929,0.628646
5.061339,0.628556
5.061749,0.628467
5.062159,0.628378
5.062569,0.628288
5.062979,0.628198
5.063389,0.628109
5.063799,0.628019
5.064209,0.627930
5.064619,0.627841
5.065029,0.627751
5.065439,0.627663
5.065849,0.627573
5.066259,0.627484
5.066669,0.627395
5.067079,0.627305
5.067489,0.627217
5.067899,0.627127
5.068309,0.627039
5.068719,0.626949
5.069129,0.626861
5.069539,0.626772
5.069949,0.626683
5.070359,0.626595
5.070769,0.626507
5.071179,0.626417
5.071589,0.626330
5.071999,0.626241
5.072409,0.626152
5.072819,0.626064
5.073229,0.625975
5.073639,0.625887
5.074049,0.625800
5.074459,0.625711
5.074869,0.625623
5.075279,0.625535
5.075689,0.625447
5.076099,0.625358
5.076509,0.625271
5.076919,0.625183
5.077329,0.625094
5.077739,0.625008
5.078149,0.624919
5.078559,0.624832
5.078969,0.624744
5.079379,0.624656
5.079789,0.624568
5.080199,0.624481
5.080609,0.624394
5.081019,0.624306
5.081429,0.624219
5.081839,0.624131
5.082249,0.624044
5.082659,0.623957
5.083069,0.623870
5.083479,0.623782
5.083889,0.623695
5.084299,0.623609
5.084709,0.623522
5.085120,0.623434
5.085530,0.623348
5.085940,0.623260
5.086350,0.623174
5.086760,0.623087
5.087170,0.623000
5.087580,0.622913
5.087990,0.622826
5.088400,0.622741
5.088810,0.622654
5.089220,0.622566
5.089630,0.622480
5.090040,0.622394
5.090450,0.622308
5.090860,0.622222
5.091270,0.622135
5.091680,0.622050
5.092090,0.621962
5.092500,0.621876
5.092910,0.621790
5.093320,0.621704
5.093730,0.621618
5.094140,0.621532
5.094550,0.621446
5.094960,0.621361
5.095370,0.621275
5.095780,0.621189
5.096190,0.621103
5.096600,0.621018
5.097010,0.620932
5.097420,0.620847
5.097830,0.620761
5.098240,0.620675
5.098650,0.620589
5.099060,0.620505
5.099470,0.620419
5.099880,0.620333
5.100290,0.620248
5.100700,0.620163
5.101110,0.620078
5.101520,0.619993
5.101930,0.619908
5.102340,0.619823
5.102750,0.619738
5.103160,0.619652
5.103570,0.619568
5.103980,0.619482
5.104390,0.619398
5.104800,0.619313
5.105210,0.619229
5.105620,0.619144
5.106030,0.619059
5.106440,0.618975
5.106850,0.618889
5.107260,0.618804
5.107670,0.618721
5.108080,0.618636
5.108490,0.618552
5.108900,0.618467
5.109310,0.618384
5.109720,0.618299
5.110130,0.618215
5.110540,0.618130
5.110950,0.618046
5.111360,0.617962
5.111770,0.617878
5.112180,0.617795
5.112590,0.617710
5.113000,0.617626
5.113410,0.617543
5.113820,0.617459
5.114230,0.617375
5.114640,0.617292
5.115051,0.617208
5.115461,0.617125
5.115871,0.617041
5.116281,0.616956
5.116691,0.616874
5.117101,0.616790
5.117511,0.616706
5.117921,0.616623
5.118331,0.616540
5.118741,0.616456
5.119151,0.616373
5.119561,0.616290
5.119971,0.616207
5.120381,0.616124
5.120791,0.616041
5.121201,0.615957
5.121611,0.615874
5.122021,0.615792
5.122431,0.615709
5.122841,0.615626
5.123251,0.615543
5.123661,0.615461
5.124071,0.615378
5.124481,0.615295
5.124891,0.615213
5.125301,0.615131
5.125711,0.615048
5.126121,0.614965
5.126531,0.614883
5.126941,0.614800
5.127351,0.614718
5.127761,0.614636
5.128171,0.614553
5.128581,0.614471
5.128991,0.614388
5.129401,0.614306
5.129811,0.614225
5.130221,0.614143
5.130631,0.614060
5.131041,0.613978
5.131451,0.613897
5.131861,0.613815
5.132271,0.613733
5.132681,0.613651
5.133091,0.613570
5.133501,0.613488
5.133911,0.613406
5.134321,0.613324
5.134731,0.613243
5.135141,0.613161
5.135551,0.613080
5.135961,0.612998
5.136371,0.612917
5.136781,0.612835
5.137191,0.612755
5.137601,0.612672
5.138011,0.612592
5.138421,0.612511
5.138831,0.612429
5.139241,0.612348
5.139651,0.612267
5.140061,0.612186
5.140471,0.612105
5.140881,0.612024
5.141291,0.611943
5.141701,0.611862
5.142111,0.611782
5.142521,0.611701
5.142931,0.611620
5.143341,0.611539
5.143751,0.611459
5.144161,0.611379
5.144571,0.611297
5.144981,0.611217
5.145392,0.611138
5.145802,0.611057
5.146212,0.610976
5.146622,0.610896
5.147032,0.610815
5.147442,0.610735
5.147852,0.610655
5.148262,0.610575
5.148672,0.610494
5.149082,0.610415
5.149492,0.610334
5.149902,0.610254
5.150312,0.610174
5.150722,0.610094
5.151132,0.610014
5.151542,0.609935
5.151952,0.609855
5.152362,0.609776
5.152772,0.609696
5.153182,0.609616
5.153592,0.609536
5.154002,0.609457
5.154412,0.609377
5.154822,0.609298
5.155232,0.609218
5.155642,0.609139
5.156052,0.609059
5.156462,0.608980
5.156872,0.608901
5.157282,0.608822
5.157692,0.608742
5.158102,0.608663
5.158512,0.608583
5.158922,0.608504
5.159332,0.608425
5.159742,0.608347
5.160152,0.608268
5.160562,0.608189
5.160972,0.608110
5.161382,0.608031
5.161792,0.607952
5.162202,0.607874
5.162612,0.607795
5.163022,0.607717
5.163432,0.607638
5.163842,0.607559
5.164252,0.607480
5.164662,0.607402
5.165072,0.607324
5.165482,0.607245
5.165892,0.607167
5.166302,0.607088
5.166712,0.607010
5.167122,0.606932
5.167532,0.606853
5.167942,0.606776
5.168352,0.606697
5.168762,0.606620
5.169172,0.606541
5.169582,0.606463
5.169992,0.606386
5.170402,0.606308
5.170812,0.606230
5.171222,0.606152
5.171632,0.606074
5.172042,0.605996
5.172452,0.605918
5.172862,0.605842
5.173272,0.605764
5.173682,0.605686
5.174092,0.605608
5.174502,0.605531
5.174912,0.605453
5.175323,0.605376
5.175733,0.605298
5.176143,0.605220
5.176553,0.605143
5.176963,0.605067
5.177373,0.604989
5.177783,0.604911
5.178193,0.604834
5.178603,0.604758
5.179013,0.604680
5.179423,0.604603
5.179833,0.604526
5.180243,0.604449
5.180653,0.604373
5.181063,0.604296
5.181473,0.604219
5.181883,0.604143
5.182293,0.604065
5.182703,0.603989
5.183113,0.603912
5.183523,0.603835
5.183933,0.603759
5.184343,0.603682
5.184753,0.603606
5.185163,0.603529
5.185573,0.603453
5.185983,0.603377
5.186393,0.603299
5.186803,0.603224
5.187213,0.603147
5.187623,0.603072
5.188033,0.602995
5.188443,0.602919
5.188853,0.602843
5.189263,0.602767
5.189673,0.602691
5.190083,0.602615
5.190493,0.602539
5.190903,0.602463
5.191313,0.602386
5.191723,0.602312
5.192133,0.602235
5.192543,0.602160
5.192953,0.602084
5.193363,0.602009
5.193773,0.601933
5.194183,0.601857
5.194593,0.601782
5.195003,0.601707
5.195413,0.601632
5.195823,0.601556
5.196233,0.601481
5.196643,0.601404
5.197053,0.601329
5.197463,0.601254
5.197873,0.601179
5.198283,0.601103
5.198693,0.601029
5.199103,0.600953
5.199513,0.600878
5.199923,0.600803
5.200333,0.600729
5.200743,0.600654
5.201153,0.600579
5.201563,0.600504
5.201973,0.600429
5.202383,0.600354
5.202793,0.600280
5.203203,0.600205
5.203613,0.600130
5.204023,0.600055
5.204433,0.599981
5.204843,0.599907
5.205254,0.599832
5.205664,0.599758
5.206074,0.599683
5.206484,0.599609
5.206894,0.599533
5.207304,0.599459
5.207714,0.599386
5.208124,0.599311
5.208534,0.599237
5.208944,0.599163
5.209354,0.599089
5.209764,0.599014
5.210174,0.598941
5.210584,0.598867
5.210994,0.598792
5.211404,0.598719
5.211814,0.598645
5.212224,0.598572
5.212634,0.598498
5.213044,0.598424
5.213454,0.598349
5.213864,0.598276
5.214274,0.598202
5.214684,0.598128
5.215094,0.598055
5.215504,0.597981
5.215914,0.597909
5.216324,0.597834
5.216734,0.597760
5.217144,0.597688
5.217554,0.597615
5.217964,0.597541
5.218374,0.597468
5.218784,0.597395
5.219194,0.597322
5.219604,0.597248
5.220014,0.597175
5.220424,0.597101
5.220834,0.597029
5.221244,0.596956
5.221654,0.596883
5.222064,0.596811
5.222474,0.596737
5.222884,0.596664
5.223294,0.596591
5.223704,0.596519
5.224114,0.596446
5.224524,0.596374
5.224934,0.596300
5.225344,0.596228
5.225754,0.596155
5.226164,0.596082
5.226574,0.596010
5.226984,0.595938
5.227394,0.595865
5.227804,0.595793
5.228214,0.595721
5.228624,0.595649
5.229034,0.595576
5.229444,0.595504
5.229854,0.595431
5.230264,0.595360
5.230674,0.595287
5.231084,0.595215
5.231494,0.595143
5.231904,0.595071
5.232314,0.594999
5.232724,0.594927
5.233134,0.594855
5.233544,0.594783
5.233954,0.594712
5.234364,0.594640
5.234774,0.594568
5.235185,0.594496
5.235595,0.594424
5.236005,0.594352
5.236415,0.594282
5.236825,0.594210
5.237235,0.594138
5.237645,0.594067
5.238055,0.593995
5.238465,0.593924
5.238875,0.593852
5.239285,0.593781
5.239695,0.593710
5.240105,0.593638
5.240515,0.593567
5.240925,0.593496
5.241335,0.593425
5.241745,0.593354
5.242155,0.593283
5.242565,0.593212
5.242975,0.593141
5.243385,0.593070
5.243795,0.592998
5.244205,0.592928
5.244615,0.592857
5.245025,0.592786
5.245435,0.592715
5.245845,0.592644
5.246255,0.592574
5.246665,0.592503
5.247075,0.592433
5.247485,0.592362
5.247895,0.592291
5.248305,0.592221
5.248715,0.592150
5.249125,0.592080
5.249535,0.592010
5.249945,0.591939
5.250355,0.591869
5.250765,0.591798
5.251175,0.591729
5.251585,0.591658
5.251995,0.591588
5.252405,0.591518
5.252815,0.591448
5.253225,0.591377
5.253635,0.591308
5.254045,0.591238
5.254455,0.591167
5.254865,0.591097
5.255275,0.591028
5.255685,0.590958
5.256095,0.590888
5.256505,0.590818
5.256915,0.590749
5.257325,0.590679
5.257735,0.590609
5.258145,0.590539
5.258555,0.590469
5.258965,0.590400
5.259375,0.590331
5.259785,0.590261
5.260195,0.590192
5.260605,0.590122
5.261015,0.590053
5.261425,0.589984
5.261835,0.589915
5.262245,0.589845
5.262655,0.589776
5.263065,0.589707
5.263475,0.589637
5.263885,0.589568
5.264295,0.589499
5.264705,0.589430
5.265116,0.589361
5.265526,0.589292
5.265936,0.589223
5.266346,0.589154
5.266756,0.589085
5.267166,0.589016
5.267576,0.588947
5.267986,0.588878
5.268396,0.588810
5.268806,0.588742
5.269216,0.588673
5.269626,0.588604
5.270036,0.588535
5.270446,0.588467
5.270856,0.588398
5.271266,0.588330
5.271676,0.588261
5.272086,0.588193
5.272496,0.588124
5.272906,0.588056
5.273316,0.587987
5.273726,0.587919
5.274136,0.587851
5.274546,0.587783
5.274956,0.587714
5.275366,0.587647
5.275776,0.587579
5.276186,0.587511
5.276596,0.587442
5.277006,0.587375
5.277416,0.587306
5.277826,0.587239
5.278236,0.587170
5.278646,0.587103
5.279056,0.587035
5.279466,0.586967
5.279876,0.586900
5.280286,0.586832
5.280696,0.586764
5.281106,0.586696
5.281516,0.586629
5.281926,0.586561
5.282336,0.586494
5.282746,0.586426
5.283156,0.586358
5.283566,0.586291
5.283976,0.586224
5.284386,0.586156
5.284796,0.586090
5.285206,0.586022
5.285616,0.585955
5.286026,0.585887
5.286436,0.585821
5.286846,0.585752
5.287256,0.585686
5.287666,0.585619
5.288076,0.585552
5.288486,0.585484
5.288896,0.585418
5.289306,0.585351
5.289716,0.585284
5.290126,0.585217
5.290536,0.585151
5.290946,0.585084
5.291356,0.585017
5.291766,0.584950
5.292176,0.584884
5.292586,0.584817
5.292996,0.584750
5.293406,0.584684
5.293816,0.584617
5.294226,0.584550
5.294636,0.584484
5.295047,0.584417
5.295457,0.584352
5.295867,0.584285
5.296277,0.584218
5.296687,0.584152
5.297097,0.584086
5.297507,0.584019
5.297917,0.583953
5.298327,0.583887
5.298737,0.583821
5.299147,0.583755
5.299557,0.583689
5.299967,0.583623
5.300377,0.583557
5.300787,0.583491
5.301197,0.583425
5.301607,0.583359
5.302017,0.583293
5.302427,0.583228
5.302837,0.583162
5.303247,0.583096
5.303657,0.583030
5.304067,0.582964
5.304477,0.582899
5.304887,0.582834
5.305297,0.582768
5.305707,0.582702
5.306117,0.582636
5.306527,0.582571
5.306937,0.582505
5.307347,0.582440
5.307757,0.582375
5.308167,0.582309
5.308577,0.582244
5.308987,0.582179
5.309397,0.582113
5.309807,0.582048
5.310217,0.581983
5.310627,0.581918
5.311037,0.581853
5.311447,0.581787
5.311857,0.581723
5.312267,0.581657
5.312677,0.581592
5.313087,0.581528
5.313497,0.581463
5.313907,0.581398
5.314317,0.581333
5.314727,0.581269
5.315137,0.581204
5.315547,0.581139
5.315957,0.581074
5.316367,0.581009
5.316777,0.580945
5.317187,0.580880
5.317597,0.580816
5.318007,0.580751
5.318417,0.580686
5.318827,0.580622
5.319237,0.580557
5.319647,0.580493
5.320057,0.580429
5.320467,0.580364
5.320877,0.580299
5.321287,0.580236
5.321697,0.580171
5.322107,0.580107
5.322517,0.580043
5.322927,0.579979
5.323337,0.579915
5.323747,0.579851
5.324157,0.579787
5.324567,0.579723
5.324977,0.579659
5.325388,0.579595
5.325798,0.579530
5.326208,0.579467
5.326618,0.579403
5.327028,0.579340
5.327438,0.579275
5.327848,0.579212
5.328258,0.579148
5.328668,0.579085
5.329078,0.579021
5.329488,0.578957
5.329898,0.578893
5.330308,0.578830
5.330718,0.578767
5.331128,0.578703
5.331538,0.578640
5.331948,0.578577
5.332358,0.578513
5.332768,0.578449
5.333178,0.578387
5.333588,0.578323
5.333998,0.578260
5.334408,0.578197
5.334818,0.578133
5.335228,0.578070
5.335638,0.578008
5.336048,0.577944
5.336458,0.577881
5.336868,0.577817
5.337278,0.577755
5.337688,0.577692
5.338098,0.577629
5.338508,0.577566
5.338918,0.577504
5.339328,0.577440
5.339738,0.577379
5.340148,0.577315
5.340558,0.577252
5.340968,0.577190
5.341378,0.577127
5.341788,0.577065
5.342198,0.577002
5.342608,0.576939
5.343018,0.576877
5.343428,0.576815
5.343838,0.576751
5.344248,0.576689
5.344658,0.576627
5.345068,0.576564
5.345478,0.576503
5.345888,0.576439
5.346298,0.576377
5.346708,0.576315
5.347118,0.576253
5.347528,0.576191
5.347938,0.576129
5.348348,0.576066
5.348758,0.576004
5.349168,0.575942
5.349578,0.575881
5.349988,0.575818
5.350398,0.575757
5.350808,0.575694
5.351218,0.575632
5.351628,0.575572
5.352038,0.575509
5.352448,0.575448
5.352858,0.575385
5.353268,0.575323
5.353678,0.575262
5.354088,0.575200
5.354498,0.575139
5.354908,0.575077
5.355319,0.575016
5.355729,0.574954
5.356139,0.574893
5.356549,0.574831
5.356959,0.574770
5.357369,0.574709
5.357779,0.574647
5.358189,0.574585
5.358599,0.574524
5.359009,0.574462
5.359419,0.574402
5.359829,0.574340
5.360239,0.574279
5.360649,0.574219
5.361059,0.574157
5.361469,0.574096
5.361879,0.574035
5.362289,0.573973
5.362699,0.573913
5.363109,0.573853
5.363519,0.573791
5.363929,0.573730
5.364339,0.573669
5.364749,0.573609
5.365159,0.573548
5.365569,0.573487
5.365979,0.573427
5.366389,0.573366
5.366799,0.573304
5.367209,0.573245
5.367619,0.573183
5.368029,0.573123
5.368439,0.573062
5.368849,0.573002
5.369259,0.572941
5.369669,0.572881
5.370079,0.572820
5.370489,0.572761
5.370899,0.572700
5.371309,0.572639
5.371719,0.572580
5.372129,0.572518
5.372539,0.572459
5.372949,0.572398
5.373359,0.572338
5.373769,0.572278
5.374179,0.572218
5.374589,0.572158
5.374999,0.572098
5.375409,0.572038
5.375819,0.571978
5.376229,0.571918
5.376639,0.571858
5.377049,0.571797
5.377459,0.571738
5.377869,0.571679
5.378279,0.571618
5.378689,0.571559
5.379099,0.571499
5.379509,0.571439
5.379919,0.571379
5.380329,0.571321
5.380739,0.571261
5.381149,0.571201
5.381559,0.571141
5.381969,0.571081
5.382379,0.571022
5.382789,0.570963
5.383199,0.570904
5.383609,0.570844
5.384019,0.570785
5.384429,0.570725
5.384839,0.570666
5.385250,0.570606
5.385660,0.570547
5.386070,0.570488
5.386480,0.570429
5.386890,0.570369
5.387300,0.570310
5.387710,0.570251
5.388120,0.570192
5.388530,0.570133
5.388940,0.570074
5.389350,0.570016
5.389760,0.569957
5.390170,0.569898
5.390580,0.569839
5.390990,0.569780
5.391400,0.569721
5.391810,0.569663
5.392220,0.569604
5.392630,0.569544
5.393040,0.569485
5.393450,0.569428
5.393860,0.569369
5.394270,0.569310
5.394680,0.569252
5.395090,0.569193
5.395500,0.569134
5.395910,0.569076
5.396320,0.569018
5.396730,0.568959
5.397140,0.568901
5.397550,0.568843
5.397960,0.568784
5.398370,0.568726
5.398780,0.568668
5.399190,0.568609
5.399600,0.568551
5.400010,0.568493
5.400420,0.568435
5.400830,0.568377
5.401240,0.568318
5.401650,0.568261
5.402060,0.568202
5.402470,0.568145
5.402880,0.568087
5.403290,0.568028
5.403700,0.567970
5.404110,0.567913
5.404520,0.567855
5.404930,0.567796
5.405340,0.567739
5.405750,0.567682
5.406160,0.567624
5.406570,0.567566
5.406980,0.567509
5.407390,0.567451
5.407800,0.567393
5.408210,0.567335
5.408620,0.567278
5.409030,0.567220
5.409440,0.567163
5.409850,0.567105
5.410260,0.567048
5.410670,0.566991
5.411080,0.566933
5.411490,0.566875
5.411900,0.566818
5.412310,0.566761
5.412720,0.566704
5.413130,0.566647
5.413540,0.566589
5.413950,0.566532
5.414360,0.566476
5.414770,0.566418
5.415181,0.566361
5.415591,0.566304
5.416001,0.566247
5.416411,0.566190
5.416821,0.566133
5.417231,0.566076
5.417641,0.566020
5.418051,0.565962
5.418461,0.565906
5.418871,0.565849
5.419281,0.565792
5.419691,0.565735
5.420101,0.565679
5.420511,0.565621
5.420921,0.565565
5.421331,0.565509
5.421741,0.565452
5.422151,0.565396
5.422561,0.565338
5.422971,0.565282
5.423381,0.565226
5.423791,0.565169
5.424201,0.565112
5.424611,0.565056
5.425021,0.564999
5.425431,0.564944
5.425841,0.564888
5.426251,0.564831
5.426661,0.564774
5.427071,0.564718
5.427481,0.564662
5.427891,0.564606
5.428301,0.564550
5.428711,0.564494
5.429121,0.564437
5.429531,0.564382
5.429941,0.564325
5.430351,0.564270
5.430761,0.564214
5.431171,0.564158
5.431581,0.564102
5.431991,0.564046
5.432401,0.563990
5.432811,0.563934
5.433221,0.563879
5.433631,0.563823
5.434041,0.563767
5.434451,0.563711
5.434861,0.563655
5.435271,0.563600
5.435681,0.563544
5.436091,0.563488
5.436501,0.563433
5.436911,0.563377
5.437321,0.563322
5.437731,0.563267
5.438141,0.563210
5.438551,0.563155
5.438961,0.563100
5.439371,0.563045
5.439781,0.562990
5.440191,0.562934
5.440601,0.562878
5.441011,0.562823
5.441421,0.562768
5.441831,0.562713
5.442241,0.562658
5.442651,0.562603
5.443061,0.562549
5.443471,0.562493
5.443881,0.562437
5.444291,0.562382
5.444701,0.562327
5.445112,0.562273
5.445522,0.562217
5.445932,0.562163
5.446342,0.562108
5.446752,0.562053
5.447162,0.561998
5.447572,0.561943
5.447982,0.561889
5.448392,0.561833
5.448802,0.561779
5.449212,0.561725
5.449622,0.561670
5.450032,0.561616
5.450442,0.561561
5.450852,0.561506
5.451262,0.561451
5.451672,0.561397
5.452082,0.561343
5.452492,0.561288
5.452902,0.561233
5.453312,0.561179
5.453722,0.561124
5.454132,0.561070
5.454542,0.561016
5.454952,0.560962
5.455362,0.560908
5.455772,0.560853
5.456182,0.560798
5.456592,0.560746
5.457002,0.560691
5.457412,0.560636
5.457822,0.560582
5.458232,0.560528
5.458642,0.560474
5.459052,0.560420
5.459462,0.560366
5.459872,0.560312
5.460282,0.560258
5.460692,0.560204
5.461102,0.560150
5.461512,0.560097
5.461922,0.560043
5.462332,0.559989
5.462742,0.559936
5.463152,0.559881
5.463562,0.559828
5.463972,0.559774
5.464382,0.559721
5.464792,0.559667
5.465202,0.559613
5.465612,0.559560
5.466022,0.559506
5.466432,0.559453
5.466842,0.559399
5.467252,0.559346
5.467662,0.559293
5.468072,0.559238
5.468482,0.559185
5.468892,0.559132
5.469302,0.559079
5.469712,0.559025
5.470122,0.558972
5.470532,0.558919
5.470942,0.558865
5.471352,0.558812
5.471762,0.558759
5.472172,0.558705
5.472582,0.558653
5.472992,0.558600
5.473402,0.558547
5.473812,0.558494
5.474222,0.558441
5.474632,0.558388
5.475043,0.558336
5.475453,0.558282
5.475863,0.558229
5.476273,0.558177
5.476683,0.558123
5.477093,0.558070
5.477503,0.558018
5.477913,0.557966
5.478323,0.557912
5.478733,0.557860
5.479143,0.557807
5.479553,0.557754
5.479963,0.557702
5.480373,0.557649
5.480783,0.557596
5.481193,0.557544
5.481603,0.557492
5.482013,0.557440
5.482423,0.557387
5.482833,0.557334
5.483243,0.557282
5.483653,0.557230
5.484063,0.557177
5.484473,0.557124
5.484883,0.557073
5.485293,0.557021
5.485703,0.556968
5.486113,0.556916
5.486523,0.556864
5.486933,0.556811
5.487343,0.556759
5.487753,0.556707
5.488163,0.556655
5.488573,0.556603
5.488983,0.556552
5.489393,0.556498
5.489803,0.556447
5.490213,0.556395
5.490623,0.556343
5.491033,0.556291
5.491443,0.556239
5.491853,0.556188
5.492263,0.556136
5.492673,0.556084
5.493083,0.556032
5.493493,0.555981
5.493903,0.555929
5.494313,0.555877
5.494723,0.555825
5.495133,0.555773
5.495543,0.555723
5.495953,0.555670
5.496363,0.555619
5.496773,0.555567
5.497183,0.555515
5.497593,0.555464
5.498003,0.555413
5.498413,0.555362
5.498823,0.555310
5.499233,0.555258
5.499643,0.555208
5.500053,0.555157
5.500463,0.555104
5.500873,0.555055
5.501283,0.555003
5.501693,0.554952
5.502103,0.554900
5.502513,0.554849
5.502923,0.554798
5.503333,0.554746
5.503743,0.554696
5.504153,0.554645
5.504563,0.554594
5.504973,0.554543
5.505384,0.554492
5.505794,0.554440
5.506204,0.554390
5.506614,0.554339
5.507024,0.554288
5.507434,0.554237
5.507844,0.554186
5.508254,0.554136
5.508664,0.554085
5.509074,0.554034
5.509484,0.553983
5.509894,0.553932
5.510304,0.553882
5.510714,0.553831
5.511124,0.553780
5.511534,0.553730
5.511944,0.553679
5.512354,0.553629
5.512764,0.553578
5.513174,0.553528
5.513584,0.553478
5.513994,0.553427
5.514404,0.553376
5.514814,0.553327
5.515224,0.553277
5.515634,0.553226
5.516044,0.553175
5.516454,0.553125
5.516864,0.553075
5.517274,0.553025
5.517684,0.552975
5.518094,0.552924
5.518504,0.552874
5.518914,0.552824
5.519324,0.552774
5.519734,0.552724
5.520144,0.552674
5.520554,0.552624
5.520964,0.552573
5.521374,0.552524
5.521784,0.552474
5.522194,0.552424
5.522604,0.552374
5.523014,0.552324
5.523424,0.552275
5.523834,0.552225
5.524244,0.552175
5.524654,0.552125
5.525064,0.552076
5.525474,0.552026
5.525884,0.551977
5.526294,0.551926
5.526704,0.551877
5.527114,0.551828
5.527524,0.551777
5.527934,0.551728
5.528344,0.551679
5.528754,0.551630
5.529164,0.551580
5.529574,0.551530
5.529984,0.551481
5.530394,0.551432
5.530804,0.551382
5.531214,0.551333
5.531624,0.551283
5.532034,0.551234
5.532444,0.551185
5.532854,0.551136
5.533264,0.551087
5.533674,0.551037
5.534084,0.550988
5.534494,0.550938
5.534904,0.550889
5.535315,0.550840
5.535725,0.550791
5.536135,0.550742
5.536545,0.550694
5.536955,0.550644
5.537365,0.550596
5.537775,0.550547
5.538185,0.550498
5.538595,0.550449
5.539005,0.550400
5.539415,0.550351
5.539825,0.550302
5.540235,0.550253
5.540645,0.550205
5.541055,0.550156
5.541465,0.550107
5.541875,0.550058
5.542285,0.550010
5.542695,0.549962
5.543105,0.549912
5.543515,0.549864
5.543925,0.549815
5.544335,0.549767
5.544745,0.549718
5.545155,0.549670
5.545565,0.549621
5.545975,0.549573
5.546385,0.549525
5.546795,0.549476
5.547205,0.549427
5.547615,0.549379
5.548025,0.549331
5.548435,0.549283
5.548845,0.549235
5.549255,0.549186
5.549665,0.549137
5.550075,0.549089
5.550485,0.549041
5.550895,0.548994
5.551305,0.548946
5.551715,0.548897
5.552125,0.548850
5.552535,0.548800
5.552945,0.548753
5.553355,0.548705
5.553765,0.548657
5.554175,0.548610
5.554585,0.548561
5.554995,0.548514
5.555405,0.548466
5.555815,0.548417
5.556225,0.548370
5.556635,0.548322
5.557045,0.548274
5.557455,0.548226
5.557865,0.548179
5.558275,0.548131
5.558685,0.548084
5.559095,0.548036
5.559505,0.547988
5.559915,0.547940
5.560325,0.547893
5.560735,0.547845
5.561145,0.547798
5.561555,0.547751
5.561965,0.547702
5.562375,0.547656
5.562785,0.547608
5.563195,0.547560
5.563605,0.547512
5.564015,0.547465
5.564425,0.547418
5.564835,0.547371
5.565246,0.547323
5.565656,0.547277
5.566066,0.547229
5.566476,0.547181
5.566886,0.547135
5.567296,0.547088
5.567706,0.547041
5.568116,0.546993
5.568526,0.546946
5.568936,0.546899
5.569346,0.546852
5.569756,0.546804
5.570166,0.546758
5.570576,0.546711
5.570986,0.546664
5.571396,0.546617
5.571806,0.546570
5.572216,0.546523
5.572626,0.546476
5.573036,0.546429
5.573446,0.546382
5.573856,0.546335
5.574266,0.546289
5.574676,0.546242
5.575086,0.546195
5.575496,0.546149
5.575906,0.546102
5.576316,0.546055
5.576726,0.546010
5.577136,0.545963
5.577546,0.545915
5.577956,0.545869
5.578366,0.545823
5.578776,0.545776
5.579186,0.545731
5.579596,0.545683
5.580006,0.545637
5.580416,0.545591
5.580826,0.545545
5.581236,0.545498
5.581646,0.545451
5.582056,0.545405
5.582466,0.545359
5.582876,0.545312
5.583286,0.545266
5.583696,0.545220
5.584106,0.545173
5.584516,0.545128
5.584926,0.545082
5.585336,0.545035
5.585746,0.544989
5.586156,0.544944
5.586566,0.544896
5.586976,0.544852
5.587386,0.544806
5.587796,0.544760
5.588206,0.544714
5.588616,0.544667
5.589026,0.544621
5.589436,0.544576
5.589846,0.544531
5.590256,0.544484
5.590666,0.544438
5.591076,0.544392
5.591486,0.544345
5.591896,0.544301
5.592306,0.544255
5.592716,0.544209
5.593126,0.544163
5.593536,0.544118
5.593946,0.544072
5.594356,0.544026
5.594766,0.543981
5.595177,0.543935
5.595587,0.543890
5.595997,0.543845
5.596407,0.543799
5.596817,0.543753
5.597227,0.543708
5.597637,0.543663
5.598047,0.543617
5.598457,0.543572
5.598867,0.543527
5.599277,0.543481
5.599687,0.543435
5.600097,0.543390
5.600507,0.543346
5.600917,0.543300
5.601327,0.543255
5.601737,0.543209
5.602147,0.543164
5.602557,0.543119
5.602967,0.543074
5.603377,0.543029
5.603787,0.542984
5.604197,0.542939
5.604607,0.542894
5.605017,0.542849
5.605427,0.542804
5.605837,0.542759
5.606247,0.542714
5.606657,0.542669
5.607067,0.542624
5.607477,0.542579
5.607887,0.542534
5.608297,0.542490
5.608707,0.542444
5.609117,0.542401
5.609527,0.542356
5.609937,0.542310
5.610347,0.542266
5.610757,0.542221
5.611167,0.542176
5.611577,0.542132
5.611987,0.542087
5.612397,0.542043
5.612807,0.541998
5.613217,0.541954
5.613627,0.541909
5.614037,0.541864
5.614447,0.541820
5.614857,0.541775
5.615267,0.541731
5.615677,0.541687
5.616087,0.541643
5.616497,0.541598
5.616907,0.541554
5.617317,0.541509
5.617727,0.541465
5.618137,0.541421
5.618547,0.541377
5.618957,0.541332
5.619367,0.541287
5.619777,0.541244
5.620187,0.541200
5.620597,0.541155
5.621007,0.541111
5.621417,0.541067
5.621827,0.541023
5.622237,0.540979
5.622647,0.540935
5.623057,0.540891
5.623467,0.540846
5.623877,0.540803
5.624287,0.540760
5.624697,0.540715
5.625108,0.540671
5.625518,0.540627
5.625928,0.540583
5.626338,0.540540
5.626748,0.540496
5.627158,0.540452
5.627568,0.540408
5.627978,0.540364
5.628388,0.540321
5.628798,0.540277
5.629208,0.540233
5.629618,0.540190
5.630028,0.540147
5.630438,0.540103
5.630848,0.540059
5.631258,0.540015
5.631668,0.539972
5.632078,0.539929
5.632488,0.539885
5.632898,0.539841
5.633308,0.539798
5.633718,0.539755
5.634128,0.539712
5.634538,0.539668
5.634948,0.539625
5.635358,0.539581
5.635768,0.539538
5.636178,0.539495
5.636588,0.539451
5.636998,0.539408
5.637408,0.539365
5.637818,0.539320
5.638228,0.539278
5.638638,0.539235
5.639048,0.539192
5.639458,0.539149
5.639868,0.539105
5.640278,0.539063
5.640688,0.539020
5.641098,0.538977
5.641508,0.538934
5.641918,0.538891
5.642328,0.538847
5.642738,0.538805
5.643148,0.538762
5.643558,0.538719
5.643968,0.538676
5.644378,0.538633
5.644788,0.538590
5.645198,0.538547
5.645608,0.538505
5.646018,0.538462
5.646428,0.538420
5.646838,0.538377
5.647248,0.538333
5.647658,0.538291
5.648068,0.538249
5.648478,0.538207
5.648888,0.538164
5.649298,0.538121
5.649708,0.538078
5.650118,0.538035
5.650528,0.537993
5.650938,0.537950
5.651348,0.537908
5.651758,0.537865
5.652168,0.537823
5.652578,0.537780
5.652988,0.537738
5.653398,0.537696
5.653808,0.537653
5.654218,0.537611
5.654628,0.537568
5.655039,0.537526
5.655449,0.537484
5.655859,0.537442
5.656269,0.537400
5.656679,0.537357
5.657089,0.537315
5.657499,0.537273
5.657909,0.537231
5.658319,0.537188
5.658729,0.537147
5.659139,0.537104
5.659549,0.537063
5.659959,0.537021
5.660369,0.536978
5.660779,0.536937
5.661189,0.536894
5.661599,0.536853
5.662009,0.536810
5.662419,0.536769
5.662829,0.536727
5.663239,0.536685
5.663649,0.536643
5.664059,0.536602
5.664469,0.536560
5.664879,0.536518
5.665289,0.536476
5.665699,0.536434
5.666109,0.536392
5.666519,0.536351
5.666929,0.536309
5.667339,0.536268
5.667749,0.536226
5.668159,0.536184
5.668569,0.536142
5.668979,0.536101
5.669389,0.536060
5.669799,0.536018
5.670209,0.535977
5.670619,0.535935
5.671029,0.535894
5.671439,0.535852
5.671849,0.535811
5.672259,0.535770
5.672669,0.535727
5.673079,0.535686
5.673489,0.535645
5.673899,0.535604
5.674309,0.535562
5.674719,0.535521
5.675129,0.535480
5.675539,0.535439
5.675949,0.535398
5.676359,0.535356
5.676769,0.535315
5.677179,0.535274
5.677589,0.535233
5.677999,0.535192
5.678409,0.535151
5.678819,0.535110
5.679229,0.535068
5.679639,0.535027
5.680049,0.534987
5.680459,0.534947
5.680869,0.534905
5.681279,0.534864
5.681689,0.534823
5.682099,0.534782
5.682509,0.534742
5.682919,0.534700
5.683329,0.534659
5.683739,0.534619
5.684149,0.534578
5.684559,0.534537
5.684969,0.534497
5.685380,0.534456
5.685790,0.534415
5.686200,0.534375
5.686610,0.534333
5.687020,0.534293
5.687430,0.534252
5.687840,0.534212
5.688250,0.534171
5.688660,0.534131
5.689070,0.534090
5.689480,0.534049
5.689890,0.534009
5.690300,0.533968
5.690710,0.533928
5.691120,0.533888
5.691530,0.533847
5.691940,0.533806
5.692350,0.533766
5.692760,0.533726
5.693170,0.533686
5.693580,0.533645
5.693990,0.533605
5.694400,0.533565
5.694810,0.533525
5.695220,0.533484
5.695630,0.533444
5.696040,0.533404
5.696450,0.533364
5.696860,0.533323
5.697270,0.533283
5.697680,0.533243
5.698090,0.533203
5.698500,0.533163
5.698910,0.533123
5.699320,0.533083
5.699730,0.533043
5.700140,0.533003
5.700550,0.532963
5.700960,0.532923
5.701370,0.532883
5.701780,0.532843
5.702190,0.532803
5.702600,0.532763
5.703010,0.532724
5.703420,0.532683
5.703830,0.532644
5.704240,0.532604
5.704650,0.532564
5.705060,0.532524
5.705470,0.532485
5.705880,0.532444
5.706290,0.532406
5.706700,0.532366
5.707110,0.532326
5.707520,0.532287
5.707930,0.532247
5.708340,0.532207
5.708750,0.532168
5.709160,0.532128
5.709570,0.532089
5.709980,0.532048
5.710390,0.532009
5.710800,0.531970
5.711210,0.531931
5.711620,0.531891
5.712030,0.531852
5.712440,0.531812
5.712850,0.531773
5.713260,0.531734
5.713670,0.531695
5.714080,0.531655
5.714490,0.531616
5.714900,0.531577
5.715311,0.531537
5.715721,0.531498
5.716131,0.531458
5.716541,0.531420
5.716951,0.531381
5.717361,0.531341
5.717771,0.531302
5.718181,0.531262
5.718591,0.531225
5.719001,0.531185
5.719411,0.531146
5.719821,0.531107
5.720231,0.531068
5.720641,0.531028
5.721051,0.530989
5.721461,0.530951
5.721871,0.530912
5.722281,0.530873
5.722691,0.530834
5.723101,0.530795
5.723511,0.530756
5.723921,0.530718
5.724331,0.530679
5.724741,0.530640
5.725151,0.530601
5.725561,0.530562
5.725971,0.530524
5.726381,0.530485
5.726791,0.530447
5.727201,0.530408
5.727611,0.530369
5.728021,0.530330
5.728431,0.530292
5.728841,0.530253
5.729251,0.530214
5.729661,0.530175
5.730071,0.530137
5.730481,0.530099
5.730891,0.530060
5.731301,0.530022
5.731711,0.529983
5.732121,0.529945
5.732531,0.529906
5.732941,0.529868
5.733351,0.529830
5.733761,0.529791
5.734171,0.529753
5.734581,0.529715
5.734991,0.529677
5.735401,0.529638
5.735811,0.529600
5.736221,0.529561
5.736631,0.529523
5.737041,0.529485
5.737451,0.529447
5.737861,0.529408
5.738271,0.529371
5.738681,0.529332
5.739091,0.529294
5.739501,0.529256
5.739911,0.529218
5.740321,0.529180
5.740731,0.529143
5.741141,0.529104
5.741551,0.529066
5.741961,0.529028
5.742371,0.528990
5.742781,0.528952
5.743191,0.528914
5.743601,0.528877
5.744011,0.528839
5.744421,0.528800
5.744831,0.528763
5.745242,0.528726
5.745652,0.528687
5.746062,0.528649
5.746472,0.528612
5.746882,0.528574
5.747292,0.528536
5.747702,0.528498
5.748112,0.528460
5.748522,0.528423
5.748932,0.528386
5.749342,0.528348
5.749752,0.528310
5.750162,0.528273
5.750572,0.528235
5.750982,0.528197
5.751392,0.528160
5.751802,0.528123
5.752212,0.528085
5.752622,0.528048
5.753032,0.528010
5.753442,0.527972
5.753852,0.527935
5.754262,0.527897
5.754672,0.527860
5.755082,0.527823
5.755492,0.527785
5.755902,0.527748
5.756312,0.527711
5.756722,0.527673
5.757132,0.527636
5.757542,0.527599
5.757952,0.527562
5.758362,0.527525
5.758772,0.527487
5.759182,0.527450
5.759592,0.527413
5.760002,0.527376
5.760412,0.527339
5.760822,0.527301
5.761232,0.527265
5.761642,0.527227
5.762052,0.527190
5.762462,0.527153
5.762872,0.527116
5.763282,0.527079
5.763692,0.527043
5.764102,0.527005
5.764512,0.526968
5.764922,0.526932
5.765332,0.526895
5.765742,0.526858
5.766152,0.526821
5.766562,0.526784
5.766972,0.526747
5.767382,0.526711
5.767792,0.526674
5.768202,0.526637
5.768612,0.526600
5.769022,0.526564
5.769432,0.526527
5.769842,0.526489
5.770252,0.526453
5.770662,0.526417
5.771072,0.526380
5.771482,0.526344
5.771892,0.526307
5.772302,0.526270
5.772712,0.526234
5.773122,0.526197
5.773532,0.526161
5.773942,0.526124
5.774352,0.526088
5.774762,0.526051
5.775173,0.526014
5.775583,0.525979
5.775993,0.525942
5.776403,0.525905
5.776813,0.525869
5.777223,0.525833
5.777633,0.525796
5.778043,0.525760
5.778453,0.525724
5.778863,0.525688
5.779273,0.525652
5.779683,0.525615
5.780093,0.525579
5.780503,0.525543
5.780913,0.525506
5.781323,0.525471
5.781733,0.525434
5.782143,0.525398
5.782553,0.525362
5.782963,0.525326
5.783373,0.525290
5.783783,0.525254
5.784193,0.525218
5.784603,0.525181
5.785013,0.525145
5.785423,0.525110
5.785833,0.525074
5.786243,0.525038
5.786653,0.525000
5.787063,0.524966
5.787473,0.524930
5.787883,0.524893
5.788293,0.524858
5.788703,0.524823
5.789113,0.524787
5.789523,0.524751
5.789933,0.524715
5.790343,0.524679
5.790753,0.524644
5.791163,0.524607
5.791573,0.524572
5.791983,0.524536
5.792393,0.524500
5.792803,0.524465
5.793213,0.524429
5.793623,0.524393
5.794033,0.524358
5.794443,0.524322
5.794853,0.524286
5.795263,0.524251
5.795673,0.524215
5.796083,0.524180
5.796493,0.524145
5.796903,0.524109
5.797313,0.524074
5.797723,0.524038
5.798133,0.524003
5.798543,0.523967
5.798953,0.523932
5.799363,0.523897
5.799773,0.523861
5.800183,0.523826
5.800593,0.523790
5.801003,0.523755
5.801413,0.523720
5.801823,0.523685
5.802233,0.523650
5.802643,0.523614
5.803053,0.523579
5.803463,0.523544
5.803873,0.523509
5.804283,0.523473
5.804693,0.523438
5.805104,0.523403
5.805514,0.523368
5.805924,0.523334
5.806334,0.523298
5.806744,0.523263
5.807154,0.523228
5.807564,0.523193
5.807974,0.523157
5.808384,0.523122
5.808794,0.523087
5.809204,0.523053
5.809614,0.523018
5.810024,0.522982
5.810434,0.522948
5.810844,0.522913
5.811254,0.522878
5.811664,0.522843
5.812074,0.522808
5.812484,0.522774
5.812894,0.522739
5.813304,0.522704
5.813714,0.522669
5.814124,0.522635
5.814534,0.522600
5.814944,0.522565
5.815354,0.522531
5.815764,0.522496
5.816174,0.522461
5.816584,0.522426
5.816994,0.522392
5.817404,0.522357
5.817814,0.522323
5.818224,0.522288
5.818634,0.522253
5.819044,0.522219
5.819454,0.522185
5.819864,0.522150
5.820274,0.522116
5.820684,0.522081
5.821094,0.522046
5.821504,0.522013
5.821914,0.521978
5.822324,0.521943
5.822734,0.521909
5.823144,0.521874
5.823554,0.521840
5.823964,0.521806
5.824374,0.521772
5.824784,0.521737
5.825194,0.521703
5.825604,0.521669
5.826014,0.521635
5.826424,0.521600
5.826834,0.521566
5.827244,0.521532
5.827654,0.521498
5.828064,0.521463
5.828474,0.521430
5.828884,0.521395
5.829294,0.521362
5.829704,0.521327
5.830114,0.521293
5.830524,0.521259
5.830934,0.521225
5.831344,0.521191
5.831754,0.521157
5.832164,0.521123
5.832574,0.521089
5.832984,0.521055
5.833394,0.521021
5.833804,0.520987
5.834214,0.520954
5.834624,0.520919
5.835035,0.520885
5.835445,0.520852
5.835855,0.520819
5.836265,0.520784
5.836675,0.520751
5.837085,0.520717
5.837495,0.520683
5.837905,0.520649
5.838315,0.520616
5.838725,0.520581
5.839135,0.520548
5.839545,0.520514
5.839955,0.520480
5.840365,0.520448
5.840775,0.520414
5.841185,0.520380
5.841595,0.520346
5.842005,0.520313
5.842415,0.520280
5.842825,0.520246
5.843235,0.520212
5.843645,0.520179
5.844055,0.520145
5.844465,0.520112
5.844875,0.520078
5.845285,0.520044
5.845695,0.520011
5.846105,0.519978
5.846515,0.519944
5.846925,0.519911
5.847335,0.519877
5.847745,0.519844
5.848155,0.519811
5.848565,0.519778
5.848975,0.519744
5.849385,0.519711
5.849795,0.519678
5.850205,0.519645
5.850615,0.519612
5.851025,0.519579
5.851435,0.519546
5.851845,0.519512
5.852255,0.519480
5.852665,0.519446
5.853075,0.519412
5.853485,0.519380
5.853895,0.519346
5.854305,0.519313
5.854715,0.519281
5.855125,0.519248
5.855535,0.519214
5.855945,0.519182
5.856355,0.519148
5.856765,0.519115
5.857175,0.519082
5.857585,0.519050
5.857995,0.519017
5.858405,0.518984
5.858815,0.518951
5.859225,0.518918
5.859635,0.518885
5.860045,0.518853
5.860455,0.518819
5.860865,0.518787
5.861275,0.518754
5.861685,0.518721
5.862095,0.518689
5.862505,0.518656
5.862915,0.518622
5.863325,0.518591
5.863735,0.518558
5.864145,0.518525
5.864555,0.518492
5.864965,0.518460
5.865376,0.518427
5.865786,0.518394
5.866196,0.518361
5.866606,0.518329
5.867016,0.518296
5.867426,0.518264
5.867836,0.518232
5.868246,0.518199
5.868656,0.518167
5.869066,0.518134
5.869476,0.518102
5.869886,0.518069
5.870296,0.518036
5.870706,0.518005
5.871116,0.517972
5.871526,0.517940
5.871936,0.517907
5.872346,0.517875
5.872756,0.517842
5.873166,0.517810
5.873576,0.517778
5.873986,0.517745
5.874396,0.517714
5.874806,0.517682
5.875216,0.517649
5.875626,0.517617
5.876036,0.517584
5.876446,0.517553
5.876856,0.517520
5.877266,0.517488
5.877676,0.517456
5.878086,0.517424
5.878496,0.517392
5.878906,0.517359
5.879316,0.517328
5.879726,0.517296
5.880136,0.517263
5.880546,0.517231
5.880956,0.517199
5.881366,0.517168
5.881776,0.517135
5.882186,0.517104
5.882596,0.517072
5.883006,0.517040
5.883416,0.517007
5.883826,0.516976
5.884236,0.516944
5.884646,0.516913
5.885056,0.516880
5.885466,0.516848
5.885876,0.516816
5.886286,0.516785
5.886696,0.516753
5.887106,0.516721
5.887516,0.516689
5.887926,0.516658
5.888336,0.516627
5.888746,0.516594
5.889156,0.516563
5.889566,0.516531
5.889976,0.516500
5.890386,0.516467
5.890796,0.516436
5.891206,0.516404
5.891616,0.516373
5.892026,0.516342
5.892436,0.516310
5.892846,0.516279
5.893256,0.516247
5.893666,0.516216
5.894076,0.516184
5.894486,0.516153
5.894896,0.516121
5.895307,0.516089
5.895717,0.516058
5.896127,0.516026
5.896537,0.515995
5.896947,0.515964
5.897357,0.515933
5.897767,0.515901
5.898177,0.515870
5.898587,0.515838
5.898997,0.515808
5.899407,0.515776
5.899817,0.515745
5.900227,0.515713
5.900637,0.515682
5.901047,0.515651
5.901457,0.515619
5.901867,0.515589
5.902277,0.515557
5.902687,0.515526
5.903097,0.515495
5.903507,0.515464
5.903917,0.515432
5.904327,0.515402
5.904737,0.515371
5.905147,0.515340
5.905557,0.515309
5.905967,0.515278
5.906377,0.515246
5.906787,0.515215
5.907197,0.515185
5.907607,0.515154
5.908017,0.515122
5.908427,0.515091
5.908837,0.515061
5.909247,0.515030
5.909657,0.514999
5.910067,0.514968
5.910477,0.514938
5.910887,0.514906
5.911297,0.514875
5.911707,0.514845
5.912117,0.514814
5.912527,0.514783
5.912937,0.514752
5.913347,0.514721
5.913757,0.514691
5.914167,0.514661
5.914577,0.514629
5.914987,0.514599
5.915397,0.514568
5.915807,0.514537
5.916217,0.514506
5.916627,0.514476
5.917037,0.514445
5.917447,0.514415
5.917857,0.514384
5.918267,0.514354
5.918677,0.514323
5.919087,0.514293
5.919497,0.514262
5.919907,0.514232
5.920317,0.514201
5.920727,0.514171
5.921137,0.514140
5.921547,0.514110
5.921957,0.514080
5.922367,0.514049
5.922777,0.514018
5.923187,0.513989
5.923597,0.513958
5.924007,0.513927
5.924417,0.513897
5.924827,0.513867
5.925238,0.513836
5.925648,0.513806
5.926058,0.513776
5.926468,0.513746
5.926878,0.513715
5.927288,0.513685
5.927698,0.513655
5.928108,0.513625
5.928518,0.513595
5.928928,0.513565
5.929338,0.513535
5.929748,0.513504
5.930158,0.513474
5.930568,0.513444
5.930978,0.513414
5.931388,0.513384
5.931798,0.513353
5.932208,0.513323
5.932618,0.513294
5.933028,0.513263
5.933438,0.513234
5.933848,0.513203
5.934258,0.513174
5.934668,0.513143
5.935078,0.513114
5.935488,0.513083
5.935898,0.513054
5.936308,0.513023
5.936718,0.512994
5.937128,0.512964
5.937538,0.512934
5.937948,0.512905
5.938358,0.512875
5.938768,0.512844
5.939178,0.512815
5.939588,0.512786
5.939998,0.512755
5.940408,0.512725
5.940818,0.512696
5.941228,0.512666
5.941638,0.512637
5.942048,0.512607
5.942458,0.512577
5.942868,0.512547
5.943278,0.512518
5.943688,0.512488
5.944098,0.512459
5.944508,0.512429
5.944918,0.512400
5.945328,0.512370
5.945738,0.512340
5.946148,0.512311
5.946558,0.512281
5.946968,0.512252
5.947378,0.512222
5.947788,0.512193
5.948198,0.512163
5.948608,0.512134
5.949018,0.512105
5.949428,0.512075
5.949838,0.512046
5.950248,0.512016
5.950658,0.511987
5.951068,0.511957
5.951478,0.511928
5.951888,0.511899
5.952298,0.511869
5.952708,0.511840
5.953118,0.511811
5.953528,0.511781
5.953938,0.511752
5.954348,0.511723
5.954758,0.511694
5.955169,0.511664
5.955579,0.511636
5.955989,0.511606
5.956399,0.511577
5.956809,0.511548
5.957219,0.511518
5.957629,0.511490
5.958039,0.511461
5.958449,0.511432
5.958859,0.511402
5.959269,0.511373
5.959679,0.511344
5.960089,0.511315
5.960499,0.511286
5.960909,0.511257
5.961319,0.511228
5.961729,0.511199
5.962139,0.511170
5.962549,0.511142
5.962959,0.511112
5.963369,0.511083
5.963779,0.511054
5.964189,0.511026
5.964599,0.510996
5.965009,0.510968
5.965419,0.510939
5.965829,0.510910
5.966239,0.510881
5.966649,0.510852
5.967059,0.510823
5.967469,0.510795
5.967879,0.510766
5.968289,0.510737
5.968699,0.510707
5.969109,0.510680
5.969519,0.510651
5.969929,0.510623
5.970339,0.510594
5.970749,0.510565
5.971159,0.510537
5.971569,0.510507
5.971979,0.510480
5.972389,0.510451
5.972799,0.510422
5.973209,0.510394
5.973619,0.510365
5.974029,0.510336
5.974439,0.510307
5.974849,0.510279
5.975259,0.510251
5.975669,0.510223
5.976079,0.510193
5.976489,0.510165
5.976899,0.510137
5.977309,0.510108
5.977719,0.510080
5.978129,0.510052
5.978539,0.510023
5.978949,0.509995
5.979359,0.509966
5.979769,0.509938
5.980179,0.509909
5.980589,0.509881
5.980999,0.509853
5.981409,0.509825
5.981819,0.509797
5.982229,0.509768
5.982639,0.509740
5.983049,0.509712
5.983459,0.509684
5.983869,0.509655
5.984279,0.509627
5.984689,0.509598
5.985100,0.509571
5.985510,0.509543
5.985920,0.509514
5.986330,0.509486
5.986740,0.509459
5.987150,0.509430
5.987560,0.509403
5.987970,0.509374
5.988380,0.509346
5.988790,0.509317
5.989200,0.509290
5.989610,0.509262
5.990020,0.509234
5.990430,0.509206
5.990840,0.509178
5.991250,0.509151
5.991660,0.509122
5.992070,0.509095
5.992480,0.509066
5.992890,0.509038
5.993300,0.509010
5.993710,0.508982
5.994120,0.508954
5.994530,0.508927
5.994940,0.508899
5.995350,0.508871
5.995760,0.508843
5.996170,0.508815
5.996580,0.508788
5.996990,0.508761
5.997400,0.508733
5.997810,0.508704
5.998220,0.508677
5.998630,0.508649
5.999040,0.508621
5.999450,0.508594
5.999860,0.508566
6.000270,0.508539
6.000680,0.508511
6.001090,0.508483
6.001500,0.508455
6.001910,0.508428
6.002320,0.508400
6.002730,0.508373
6.003140,0.508345
6.003550,0.508318
6.003960,0.508291
6.004370,0.508263
6.004780,0.508235
6.005190,0.508208
6.005600,0.508181
6.006010,0.508153
6.006420,0.508125
6.006830,0.508098
6.007240,0.508071
6.007650,0.508043
6.008060,0.508016
6.008470,0.507989
6.008880,0.507961
6.009290,0.507934
6.009700,0.507906
6.010110,0.507879
6.010520,0.507852
6.010930,0.507825
6.011340,0.507797
6.011750,0.507770
6.012160,0.507742
6.012570,0.507715
6.012980,0.507688
6.013390,0.507662
6.013800,0.507634
6.014210,0.507607
6.014620,0.507580
6.015031,0.507553
6.015441,0.507526
6.015851,0.507498
6.016261,0.507471
6.016671,0.507444
6.017081,0.507416
6.017491,0.507390
6.017901,0.507363
6.018311,0.507336
6.018721,0.507308
6.019131,0.507282
6.019541,0.507254
6.019951,0.507228
6.020361,0.507201
6.020771,0.507174
6.021181,0.507147
6.021591,0.507120
6.022001,0.507093
6.022411,0.507066
6.022821,0.507039
6.023231,0.507013
6.023641,0.506985
6.024051,0.506958
6.024461,0.506932
6.024871,0.506904
6.025281,0.506878
6.025691,0.506851
6.026101,0.506824
6.026511,0.506797
6.026921,0.506770
6.027331,0.506744
6.027741,0.506717
6.028151,0.506690
6.028561,0.506663
6.028971,0.506637
6.029381,0.506611
6.029791,0.506583
6.030201,0.506557
6.030611,0.506530
6.031021,0.506503
6.031431,0.506477
6.031841,0.506450
6.032251,0.506424
6.032661,0.506397
6.033071,0.506371
6.033481,0.506344
6.033891,0.506318
6.034301,0.506291
6.034711,0.506265
6.035121,0.506239
6.035531,0.506212
6.035941,0.506185
6.036351,0.506159
6.036761,0.506133
6.037171,0.506106
6.037581,0.506080
6.037991,0.506054
6.038401,0.506027
6.038811,0.506001
6.039221,0.505974
6.039631,0.505948
6.040041,0.505921
6.040451,0.505895
6.040861,0.505869
6.041271,0.505842
6.041681,0.505816
6.042091,0.505790
6.042501,0.505764
6.042911,0.505737
6.043321,0.505711
6.043731,0.505684
6.044141,0.505659
6.044551,0.505633
6.044961,0.505606
6.045372,0.505580
6.045782,0.505554
6.046192,0.505527
6.046602,0.505502
6.047012,0.505476
6.047422,0.505450
6.047832,0.505423
6.048242,0.505398
6.048652,0.505371
6.049062,0.505345
6.049472,0.505319
6.049882,0.505293
6.050292,0.505267
6.050702,0.505241
6.051112,0.505215
6.051522,0.505190
6.051932,0.505162
6.052342,0.505138
6.052752,0.505112
6.053162,0.505086
6.053572,0.505060
6.053982,0.505033
6.054392,0.505008
6.054802,0.504982
6.055212,0.504956
6.055622,0.504930
6.056032,0.504904
6.056442,0.504879
6.056852,0.504853
6.057262,0.504827
6.057672,0.504801
6.058082,0.504775
6.058492,0.504750
6.058902,0.504724
6.059312,0.504699
6.059722,0.504672
6.060132,0.504647
6.060542,0.504621
6.060952,0.504596
6.061362,0.504570
6.061772,0.504544
6.062182,0.504519
6.062592,0.504493
6.063002,0.504467
6.063412,0.504442
6.063822,0.504416
6.064232,0.504390
6.064642,0.504365
6.065052,0.504339
6.065462,0.504314
6.065872,0.504288
6.066282,0.504263
6.066692,0.504237
6.067102,0.504212
6.067512,0.504186
6.067922,0.504161
6.068332,0.504136
6.068742,0.504110
6.069152,0.504085
6.069562,0.504059
6.069972,0.504034
6.070382,0.504009
6.070792,0.503983
6.071202,0.503957
6.071612,0.503932
6.072022,0.503908
6.072432,0.503882
6.072842,0.503857
6.073252,0.503831
6.073662,0.503806
6.074072,0.503780
6.074482,0.503755
6.074892,0.503730
6.075303,0.503705
6.075713,0.503680
6.076123,0.503655
6.076533,0.503630
6.076943,0.503604
6.077353,0.503579
6.077763,0.503554
6.078173,0.503529
6.078583,0.503504
6.078993,0.503478
6.079403,0.503454
6.079813,0.503429
6.080223,0.503403
6.080633,0.503378
6.081043,0.503353
6.081453,0.503328
6.081863,0.503303
6.082273,0.503278
6.082683,0.503254
6.083093,0.503228
6.083503,0.503203
6.083913,0.503178
6.084323,0.503153
6.084733,0.503128
6.085143,0.503103
6.085553,0.503079
6.085963,0.503054
6.086373,0.503029
6.086783,0.503004
6.087193,0.502979
6.087603,0.502954
6.088013,0.502929
6.088423,0.502904
6.088833,0.502879
6.089243,0.502855
6.089653,0.502830
6.090063,0.502804
6.090473,0.502780
6.090883,0.502756
6.091293,0.502731
6.091703,0.502706
6.092113,0.502682
6.092523,0.502657
6.092933,0.502632
6.093343,0.502607
6.093753,0.502582
6.094163,0.502559
6.094573,0.502533
6.094983,0.502509
6.095393,0.502484
6.095803,0.502459
6.096213,0.502435
6.096623,0.502410
6.097033,0.502386
6.097443,0.502361
6.097853,0.502337
6.098263,0.502312
6.098673,0.502288
6.099083,0.502263
6.099493,0.502238
6.099903,0.502214
6.100313,0.502190
6.100723,0.502165
6.101133,0.502141
6.101543,0.502116
6.101953,0.502092
6.102363,0.502067
6.102773,0.502043
6.103183,0.502018
6.103593,0.501994
6.104003,0.501970
6.104413,0.501946
6.104823,0.501922
6.105234,0.501897
6.105644,0.501873
6.106054,0.501849
6.106464,0.501824
6.106874,0.501800
6.107284,0.501776
6.107694,0.501751
6.108104,0.501727
6.108514,0.501703
6.108924,0.501679
6.109334,0.501654
6.109744,0.501630
6.110154,0.501607
6.110564,0.501582
6.110974,0.501558
6.111384,0.501534
6.111794,0.501510
6.112204,0.501486
6.112614,0.501461
6.113024,0.501437
6.113434,0.501413
6.113844,0.501388
6.114254,0.501365
6.114664,0.501341
6.115074,0.501317
6.115484,0.501293
6.115894,0.501269
6.116304,0.501246
6.116714,0.501221
6.117124,0.501197
6.117534,0.501174
6.117944,0.501149
6.118354,0.501125
6.118764,0.501101
6.119174,0.501078
6.119584,0.501054
6.119994,0.501030
6.120404,0.501005
6.120814,0.500981
6.121224,0.500958
6.121634,0.500934
6.122044,0.500910
6.122454,0.500886
6.122864,0.500862
6.123274,0.500839
6.123684,0.500815
6.124094,0.500791
6.124504,0.500767
6.124914,0.500744
6.125324,0.500720
6.125734,0.500696
6.126144,0.500672
6.126554,0.500649
6.126964,0.500625
6.127374,0.500602
6.127784,0.500578
6.128194,0.500554
6.128604,0.500531
6.129014,0.500507
6.129424,0.500483
6.129834,0.500460
6.130244,0.500436
6.130654,0.500413
6.131064,0.500389
6.131474,0.500366
6.131884,0.500342
6.132294,0.500318
6.132704,0.500295
6.133114,0.500271
6.133524,0.500248
6.133934,0.500223
6.134344,0.500201
6.134754,0.500177
6.135165,0.500154
6.135575,0.500130
6.135985,0.500107
6.136395,0.500083
6.136805,0.500060
6.137215,0.500037
6.137625,0.500014
6.138035,0.499990
6.138445,0.499967
6.138855,0.499943
6.139265,0.499920
6.139675,0.499897
6.140085,0.499874
6.140495,0.499850
6.140905,0.499827
6.141315,0.499803
6.141725,0.499780
6.142135,0.499757
6.142545,0.499733
6.142955,0.499710
6.143365,0.499687
6.143775,0.499664
6.144185,0.499641
6.144595,0.499618
6.145005,0.499595
6.145415,0.499571
6.145825,0.499548
6.146235,0.499525
6.146645,0.499502
6.147055,0.499479
6.147465,0.499456
6.147875,0.499433
6.148285,0.499409
6.148695,0.499387
6.149105,0.499363
6.149515,0.499340
6.149925,0.499316
6.150335,0.499294
6.150745,0.499271
6.151155,0.499249
6.151565,0.499225
6.151975,0.499202
6.152385,0.499180
6.152795,0.499156
6.153205,0.499133
6.153615,0.499111
6.154025,0.499087
6.154435,0.499064
6.154845,0.499041
6.155255,0.499019
6.155665,0.498996
6.156075,0.498973
6.156485,0.498950
6.156895,0.498927
6.157305,0.498904
6.157715,0.498882
6.158125,0.498859
6.158535,0.498836
6.158945,0.498813
6.159355,0.498791
6.159765,0.498768
6.160175,0.498745
6.160585,0.498723
6.160995,0.498699
6.161405,0.498676
6.161815,0.498653
6.162225,0.498631
6.162635,0.498609
6.163045,0.498586
6.163455,0.498564
6.163865,0.498541
6.164275,0.498518
6.164685,0.498495
6.165096,0.498473
6.165506,0.498451
6.165916,0.498428
6.166326,0.498406
6.166736,0.498382
6.167146,0.498360
6.167556,0.498337
6.167966,0.498315
6.168376,0.498293
6.168786,0.498270
6.169196,0.498248
6.169606,0.498225
6.170016,0.498202
6.170426,0.498180
6.170836,0.498158
6.171246,0.498135
6.171656,0.498112
6.172066,0.498090
6.172476,0.498068
6.172886,0.498046
6.173296,0.498023
6.173706,0.498000
6.174116,0.497978
6.174526,0.497955
6.174936,0.497934
6.175346,0.497912
6.175756,0.497889
6.176166,0.497866
6.176576,0.497844
6.176986,0.497822
6.177396,0.497800
6.177806,0.497778
6.178216,0.497755
6.178626,0.497733
6.179036,0.497711
6.179446,0.497688
6.179856,0.497666
6.180266,0.497644
6.180676,0.497622
6.181086,0.497600
6.181496,0.497578
6.181906,0.497555
6.182316,0.497533
6.182726,0.497511
6.183136,0.497489
6.183546,0.497467
6.183956,0.497445
6.184366,0.497422
6.184776,0.497400
6.185186,0.497378
6.185596,0.497356
6.186006,0.497334
6.186416,0.497313
6.186826,0.497290
6.187236,0.497269
6.187646,0.497246
6.188056,0.497225
6.188466,0.497202
6.188876,0.497180
6.189286,0.497158
6.189696,0.497137
6.190106,0.497115
6.190516,0.497092
6.190926,0.497071
6.191336,0.497049
6.191746,0.497026
6.192156,0.497005
6.192566,0.496983
6.192976,0.496961
6.193386,0.496940
6.193796,0.496917
6.194206,0.496896
6.194616,0.496874
6.195027,0.496852
6.195437,0.496830
6.195847,0.496809
6.196257,0.496787
6.196667,0.496765
6.197077,0.496744
6.197487,0.496722
6.197897,0.496700
6.198307,0.496678
6.198717,0.496656
6.199127,0.496635
6.199537,0.496613
6.199947,0.496591
6.200357,0.496570
6.200767,0.496548
6.201177,0.496526
6.201587,0.496505
6.201997,0.496483
6.202407,0.496461
6.202817,0.496440
6.203227,0.496419
6.203637,0.496396
6.204047,0.496375
6.204457,0.496354
6.204867,0.496332
6.205277,0.496310
6.205687,0.496289
6.206097,0.496268
6.206507,0.496246
6.206917,0.496224
6.207327,0.496203
6.207737,0.496181
6.208147,0.496161
6.208557,0.496138
6.208967,0.496117
6.209377,0.496096
6.209787,0.496075
6.210197,0.496053
6.210607,0.496031
6.211017,0.496010
6.211427,0.495988
6.211837,0.495967
6.212247,0.495946
6.212657,0.495924
6.213067,0.495903
6.213477,0.495882
6.213887,0.495861
6.214297,0.495840
6.214707,0.495818
6.215117,0.495796
6.215527,0.495776
6.215937,0.495754
6.216347,0.495733
6.216757,0.495712
6.217167,0.495691
6.217577,0.495669
6.217987,0.495649
6.218397,0.495626
6.218807,0.495606
6.219217,0.495584
6.219627,0.495563
6.220037,0.495542
6.220447,0.495521
6.220857,0.495500
6.221267,0.495479
6.221677,0.495458
6.222087,0.495437
6.222497,0.495415
6.222907,0.495395
6.223317,0.495374
6.223727,0.495351
6.224137,0.495331
6.224547,0.495310
6.224957,0.495289
6.225368,0.495269
6.225778,0.495247
6.226188,0.495226
6.226598,0.495205
6.227008,0.495184
6.227418,0.495163
6.227828,0.495142
6.228238,0.495122
6.228648,0.495100
6.229058,0.495079
6.229468,0.495059
6.229878,0.495038
6.230288,0.495017
6.230698,0.494996
6.231108,0.494975
6.231518,0.494954
6.231928,0.494933
6.232338,0.494912
6.232748,0.494892
6.233158,0.494871
6.233568,0.494850
6.233978,0.494829
6.234388,0.494808
6.234798,0.494788
6.235208,0.494766
6.235618,0.494746
6.236028,0.494726
6.236438,0.494704
6.236848,0.494684
6.237258,0.494663
6.237668,0.494643
6.238078,0.494621
6.238488,0.494601
6.238898,0.494580
6.239308,0.494560
6.239718,0.494539
6.240128,0.494519
6.240538,0.494498
6.240948,0.494478
6.241358,0.494456
6.241768,0.494436
6.242178,0.494415
6.242588,0.494395
6.242998,0.494374
6.243408,0.494354
6.243818,0.494333
6.244228,0.494313
6.244638,0.494292
6.245048,0.494271
6.245458,0.494251
6.245868,0.494230
6.246278,0.494210
6.246688,0.494189
6.247098,0.494169
6.247508,0.494148
6.247918,0.494128
6.248328,0.494107
6.248738,0.494087
6.249148,0.494066
6.249558,0.494046
6.249968,0.494026
6.250378,0.494006
6.250788,0.493985
6.251198,0.493965
6.251608,0.493944
6.252018,0.493924
6.252428,0.493905
6.252838,0.493884
6.253248,0.493863
6.253658,0.493843
6.254068,0.493822
6.254478,0.493802
6.254888,0.493782
6.255299,0.493762
6.255709,0.493742
6.256119,0.493721
6.256529,0.493701
6.256939,0.493681
6.257349,0.493660
6.257759,0.493640
6.258169,0.493620
6.258579,0.493600
6.258989,0.493580
6.259399,0.493559
6.259809,0.493539
6.260219,0.493519
6.260629,0.493499
6.261039,0.493479
6.261449,0.493459
6.261859,0.493439
6.262269,0.493418
6.262679,0.493398
6.263089,0.493379
6.263499,0.493359
6.263909,0.493338
6.264319,0.493318
6.264729,0.493298
6.265139,0.493278
6.265549,0.493258
6.265959,0.493238
6.266369,0.493219
6.266779,0.493199
6.267189,0.493179
6.267599,0.493158
6.268009,0.493138
6.268419,0.493119
6.268829,0.493098
6.269239,0.493079
6.269649,0.493059
6.270059,0.493038
6.270469,0.493019
6.270879,0.492999
6.271289,0.492979
6.271699,0.492959
6.272109,0.492939
6.272519,0.492920
6.272929,0.492900
6.273339,0.492880
6.273749,0.492860
6.274159,0.492841
6.274569,0.492821
6.274979,0.492800
6.275389,0.492781
6.275799,0.492761
6.276209,0.492741
6.276619,0.492721
6.277029,0.492703
6.277439,0.492682
6.277849,0.492662
6.278259,0.492643
6.278669,0.492622
6.279079,0.492603
6.279489,0.492583
6.279899,0.492564
6.280309,0.492545
6.280719,0.492525
6.281129,0.492504
6.281539,0.492486
6.281949,0.492466
6.282359,0.492446
6.282769,0.492427
6.283179,0.492407
6.283589,0.492387
6.283999,0.492368
6.284409,0.492348
6.284819,0.492328
6.285230,0.492309
6.285640,0.492289
6.286050,0.492270
6.286460,0.492251
6.286870,0.492232
6.287280,0.492211
6.287690,0.492192
6.288100,0.492173
6.288510,0.492153
6.288920,0.492134
6.289330,0.492115
6.289740,0.492095
6.290150,0.492075
6.290560,0.492056
6.290970,0.492036
6.291380,0.492017
6.291790,0.491998
6.292200,0.491979
6.292610,0.491959
6.293020,0.491939
6.293430,0.491920
6.293840,0.491901
6.294250,0.491882
6.294660,0.491862
6.295070,0.491843
6.295480,0.491824
6.295890,0.491804
6.296300,0.491785
6.296710,0.491766
6.297120,0.491746
6.297530,0.491727
6.297940,0.491708
6.298350,0.491689
6.298760,0.491670
6.299170,0.491650
6.299580,0.491631
6.299990,0.491612
6.300400,0.491593
6.300810,0.491574
6.301220,0.491554
6.301630,0.491535
6.302040,0.491516
6.302450,0.491497
6.302860,0.491477
6.303270,0.491459
6.303680,0.491440
6.304090,0.491421
6.304500,0.491402
6.304910,0.491382
6.305320,0.491363
6.305730,0.491345
6.306140,0.491324
6.306550,0.491306
6.306960,0.491287
6.307370,0.491268
6.307780,0.491249
6.308190,0.491230
6.308600,0.491211
6.309010,0.491192
6.309420,0.491173
6.309830,0.491153
6.310240,0.491135
6.310650,0.491115
6.311060,0.491097
6.311470,0.491078
6.311880,0.491059
6.312290,0.491041
6.312700,0.491021
6.313110,0.491002
6.313520,0.490984
6.313930,0.490965
6.314340,0.490946
6.314750,0.490927
6.315161,0.490909
6.315571,0.490890
6.315981,0.490871
6.316391,0.490852
6.316801,0.490832
6.317211,0.490814
6.317621,0.490795
6.318031,0.490776
6.318441,0.490758
6.318851,0.490739
6.319261,0.490720
6.319671,0.490701
6.320081,0.490682
6.320491,0.490664
6.320901,0.490645
6.321311,0.490626
6.321721,0.490608
6.322131,0.490589
6.322541,0.490571
6.322951,0.490552
6.323361,0.490533
6.323771,0.490514
6.324181,0.490496
6.324591,0.490477
6.325001,0.490459
6.325411,0.490440
6.325821,0.490422
6.326231,0.490403
6.326641,0.490384
6.327051,0.490365
6.327461,0.490347
6.327871,0.490329
6.328281,0.490310
6.328691,0.490291
6.329101,0.490273
6.329511,0.490254
6.329921,0.490236
6.330331,0.490217
6.330741,0.490199
6.331151,0.490180
6.331561,0.490162
6.331971,0.490144
6.332381,0.490125
6.332791,0.490107
6.333201,0.490088
6.333611,0.490069
6.334021,0.490050
6.334431,0.490033
6.334841,0.490014
6.335251,0.489996
6.335661,0.489978
6.336071,0.489959
6.336481,0.489941
6.336891,0.489923
6.337301,0.489904
6.337711,0.489886
6.338121,0.489868
6.338531,0.489849
6.338941,0.489831
6.339351,0.489812
6.339761,0.489794
6.340171,0.489776
6.340581,0.489758
6.340991,0.489739
6.341401,0.489721
6.341811,0.489703
6.342221,0.489685
6.342631,0.489667
6.343041,0.489648
6.343451,0.489630
6.343861,0.489612
6.344271,0.489594
6.344681,0.489576
6.345092,0.489557
6.345502,0.489539
6.345912,0.489521
6.346322,0.489503
6.346732,0.489485
6.347142,0.489466
6.347552,0.489448
6.347962,0.489430
6.348372,0.489412
6.348782,0.489394
6.349192,0.489376
6.349602,0.489358
6.350012,0.489339
6.350422,0.489322
6.350832,0.489304
6.351242,0.489285
6.351652,0.489267
6.352062,0.489250
6.352472,0.489232
6.352882,0.489214
6.353292,0.489195
6.353702,0.489177
6.354112,0.489159
6.354522,0.489141
6.354932,0.489124
6.355342,0.489106
6.355752,0.489088
6.356162,0.489070
6.356572,0.489052
6.356982,0.489033
6.357392,0.489016
6.357802,0.488999
6.358212,0.488980
6.358622,0.488962
6.359032,0.488944
6.359442,0.488926
6.359852,0.488909
6.360262,0.488891
6.360672,0.488873
6.361082,0.488855
6.361492,0.488837
6.361902,0.488820
6.362312,0.488802
6.362722,0.488784
6.363132,0.488766
6.363542,0.488748
6.363952,0.488731
6.364362,0.488713
6.364772,0.488695
6.365182,0.488677
6.365592,0.488659
6.366002,0.488642
6.366412,0.488625
6.366822,0.488607
6.367232,0.488589
6.367642,0.488571
6.368052,0.488553
6.368462,0.488536
6.368872,0.488518
6.369282,0.488500
6.369692,0.488483
6.370102,0.488466
6.370512,0.488448
6.370922,0.488429
6.371332,0.488412
6.371742,0.488395
6.372152,0.488377
6.372562,0.488359
6.372972,0.488342
6.373382,0.488324
6.373792,0.488306
6.374202,0.488290
6.374612,0.488272
6.375023,0.488254
6.375433,0.488237
6.375843,0.488219
6.376253,0.488202
6.376663,0.488184
6.377073,0.488166
6.377483,0.488150
6.377893,0.488131
6.378303,0.488115
6.378713,0.488097
6.379123,0.488079
6.379533,0.488061
6.379943,0.488044
6.380353,0.488027
6.380763,0.488010
6.381173,0.487992
6.381583,0.487975
6.381993,0.487958
6.382403,0.487940
6.382813,0.487923
6.383223,0.487905
6.383633,0.487888
6.384043,0.487870
6.384453,0.487854
6.384863,0.487836
6.385273,0.487818
6.385683,0.487802
6.386093,0.487784
6.386503,0.487767
6.386913,0.487750
6.387323,0.487732
6.387733,0.487715
6.388143,0.487698
6.388553,0.487680
6.388963,0.487664
6.389373,0.487646
6.389783,0.487629
6.390193,0.487612
6.390603,0.487594
6.391013,0.487577
6.391423,0.487559
6.391833,0.487543
6.392243,0.487526
6.392653,0.487508
6.393063,0.487491
6.393473,0.487475
6.393883,0.487458
6.394293,0.487440
6.394703,0.487423
6.395113,0.487406
6.395523,0.487389
6.395933,0.487371
6.396343,0.487354
6.396753,0.487337
6.397163,0.487320
6.397573,0.487304
6.397983,0.487286
6.398393,0.487269
6.398803,0.487252
6.399213,0.487235
6.399623,0.487218
6.400033,0.487201
6.400443,0.487184
6.400853,0.487167
6.401263,0.487150
6.401673,0.487133
6.402083,0.487116
6.402493,0.487099
6.402903,0.487082
6.403313,0.487066
6.403723,0.487048
6.404133,0.487031
6.404543,0.487014
6.404953,0.486997
6.405364,0.486981
6.405774,0.486963
6.406184,0.486947
6.406594,0.486930
6.407004,0.486913
6.407414,0.486896
6.407824,0.486880
6.408234,0.486863
6.408644,0.486846
6.409054,0.486829
6.409464,0.486812
6.409874,0.486795
6.410284,0.486778
6.410694,0.486762
6.411104,0.486745
6.411514,0.486728
6.411924,0.486711
6.412334,0.486694
6.412744,0.486677
6.413154,0.486662
6.413564,0.486645
6.413974,0.486628
6.414384,0.486611
6.414794,0.486595
6.415204,0.486578
6.415614,0.486561
6.416024,0.486545
6.416434,0.486527
6.416844,0.486511
6.417254,0.486494
6.417664,0.486478
6.418074,0.486461
6.418484,0.486444
6.418894,0.486427
6.419304,0.486411
6.419714,0.486394
6.420124,0.486378
6.420534,0.486361
6.420944,0.486344
6.421354,0.486328
6.421764,0.486311
6.422174,0.486294
6.422584,0.486278
6.422994,0.486262
6.423404,0.486245
6.423814,0.486229
6.424224,0.486212
6.424634,0.486195
6.425044,0.486179
6.425454,0.486163
6.425864,0.486146
6.426274,0.486130
6.426684,0.486113
6.427094,0.486097
6.427504,0.486080
6.427914,0.486064
6.428324,0.486047
6.428734,0.486031
6.429144,0.486015
6.429554,0.485998
6.429964,0.485981
6.430374,0.485965
6.430784,0.485949
6.431194,0.485933
6.431604,0.485916
6.432014,0.485900
6.432424,0.485883
6.432834,0.485867
6.433244,0.485851
6.433654,0.485835
6.434064,0.485818
6.434474,0.485802
6.434884,0.485786
6.435295,0.485769
6.435705,0.485753
6.436115,0.485736
6.436525,0.485720
6.436935,0.485704
6.437345,0.485688
6.437755,0.485672
6.438165,0.485655
6.438575,0.485639
6.438985,0.485623
6.439395,0.485606
6.439805,0.485591
6.440215,0.485574
6.440625,0.485558
6.441035,0.485542
6.441445,0.485525
6.441855,0.485509
6.442265,0.485493
6.442675,0.485477
6.443085,0.485461
6.443495,0.485445
6.443905,0.485429
6.444315,0.485413
6.444725,0.485397
6.445135,0.485381
6.445545,0.485364
6.445955,0.485348
6.446365,0.485332
6.446775,0.485316
6.447185,0.485300
6.447595,0.485284
6.448005,0.485268
6.448415,0.485252
6.448825,0.485235
6.449235,0.485220
6.449645,0.485204
6.450055,0.485188
6.450465,0.485172
6.450875,0.485156
6.451285,0.485139
6.451695,0.485124
6.452105,0.485107
6.452515,0.485092
6.452925,0.485076
6.453335,0.485060
6.453745,0.485044
6.454155,0.485028
6.454565,0.485012
6.454975,0.484996
6.455385,0.484981
6.455795,0.484964
6.456205,0.484949
6.456615,0.484932
6.457025,0.484917
6.457435,0.484901
6.457845,0.484885
6.458255,0.484869
6.458665,0.484853
6.459075,0.484837
6.459485,0.484822
6.459895,0.484806
6.460305,0.484790
6.460715,0.484774
6.461125,0.484758
6.461535,0.484742
6.461945,0.484727
6.462355,0.484711
6.462765,0.484696
6.463175,0.484680
6.463585,0.484664
6.463995,0.484648
6.464405,0.484633
6.464815,0.484617
6.465226,0.484601
6.465636,0.484585
6.466046,0.484569
6.466456,0.484553
6.466866,0.484538
6.467276,0.484522
6.467686,0.484507
6.468096,0.484490
6.468506,0.484475
6.468916,0.484460
6.469326,0.484443
6.469736,0.484428
6.470146,0.484412
6.470556,0.484397
6.470966,0.484381
6.471376,0.484366
6.471786,0.484350
6.472196,0.484335
6.472606,0.484319
6.473016,0.484303
6.473426,0.484288
6.473836,0.484272
6.474246,0.484257
6.474656,0.484241
6.475066,0.484226
6.475476,0.484211
6.475886,0.484195
6.476296,0.484179
6.476706,0.484163
6.477116,0.484149
6.477526,0.484133
6.477936,0.484117
6.478346,0.484102
6.478756,0.484086
6.479166,0.484071
6.479576,0.484055
6.479986,0.484040
6.480396,0.484024
6.480806,0.484009
6.481216,0.483993
6.481626,0.483979
6.482036,0.483963
6.482446,0.483947
6.482856,0.483932
6.483266,0.483917
6.483676,0.483901
6.484086,0.483886
6.484496,0.483871
6.484906,0.483856
6.485316,0.483840
6.485726,0.483824
6.486136,0.483809
6.486546,0.483794
6.486956,0.483779
6.487366,0.483763
6.487776,0.483748
6.488186,0.483732
6.488596,0.483717
6.489006,0.483703
6.489416,0.483687
6.489826,0.483671
6.490236,0.483656
6.490646,0.483642
6.491056,0.483626
6.491466,0.483610
6.491876,0.483595
6.492286,0.483580
6.492696,0.483565
6.493106,0.483550
6.493516,0.483534
6.493926,0.483520
6.494336,0.483504
6.494746,0.483489
6.495157,0.483474
6.495567,0.483459
6.495977,0.483444
6.496387,0.483428
6.496797,0.483414
6.497207,0.483398
6.497617,0.483384
6.498027,0.483368
6.498437,0.483353
6.498847,0.483338
6.499257,0.483322
6.499667,0.483307
6.500077,0.483292
6.500487,0.483277
6.500897,0.483262
6.501307,0.483247
6.501717,0.483232
6.502127,0.483217
6.502537,0.483202
6.502947,0.483187
6.503357,0.483172
6.503767,0.483157
6.504177,0.483142
6.504587,0.483127
6.504997,0.483112
6.505407,0.483097
6.505817,0.483082
6.506227,0.483067
6.506637,0.483052
6.507047,0.483037
6.507457,0.483022
6.507867,0.483007
6.508277,0.482992
6.508687,0.482978
6.509097,0.482963
6.509507,0.482948
6.509917,0.482932
6.510327,0.482918
6.510737,0.482904
6.511147,0.482888
6.511557,0.482874
6.511967,0.482859
6.512377,0.482843
6.512787,0.482829
6.513197,0.482813
6.513607,0.482799
6.514017,0.482784
6.514427,0.482769
6.514837,0.482755
6.515247,0.482740
6.515657,0.482725
6.516067,0.482710
6.516477,0.482695
6.516887,0.482681
6.517297,0.482666
6.517707,0.482651
6.518117,0.482637
6.518527,0.482622
6.518937,0.482607
6.519347,0.482592
6.519757,0.482578
6.520167,0.482563
6.520577,0.482548
6.520987,0.482533
6.521397,0.482519
6.521807,0.482504
6.522217,0.482489
6.522627,0.482475
6.523037,0.482460
6.523447,0.482445
6.523857,0.482431
6.524267,0.482416
6.524677,0.482402
6.525088,0.482387
6.525498,0.482372
6.525908,0.482357
6.526318,0.482342
6.526728,0.482328
6.527138,0.482313
6.527548,0.482300
6.527958,0.482284
6.528368,0.482270
6.528778,0.482256
6.529188,0.482241
6.529598,0.482226
6.530008,0.482211
6.530418,0.482197
6.530828,0.482183
6.531238,0.482168
6.531648,0.482154
6.532058,0.482140
6.532468,0.482124
6.532878,0.482110
6.533288,0.482096
6.533698,0.482082
6.534108,0.482067
6.534518,0.482052
6.534928,0.482038
6.535338,0.482024
6.535748,0.482009
6.536158,0.481995
6.536568,0.481980
6.536978,0.481966
6.537388,0.481951
6.537798,0.481937
6.538208,0.481923
6.538618,0.481908
6.539028,0.481893
6.539438,0.481880
6.539848,0.481865
6.540258,0.481851
6.540668,0.481836
6.541078,0.481822
6.541488,0.481808
6.541898,0.481793
6.542308,0.481779
6.542718,0.481764
6.543128,0.481751
6.543538,0.481736
6.543948,0.481721
6.544358,0.481708
6.544768,0.481693
6.545178,0.481679
6.545588,0.481665
6.545998,0.481650
6.546408,0.481636
6.546818,0.481622
6.547228,0.481608
6.547638,0.481593
6.548048,0.481580
6.548458,0.481565
6.548868,0.481551
6.549278,0.481537
6.549688,0.481522
6.550098,0.481508
6.550508,0.481494
6.550918,0.481479
6.551328,0.481466
6.551738,0.481452
6.552148,0.481437
6.552558,0.481423
6.552968,0.481409
6.553378,0.481395
6.553788,0.481381
6.554198,0.481367
6.554608,0.481353
6.555019,0.481338
6.555429,0.481324
6.555839,0.481310
6.556249,0.481296
6.556659,0.481282
6.557069,0.481268
6.557479,0.481254
6.557889,0.481239
6.558299,0.481225
6.558709,0.481212
6.559119,0.481198
6.559529,0.481184
6.559939,0.481169
6.560349,0.481156
6.560759,0.481141
6.561169,0.481128
6.561579,0.481113
6.561989,0.481099
6.562399,0.481085
6.562809,0.481071
6.563219,0.481058
6.563629,0.481044
6.564039,0.481030
6.564449,0.481016
6.564859,0.481001
6.565269,0.480989
6.565679,0.480974
6.566089,0.480960
6.566499,0.480946
6.566909,0.480932
6.567319,0.480918
6.567729,0.480905
6.568139,0.480890
6.568549,0.480877
6.568959,0.480863
6.569369,0.480849
6.569779,0.480835
6.570189,0.480821
6.570599,0.480808
6.571009,0.480793
6.571419,0.480780
6.571829,0.480766
6.572239,0.480751
6.572649,0.480738
6.573059,0.480724
6.573469,0.480710
6.573879,0.480698
6.574289,0.480683
6.574699,0.480669
6.575109,0.480656
6.575519,0.480642
6.575929,0.480628
6.576339,0.480614
6.576749,0.480600
6.577159,0.480587
6.577569,0.480573
6.577979,0.480559
6.578389,0.480545
6.578799,0.480532
6.579209,0.480518
6.579619,0.480504
6.580029,0.480491
6.580439,0.480477
6.580849,0.480463
6.581259,0.480449
6.581669,0.480436
6.582079,0.480423
6.582489,0.480409
6.582899,0.480394
6.583309,0.480382
6.583719,0.480368
6.584129,0.480354
6.584539,0.480341
6.584949,0.480327
6.585360,0.480314
6.585770,0.480300
6.586180,0.480287
6.586590,0.480273
6.587000,0.480259
6.587410,0.480246
6.587820,0.480232
6.588230,0.480219
6.588640,0.480205
6.589050,0.480191
6.589460,0.480178
6.589870,0.480164
6.590280,0.480150
6.590690,0.480137
6.591100,0.480124
6.591510,0.480111
6.591920,0.480096
6.592330,0.480083
6.592740,0.480069
6.593150,0.480056
6.593560,0.480042
6.593970,0.480029
6.594380,0.480015
6.594790,0.480002
6.595200,0.479989
6.595610,0.479975
6.596020,0.479962
6.596430,0.479949
6.596840,0.479935
6.597250,0.479922
6.597660,0.479908
6.598070,0.479895
6.598480,0.479881
6.598890,0.479868
6.599300,0.479855
6.599710,0.479841
6.600120,0.479829
6.600530,0.479814
6.600940,0.479802
6.601350,0.479788
6.601760,0.479775
6.602170,0.479761
6.602580,0.479748
6.602990,0.479735
6.603400,0.479722
6.603810,0.479708
6.604220,0.479695
6.604630,0.479681
6.605040,0.479668
6.605450,0.479655
6.605860,0.479642
6.606270,0.479628
6.606680,0.479615
6.607090,0.479602
6.607500,0.479588
6.607910,0.479575
6.608320,0.479563
6.608730,0.479549
6.609140,0.479536
6.609550,0.479522
6.609960,0.479509
6.610370,0.479496
6.610780,0.479484
6.611190,0.479470
6.611600,0.479456
6.612010,0.479443
6.612420,0.479430
6.612830,0.479417
6.613240,0.479404
6.613650,0.479391
6.614060,0.479378
6.614470,0.479365
6.614880,0.479351
6.615291,0.479338
6.615701,0.479325
6.616111,0.479312
6.616521,0.479299
6.616931,0.479286
6.617341,0.479273
6.617751,0.479259
6.618161,0.479246
6.618571,0.479234
6.618981,0.479220
6.619391,0.479207
6.619801,0.479194
6.620211,0.479181
6.620621,0.479168
6.621031,0.479155
6.621441,0.479142
6.621851,0.479129
6.622261,0.479115
6.622671,0.479103
6.623081,0.479091
6.623491,0.479077
6.623901,0.479064
6.624311,0.479051
6.624721,0.479038
6.625131,0.479026
6.625541,0.479012
6.625951,0.479000
6.626361,0.478987
6.626771,0.478973
6.627181,0.478960
6.627591,0.478948
6.628001,0.478935
6.628411,0.478922
6.628821,0.478909
6.629231,0.478895
6.629641,0.478883
6.630051,0.478870
6.630461,0.478857
6.630871,0.478845
6.631281,0.478831
6.631691,0.478819
6.632101,0.478805
6.632511,0.478793
6.632921,0.478781
6.633331,0.478768
6.633741,0.478754
6.634151,0.478741
6.634561,0.478729
6.634971,0.478716
6.635381,0.478703
6.635791,0.478690
6.636201,0.478678
6.636611,0.478665
6.637021,0.478652
6.637431,0.478639
6.637841,0.478626
6.638251,0.478614
6.638661,0.478601
6.639071,0.478588
6.639481,0.478575
6.639891,0.478563
6.640301,0.478550
6.640711,0.478537
6.641121,0.478525
6.641531,0.478512
6.641941,0.478499
6.642351,0.478486
6.642761,0.478473
6.643171,0.478461
6.643581,0.478448
6.643991,0.478435
6.644401,0.478423
6.644811,0.478410
6.645222,0.478398
6.645632,0.478385
6.646042,0.478372
6.646452,0.478360
6.646862,0.478347
6.647272,0.478334
6.647682,0.478322
6.648092,0.478309
6.648502,0.478296
6.648912,0.478284
6.649322,0.478271
6.649732,0.478259
6.650142,0.478246
6.650552,0.478234
6.650962,0.478221
6.651372,0.478208
6.651782,0.478196
6.652192,0.478183
6.652602,0.478171
6.653012,0.478158
6.653422,0.478145
6.653832,0.478133
6.654242,0.478120
6.654652,0.478108
6.655062,0.478095
6.655472,0.478083
6.655882,0.478071
6.656292,0.478059
6.656702,0.478046
6.657112,0.478033
6.657522,0.478021
6.657932,0.478008
6.658342,0.477996
6.658752,0.477983
6.659162,0.477971
6.659572,0.477958
6.659982,0.477946
6.660392,0.477933
6.660802,0.477921
6.661212,0.477908
6.661622,0.477897
6.662032,0.477883
6.662442,0.477872
6.662852,0.477859
6.663262,0.477847
6.663672,0.477835
6.664082,0.477822
6.664492,0.477810
6.664902,0.477797
6.665312,0.477785
6.665722,0.477772
6.666132,0.477760
6.666542,0.477748
6.666952,0.477736
6.667362,0.477723
6.667772,0.477711
6.668182,0.477699
6.668592,0.477686
6.669002,0.477674
6.669412,0.477662
6.669822,0.477650
6.670232,0.477637
6.670642,0.477625
6.671052,0.477612
6.671462,0.477601
6.671872,0.477588
6.672282,0.477576
6.672692,0.477564
6.673102,0.477551
6.673512,0.477539
6.673922,0.477527
6.674332,0.477514
6.674742,0.477502
6.675153,0.477491
6.675563,0.477478
6.675973,0.477466
6.676383,0.477454
6.676793,0.477441
6.677203,0.477429
6.677613,0.477417
6.678023,0.477405
6.678433,0.477392
6.678843,0.477381
6.679253,0.477369
6.679663,0.477356
6.680073,0.477345
6.680483,0.477332
6.680893,0.477320
6.681303,0.477308
6.681713,0.477296
6.682123,0.477283
6.682533,0.477271
6.682943,0.477260
6.683353,0.477247
6.683763,0.477235
6.684173,0.477223
6.684583,0.477211
6.684993,0.477199
6.685403,0.477187
6.685813,0.477175
6.686223,0.477163
6.686633,0.477151
6.687043,0.477139
6.687453,0.477127
6.687863,0.477115
6.688273,0.477103
6.688683,0.477091
6.689093,0.477079
6.689503,0.477066
6.689913,0.477055
6.690323,0.477043
6.690733,0.477030
6.691143,0.477019
6.691553,0.477007
6.691963,0.476995
6.692373,0.476983
6.692783,0.476971
6.693193,0.476959
6.693603,0.476947
6.694013,0.476935
6.694423,0.476923
6.694833,0.476911
6.695243,0.476899
6.695653,0.476887
6.696063,0.476876
6.696473,0.476863
6.696883,0.476852
6.697293,0.476840
6.697703,0.476828
6.698113,0.476816
6.698523,0.476804
6.698933,0.476793
6.699343,0.476780
6.699753,0.476768
6.700163,0.476757
6.700573,0.476745
6.700983,0.476733
6.701393,0.476722
6.701803,0.476709
6.702213,0.476698
6.702623,0.476685
6.703033,0.476674
6.703443,0.476662
6.703853,0.476650
6.704263,0.476638
6.704673,0.476626
6.705084,0.476615
6.705494,0.476603
6.705904,0.476591
6.706314,0.476580
6.706724,0.476568
6.707134,0.476556
6.707544,0.476544
6.707954,0.476533
6.708364,0.476522
6.708774,0.476509
6.709184,0.476497
6.709594,0.476486
6.710004,0.476474
6.710414,0.476463
6.710824,0.476451
6.711234,0.476439
6.711644,0.476427
6.712054,0.476416
6.712464,0.476404
6.712874,0.476393
6.713284,0.476380
6.713694,0.476369
6.714104,0.476357
6.714514,0.476346
6.714924,0.476334
6.715334,0.476323
6.715744,0.476311
6.716154,0.476299
6.716564,0.476287
6.716974,0.476276
6.717384,0.476264
6.717794,0.476253
6.718204,0.476241
6.718614,0.476229
6.719024,0.476217
6.719434,0.476207
6.719844,0.476195
6.720254,0.476183
6.720664,0.476172
6.721074,0.476160
6.721484,0.476148
6.721894,0.476137
6.722304,0.476126
6.722714,0.476113
6.723124,0.476102
6.723534,0.476091
6.723944,0.476079
6.724354,0.476067
6.724764,0.476056
6.725174,0.476044
6.725584,0.476033
6.725994,0.476021
6.726404,0.476010
6.726814,0.475999
6.727224,0.475987
6.727634,0.475976
6.728044,0.475965
6.728454,0.475953
6.728864,0.475942
6.729274,0.475930
6.729684,0.475919
6.730094,0.475907
6.730504,0.475896
6.730914,0.475884
6.731324,0.475873
6.731734,0.475862
6.732144,0.475850
6.732554,0.475839
6.732964,0.475828
6.733374,0.475816
6.733784,0.475805
6.734194,0.475793
6.734604,0.475782
6.735015,0.475771
6.735425,0.475759
6.735835,0.475748
6.736245,0.475736
6.736655,0.475725
6.737065,0.475714
6.737475,0.475702
6.737885,0.475691
6.738295,0.475680
6.738705,0.475669
6.739115,0.475658
6.739525,0.475646
6.739935,0.475635
6.740345,0.475623
6.740755,0.475612
6.741165,0.475601
6.741575,0.475590
6.741985,0.475578
6.742395,0.475567
6.742805,0.475556
6.743215,0.475544
6.743625,0.475533
6.744035,0.475522
6.744445,0.475511
6.744855,0.475499
6.745265,0.475488
6.745675,0.475477
6.746085,0.475466
6.746495,0.475455
6.746905,0.475444
6.747315,0.475432
6.747725,0.475421
6.748135,0.475410
6.748545,0.475399
6.748955,0.475388
6.749365,0.475377
6.749775,0.475365
6.750185,0.475354
6.750595,0.475343
6.751005,0.475332
6.751415,0.475321
6.751825,0.475310
6.752235,0.475299
6.752645,0.475287
6.753055,0.475276
6.753465,0.475265
6.753875,0.475254
6.754285,0.475243
6.754695,0.475231
6.755105,0.475220
6.755515,0.475209
6.755925,0.475199
6.756335,0.475187
6.756745,0.475176
6.757155,0.475165
6.757565,0.475154
6.757975,0.475143
6.758385,0.475132
6.758795,0.475121
6.759205,0.475110
6.759615,0.475099
6.760025,0.475088
6.760435,0.475076
6.760845,0.475066
6.761255,0.475055
6.761665,0.475044
6.762075,0.475033
6.762485,0.475022
6.762895,0.475010
6.763305,0.475000
6.763715,0.474989
6.764125,0.474978
6.764535,0.474967
6.764945,0.474957
6.765356,0.474945
6.765766,0.474935
6.766176,0.474924
6.766586,0.474912
6.766996,0.474901
6.767406,0.474890
6.767816,0.474879
6.768226,0.474869
6.768636,0.474857
6.769046,0.474847
6.769456,0.474836
6.769866,0.474825
6.770276,0.474815
6.770686,0.474803
6.771096,0.474793
6.771506,0.474781
6.771916,0.474771
6.772326,0.474760
6.772736,0.474749
6.773146,0.474738
6.773556,0.474727
6.773966,0.474716
6.774376,0.474705
6.774786,0.474694
6.775196,0.474684
6.775606,0.474673
6.776016,0.474662
6.776426,0.474651
6.776836,0.474641
6.777246,0.474630
6.777656,0.474619
6.778066,0.474608
6.778476,0.474597
6.778886,0.474587
6.779296,0.474576
6.779706,0.474565
6.780116,0.474555
6.780526,0.474543
6.780936,0.474533
6.781346,0.474522
6.781756,0.474511
6.782166,0.474500
6.782576,0.474490
6.782986,0.474479
6.783396,0.474468
6.783806,0.474457
6.784216,0.474447
6.784626,0.474437
6.785036,0.474426
6.785446,0.474415
6.785856,0.474404
6.786266,0.474393
6.786676,0.474382
6.787086,0.474372
6.787496,0.474362
6.787906,0.474351
6.788316,0.474340
6.788726,0.474329
6.789136,0.474319
6.789546,0.474308
6.789956,0.474297
6.790366,0.474287
6.790776,0.474276
6.791186,0.474265
6.791596,0.474255
6.792006,0.474244
6.792416,0.474233
6.792826,0.474223
6.793236,0.474212
6.793646,0.474202
6.794056,0.474191
6.794466,0.474180
6.794876,0.474170
6.795287,0.474160
6.795697,0.474149
6.796107,0.474139
6.796517,0.474128
6.796927,0.474117
6.797337,0.474106
6.797747,0.474096
6.798157,0.474086
6.798567,0.474076
6.798977,0.474065
6.799387,0.474055
6.799797,0.474044
6.800207,0.474033
6.800617,0.474022
6.801027,0.474013
6.801437,0.474001
6.801847,0.473991
6.802257,0.473981
6.802667,0.473970
6.803077,0.473959
6.803487,0.473949
6.803897,0.473939
6.804307,0.473929
6.804717,0.473918
6.805127,0.473908
6.805537,0.473897
6.805947,0.473887
6.806357,0.473876
6.806767,0.473866
6.807177,0.473855
6.807587,0.473845
6.807997,0.473835
6.808407,0.473824
6.808817,0.473814
6.809227,0.473803
6.809637,0.473793
6.810047,0.473782
6.810457,0.473772
6.810867,0.473762
6.811277,0.473752
6.811687,0.473740
6.812097,0.473731
6.812507,0.473720
6.812917,0.473710
6.813327,0.473699
6.813737,0.473689
6.814147,0.473679
6.814557,0.473669
6.814967,0.473659
6.815377,0.473648
6.815787,0.473638
6.816197,0.473627
6.816607,0.473617
6.817017,0.473607
6.817427,0.473597
6.817837,0.473586
6.818247,0.473576
6.818657,0.473565
6.819067,0.473555
6.819477,0.473545
6.819887,0.473535
6.820297,0.473525
6.820707,0.473514
6.821117,0.473504
6.821527,0.473493
6.821937,0.473483
6.822347,0.473473
6.822757,0.473463
6.823167,0.473453
6.823577,0.473443
6.823987,0.473433
6.824397,0.473422
6.824807,0.473412
6.825218,0.473402
6.825628,0.473391
6.826038,0.473381
6.826448,0.473371
6.826858,0.473361
6.827268,0.473351
6.827678,0.473341
6.828088,0.473331
6.828498,0.473320
6.828908,0.473310
6.829318,0.473301
6.829728,0.473290
6.830138,0.473280
6.830548,0.473270
6.830958,0.473260
6.831368,0.473250
6.831778,0.473239
6.832188,0.473229
6.832598,0.473219
6.833008,0.473209
6.833418,0.473199
6.833828,0.473189
6.834238,0.473178
6.834648,0.473169
6.835058,0.473158
6.835468,0.473148
6.835878,0.473139
6.836288,0.473129
6.836698,0.473119
6.837108,0.473109
6.837518,0.473099
6.837928,0.473088
6.838338,0.473078
6.838748,0.473068
6.839158,0.473058
6.839568,0.473048
6.839978,0.473038
6.840388,0.473028
6.840798,0.473018
6.841208,0.473009
6.841618,0.472998
6.842028,0.472988
6.842438,0.472978
6.842848,0.472968
6.843258,0.472958
6.843668,0.472948
6.844078,0.472938
6.844488,0.472928
6.844898,0.472918
6.845308,0.472908
6.845718,0.472898
6.846128,0.472889
6.846538,0.472878
6.846948,0.472868
6.847358,0.472858
6.847768,0.472849
6.848178,0.472839
6.848588,0.472829
6.848998,0.472819
6.849408,0.472809
6.849818,0.472799
6.850228,0.472789
6.850638,0.472779
6.851048,0.472769
6.851458,0.472759
6.851868,0.472750
6.852278,0.472740
6.852688,0.472730
6.853098,0.472720
6.853508,0.472710
6.853918,0.472700
6.854328,0.472691
6.854738,0.472681
6.855149,0.472671
6.855559,0.472661
6.855969,0.472651
6.856379,0.472641
6.856789,0.472631
6.857199,0.472622
6.857609,0.472612
6.858019,0.472601
6.858429,0.472593
6.858839,0.472582
6.859249,0.472572
6.859659,0.472564
6.860069,0.472553
6.860479,0.472544
6.860889,0.472534
6.861299,0.472524
6.861709,0.472514
6.862119,0.472504
6.862529,0.472494
6.862939,0.472484
6.863349,0.472475
6.863759,0.472465
6.864169,0.472456
6.864579,0.472446
6.864989,0.472436
6.865399,0.472427
6.865809,0.472416
6.866219,0.472407
6.866629,0.472397
6.867039,0.472388
6.867449,0.472378
6.867859,0.472369
6.868269,0.472358
6.868679,0.472349
6.869089,0.472339
6.869499,0.472330
6.869909,0.472320
6.870319,0.472310
6.870729,0.472300
6.871139,0.472291
6.871549,0.472281
6.871959,0.472272
6.872369,0.472262
6.872779,0.472252
6.873189,0.472243
6.873599,0.472233
6.874009,0.472223
6.874419,0.472214
6.874829,0.472204
6.875239,0.472195
6.875649,0.472185
6.876059,0.472176
6.876469,0.472166
6.876879,0.472156
6.877289,0.472146
6.877699,0.472137
6.878109,0.472127
6.878519,0.472118
6.878929,0.472108
6.879339,0.472099
6.879749,0.472089
6.880159,0.472080
6.880569,0.472070
6.880979,0.472061
6.881389,0.472051
6.881799,0.472042
6.882209,0.472032
6.882619,0.472022
6.883029,0.472013
6.883439,0.472003
6.883849,0.471994
6.884259,0.471984
6.884669,0.471975
6.885080,0.471965
6.885490,0.471956
6.885900,0.471946
6.886310,0.471937
6.886720,0.471928
6.887130,0.471918
6.887540,0.471909
6.887950,0.471899
6.888360,0.471889
6.888770,0.471880
6.889180,0.471871
6.889590,0.471862
6.890000,0.471852
6.890410,0.471842
6.890820,0.471833
6.891230,0.471824
6.891640,0.471814
6.892050,0.471805
6.892460,0.471795
6.892870,0.471786
6.893280,0.471776
6.893690,0.471767
6.894100,0.471758
6.894510,0.471748
6.894920,0.471739
6.895330,0.471729
6.895740,0.471720
6.896150,0.471711
6.896560,0.471702
6.896970,0.471693
6.897380,0.471683
6.897790,0.471674
6.898200,0.471664
6.898610,0.471655
6.899020,0.471646
6.899430,0.471636
6.899840,0.471627
6.900250,0.471618
6.900660,0.471609
6.901070,0.471599
6.901480,0.471590
6.901890,0.471580
6.902300,0.471571
6.902710,0.471562
6.903120,0.471553
6.903530,0.471543
6.903940,0.471534
6.904350,0.471524
6.904760,0.471516
6.905170,0.471506
6.905580,0.471497
6.905990,0.471487
6.906400,0.471478
6.906810,0.471469
6.907220,0.471460
6.907630,0.471450
6.908040,0.471441
6.908450,0.471433
6.908860,0.471423
6.909270,0.471414
6.909680,0.471404
6.910090,0.471396
6.910500,0.471386
6.910910,0.471377
6.911320,0.471367
6.911730,0.471358
6.912140,0.471349
6.912550,0.471340
6.912960,0.471331
6.913370,0.471322
6.913780,0.471313
6.914190,0.471304
6.914600,0.471294
6.915011,0.471285
6.915421,0.471276
6.915831,0.471267
6.916241,0.471258
6.916651,0.471249
6.917061,0.471239
6.917471,0.471230
6.917881,0.471221
6.918291,0.471213
6.918701,0.471203
6.919111,0.471194
6.919521,0.471185
6.919931,0.471176
6.920341,0.471167
6.920751,0.471157
6.921161,0.471149
6.921571,0.471139
6.921981,0.471130
6.922391,0.471121
6.922801,0.471112
6.923211,0.471103
6.923621,0.471094
6.924031,0.471085
6.924441,0.471075
6.924851,0.471067
6.925261,0.471058
6.925671,0.471048
6.926081,0.471039
6.926491,0.471030
6.926901,0.471022
6.927311,0.471012
6.927721,0.471004
6.928131,0.470994
6.928541,0.470985
6.928951,0.470976
6.929361,0.470967
6.929771,0.470958
6.930181,0.470949
6.930591,0.470941
6.931001,0.470931
6.931411,0.470923
6.931821,0.470914
6.932231,0.470905
6.932641,0.470896
6.933051,0.470887
6.933461,0.470878
6.933871,0.470869
6.934281,0.470860
6.934691,0.470851
6.935101,0.470843
6.935511,0.470833
6.935921,0.470824
6.936331,0.470815
6.936741,0.470807
6.937151,0.470798
6.937561,0.470789
6.937971,0.470780
6.938381,0.470771
6.938791,0.470762
6.939201,0.470753
6.939611,0.470744
6.940021,0.470735
6.940431,0.470726
6.940841,0.470717
6.941251,0.470709
6.941661,0.470699
6.942071,0.470691
6.942481,0.470682
6.942891,0.470673
6.943301,0.470664
6.943711,0.470655
6.944121,0.470646
6.944531,0.470638
6.944941,0.470628
6.945352,0.470620
6.945762,0.470611
6.946172,0.470602
6.946582,0.470593
6.946992,0.470584
6.947402,0.470576
6.947812,0.470567
6.948222,0.470558
6.948632,0.470549
6.949042,0.470541
6.949452,0.470531
6.949862,0.470523
6.950272,0.470514
6.950682,0.470506
6.951092,0.470496
6.951502,0.470488
6.951912,0.470479
6.952322,0.470471
6.952732,0.470462
6.953142,0.470453
6.953552,0.470444
6.953962,0.470436
6.954372,0.470427
6.954782,0.470418
6.955192,0.470409
6.955602,0.470400
6.956012,0.470392
6.956422,0.470383
6.956832,0.470374
6.957242,0.470366
6.957652,0.470357
6.958062,0.470348
6.958472,0.470339
6.958882,0.470330
6.959292,0.470322
6.959702,0.470314
6.960112,0.470305
6.960522,0.470296
6.960932,0.470287
6.961342,0.470279
6.961752,0.470270
6.962162,0.470261
6.962572,0.470253
6.962982,0.470244
6.963392,0.470235
6.963802,0.470227
6.964212,0.470218
6.964622,0.470210
6.965032,0.470201
6.965442,0.470192
6.965852,0.470184
6.966262,0.470175
6.966672,0.470166
6.967082,0.470158
6.967492,0.470150
6.967902,0.470141
6.968312,0.470132
6.968722,0.470123
6.969132,0.470115
6.969542,0.470107
6.969952,0.470098
6.970362,0.470089
6.970772,0.470080
6.971182,0.470072
6.971592,0.470063
6.972002,0.470054
6.972412,0.470047
6.972822,0.470038
6.973232,0.470029
6.973642,0.470021
6.974052,0.470012
6.974462,0.470004
6.974872,0.469995
6.975283,0.469986
6.975693,0.469978
6.976103,0.469969
6.976513,0.469961
6.976923,0.469953
6.977333,0.469944
6.977743,0.469936
6.978153,0.469927
6.978563,0.469918
6.978973,0.469911
6.979383,0.469901
6.979793,0.469893
6.980203,0.469885
6.980613,0.469876
6.981023,0.469868
6.981433,0.469859
6.981843,0.469851
6.982253,0.469843
6.982663,0.469834
6.983073,0.469826
6.983483,0.469817
6.983893,0.469809
6.984303,0.469800
6.984713,0.469792
6.985123,0.469784
6.985533,0.469775
6.985943,0.469767
6.986353,0.469758
6.986763,0.469749
6.987173,0.469742
6.987583,0.469733
6.987993,0.469724
6.988403,0.469717
6.988813,0.469708
6.989223,0.469700
6.989633,0.469691
6.990043,0.469683
6.990453,0.469675
6.990863,0.469666
6.991273,0.469658
6.991683,0.469649
6.992093,0.469641
6.992503,0.469633
6.992913,0.469624
6.993323,0.469616
6.993733,0.469607
6.994143,0.469599
6.994553,0.469591
6.994963,0.469583
6.995373,0.469575
6.995783,0.469566
6.996193,0.469557
6.996603,0.469550
6.997013,0.469541
6.997423,0.469533
6.997833,0.469525
6.998243,0.469516
6.998653,0.469508
6.999063,0.469500
6.999473,0.469491
6.999883,0.469483
7.000293,0.469475
7.000703,0.469466
7.001113,0.469459
7.001523,0.469450
7.001933,0.469441
7.002343,0.469433
7.002753,0.469425
7.003163,0.469417
7.003573,0.469409
7.003983,0.469401
7.004393,0.469392
7.004803,0.469384
7.005214,0.469376
7.005624,0.469368
7.006034,0.469359
7.006444,0.469351
7.006854,0.469343
7.007264,0.469335
7.007674,0.469327
7.008084,0.469319
7.008494,0.469311
7.008904,0.469302
7.009314,0.469293
7.009724,0.469286
7.010134,0.469277
7.010544,0.469270
7.010954,0.469261
7.011364,0.469253
7.011774,0.469245
7.012184,0.469236
7.012594,0.469229
7.013004,0.469221
7.013414,0.469213
7.013824,0.469205
7.014234,0.469196
7.014644,0.469188
7.015054,0.469180
7.015464,0.469171
7.015874,0.469163
7.016284,0.469155
7.016694,0.469148
7.017104,0.469140
7.017514,0.469131
7.017924,0.469123
7.018334,0.469115
7.018744,0.469107
7.019154,0.469098
7.019564,0.469091
7.019974,0.469083
7.020384,0.469075
7.020794,0.469067
7.021204,0.469058
7.021614,0.469050
7.022024,0.469042
7.022434,0.469034
7.022844,0.469026
7.023254,0.469018
7.023664,0.469011
7.024074,0.469002
7.024484,0.468994
7.024894,0.468986
7.025304,0.468978
7.025714,0.468970
7.026124,0.468962
7.026534,0.468953
7.026944,0.468946
7.027354,0.468938
7.027764,0.468930
7.028174,0.468922
7.028584,0.468914
7.028994,0.468906
7.029404,0.468898
7.029814,0.468890
7.030224,0.468882
7.030634,0.468874
7.031044,0.468866
7.031454,0.468858
7.031864,0.468851
7.032274,0.468843
7.032684,0.468835
7.033094,0.468827
7.033504,0.468818
7.033914,0.468811
7.034324,0.468802
7.034734,0.468795
7.035145,0.468787
7.035555,0.468778
7.035965,0.468771
7.036375,0.468763
7.036785,0.468755
7.037195,0.468747
7.037605,0.468739
7.038015,0.468731
7.038425,0.468723
7.038835,0.468715
7.039245,0.468708
7.039655,0.468699
7.040065,0.468692
7.040475,0.468683
7.040885,0.468676
7.041295,0.468668
7.041705,0.468660
7.042115,0.468652
7.042525,0.468645
7.042935,0.468636
7.043345,0.468629
7.043755,0.468621
7.044165,0.468613
7.044575,0.468605
7.044985,0.468598
7.045395,0.468590
7.045805,0.468582
7.046215,0.468574
7.046625,0.468566
7.047035,0.468558
7.047445,0.468551
7.047855,0.468543
7.048265,0.468535
7.048675,0.468527
7.049085,0.468519
7.049495,0.468512
7.049905,0.468504
7.050315,0.468495
7.050725,0.468488
7.051135,0.468481
7.051545,0.468472
7.051955,0.468465
7.052365,0.468457
7.052775,0.468449
7.053185,0.468442
7.053595,0.468433
7.054005,0.468426
7.054415,0.468418
7.054825,0.468410
7.055235,0.468402
7.055645,0.468395
7.056055,0.468387
7.056465,0.468380
7.056875,0.468372
7.057285,0.468364
7.057695,0.468356
7.058105,0.468349
7.058515,0.468341
7.058925,0.468333
7.059335,0.468326
7.059745,0.468318
7.060155,0.468310
7.060565,0.468302
7.060975,0.468295
7.061385,0.468287
7.061795,0.468279
7.062205,0.468272
7.062615,0.468264
7.063025,0.468256
7.063435,0.468249
7.063845,0.468241
7.064255,0.468233
7.064665,0.468225
7.065076,0.468218
7.065486,0.468210
7.065896,0.468203
7.066306,0.468195
7.066716,0.468187
7.067126,0.468180
7.067536,0.468172
7.067946,0.468165
7.068356,0.468157
7.068766,0.468149
7.069176,0.468142
7.069586,0.468134
7.069996,0.468126
7.070406,0.468119
7.070816,0.468112
7.071226,0.468103
7.071636,0.468096
7.072046,0.468088
7.072456,0.468081
7.072866,0.468074
7.073276,0.468066
7.073686,0.468058
7.074096,0.468051
7.074506,0.468043
7.074916,0.468035
7.075326,0.468028
7.075736,0.468021
7.076146,0.468013
7.076556,0.468005
7.076966,0.467997
7.077376,0.467990
7.077786,0.467983
7.078196,0.467975
7.078606,0.467967
7.079016,0.467960
7.079426,0.467953
7.079836,0.467945
7.080246,0.467938
7.080656,0.467930
7.081066,0.467923
7.081476,0.467915
7.081886,0.467907
7.082296,0.467900
7.082706,0.467892
7.083116,0.467885
7.083526,0.467878
7.083936,0.467870
7.084346,0.467862
7.084756,0.467855
7.085166,0.467847
7.085576,0.467840
7.085986,0.467833
7.086396,0.467825
7.086806,0.467818
7.087216,0.467810
7.087626,0.467803
7.088036,0.467796
7.088446,0.467788
7.088856,0.467781
7.089266,0.467773
7.089676,0.467766
7.090086,0.467758
7.090496,0.467751
7.090906,0.467744
7.091316,0.467736
7.091726,0.467728
7.092136,0.467721
7.092546,0.467714
7.092956,0.467706
7.093366,0.467699
7.093776,0.467692
7.094186,0.467685
7.094596,0.467677
7.095007,0.467669
7.095417,0.467662
7.095827,0.467655
7.096237,0.467647
7.096647,0.467640
7.097057,0.467633
7.097467,0.467625
7.097877,0.467618
7.098287,0.467610
7.098697,0.467603
7.099107,0.467596
7.099517,0.467588
7.099927,0.467581
7.100337,0.467574
7.100747,0.467567
7.101157,0.467560
7.101567,0.467552
7.101977,0.467545
7.102387,0.467537
7.102797,0.467530
7.103207,0.467523
7.103617,0.467516
7.104027,0.467508
7.104437,0.467500
7.104847,0.467493
7.105257,0.467486
7.105667,0.467478
7.106077,0.467471
7.106487,0.467465
7.106897,0.467457
7.107307,0.467450
7.107717,0.467442
7.108127,0.467435
7.108537,0.467428
7.108947,0.467420
7.109357,0.467413
7.109767,0.467406
7.110177,0.467399
7.110587,0.467392
7.110997,0.467384
7.111407,0.467377
7.111817,0.467370
7.112227,0.467362
7.112637,0.467355
7.113047,0.467348
7.113457,0.467341
7.113867,0.467334
7.114277,0.467327
7.114687,0.467320
7.115097,0.467312
7.115507,0.467305
7.115917,0.467298
7.116327,0.467290
7.116737,0.467283
7.117147,0.467276
7.117557,0.467269
7.117967,0.467262
7.118377,0.467255
7.118787,0.467247
7.119197,0.467240
7.119607,0.467233
7.120017,0.467226
7.120427,0.467218
7.120837,0.467211
7.121247,0.467204
7.121657,0.467197
7.122067,0.467190
7.122477,0.467183
7.122887,0.467176
7.123297,0.467168
7.123707,0.467162
7.124117,0.467154
7.124527,0.467147
7.124937,0.467140
7.125348,0.467133
7.125758,0.467126
7.126168,0.467118
7.126578,0.467112
7.126988,0.467105
7.127398,0.467097
7.127808,0.467090
7.128218,0.467083
7.128628,0.467076
7.129038,0.467069
7.129448,0.467062
7.129858,0.467055
7.130268,0.467048
7.130678,0.467041
7.131088,0.467033
7.131498,0.467027
7.131908,0.467020
7.132318,0.467013
7.132728,0.467005
7.133138,0.466998
7.133548,0.466991
7.133958,0.466984
7.134368,0.466977
7.134778,0.466970
7.135188,0.466963
7.135598,0.466956
7.136008,0.466948
7.136418,0.466942
7.136828,0.466935
7.137238,0.466928
7.137648,0.466921
7.138058,0.466914
7.138468,0.466907
7.138878,0.466900
7.139288,0.466893
7.139698,0.466885
7.140108,0.466879
7.140518,0.466873
7.140928,0.466865
7.141338,0.466858
7.141748,0.466851
7.142158,0.466844
7.142568,0.466837
7.142978,0.466830
7.143388,0.466823
7.143798,0.466815
7.144208,0.466809
7.144618,0.466802
7.145028,0.466795
7.145438,0.466788
7.145848,0.466781
7.146258,0.466774
7.146668,0.466768
7.147078,0.466761
7.147488,0.466754
7.147898,0.466746
7.148308,0.466740
7.148718,0.466733
7.149128,0.466725
7.149538,0.466719
7.149948,0.466712
7.150358,0.466705
7.150768,0.466698
7.151178,0.466691
7.151588,0.466685
7.151998,0.466678
7.152408,0.466671
7.152818,0.466664
7.153228,0.466657
7.153638,0.466650
7.154048,0.466643
7.154458,0.466636
7.154868,0.466629
7.155279,0.466622
7.155689,0.466616
7.156099,0.466609
7.156509,0.466602
7.156919,0.466595
7.157329,0.466588
7.157739,0.466581
7.158149,0.466574
7.158559,0.466568
7.158969,0.466561
7.159379,0.466554
7.159789,0.466548
7.160199,0.466540
7.160609,0.466533
7.161019,0.466527
7.161429,0.466520
7.161839,0.466513
7.162249,0.466506
7.162659,0.466500
7.163069,0.466493
7.163479,0.466486
7.163889,0.466479
7.164299,0.466472
7.164709,0.466465
7.165119,0.466459
7.165529,0.466452
7.165939,0.466445
7.166349,0.466439
7.166759,0.466432
7.167169,0.466424
7.167579,0.466418
7.167989,0.466411
7.168399,0.466404
7.168809,0.466398
7.169219,0.466391
7.169629,0.466384
7.170039,0.466377
7.170449,0.466371
7.170859,0.466364
7.171269,0.466358
7.171679,0.466350
7.172089,0.466343
7.172499,0.466336
7.172909,0.466330
7.173319,0.466323
7.173729,0.466317
7.174139,0.466310
7.174549,0.466303
7.174959,0.466297
7.175369,0.466290
7.175779,0.466283
7.176189,0.466277
7.176599,0.466270
7.177009,0.466263
7.177419,0.466256
7.177829,0.466250
7.178239,0.466243
7.178649,0.466236
7.179059,0.466230
7.179469,0.466223
7.179879,0.466216
7.180289,0.466209
7.180699,0.466203
7.181109,0.466197
7.181519,0.466190
7.181929,0.466183
7.182339,0.466177
7.182749,0.466170
7.183159,0.466163
7.183569,0.466156
7.183979,0.466150
7.184389,0.466143
7.184799,0.466136
7.185210,0.466130
7.185620,0.466123
7.186030,0.466117
7.186440,0.466111
7.186850,0.466104
7.187260,0.466097
7.187670,0.466091
7.188080,0.466083
7.188490,0.466077
7.188900,0.466070
7.189310,0.466063
7.189720,0.466058
7.190130,0.466050
7.190540,0.466044
7.190950,0.466037
7.191360,0.466031
7.191770,0.466025
7.192180,0.466018
7.192590,0.466011
7.193000,0.466004
7.193410,0.465998
7.193820,0.465991
7.194230,0.465985
7.194640,0.465979
7.195050,0.465972
7.195460,0.465965
7.195870,0.465959
7.196280,0.465953
7.196690,0.465946
7.197100,0.465940
7.197510,0.465933
7.197920,0.465926
7.198330,0.465919
7.198740,0.465913
7.199150,0.465907
7.199560,0.465900
7.199970,0.465894
7.200380,0.465887
7.200790,0.465880
7.201200,0.465874
7.201610,0.465867
7.202020,0.465861
7.202430,0.465855
7.202840,0.465849
7.203250,0.465842
7.203660,0.465835
7.204070,0.465828
7.204480,0.465822
7.204890,0.465816
7.205300,0.465809
7.205710,0.465803
7.206120,0.465796
7.206530,0.465789
7.206940,0.465784
7.207350,0.465777
7.207760,0.465770
7.208170,0.465764
7.208580,0.465757
7.208990,0.465751
7.209400,0.465745
7.209810,0.465738
7.210220,0.465731
7.210630,0.465725
7.211040,0.465719
7.211450,0.465712
7.211860,0.465706
7.212270,0.465700
7.212680,0.465693
7.213090,0.465687
7.213500,0.465680
7.213910,0.465675
7.214320,0.465668
7.214730,0.465661
7.215141,0.465655
7.215551,0.465648
7.215961,0.465642
7.216371,0.465635
7.216781,0.465629
7.217191,0.465622
7.217601,0.465617
7.218011,0.465610
7.218421,0.465603
7.218831,0.465596
7.219241,0.465591
7.219651,0.465584
7.220061,0.465578
7.220471,0.465571
7.220881,0.465566
7.221291,0.465559
7.221701,0.465553
7.222111,0.465546
7.222521,0.465540
7.222931,0.465534
7.223341,0.465527
7.223751,0.465521
7.224161,0.465514
7.224571,0.465508
7.224981,0.465502
7.225391,0.465495
7.225801,0.465489
7.226211,0.465482
7.226621,0.465477
7.227031,0.465471
7.227441,0.465465
7.227851,0.465458
7.228261,0.465452
7.228671,0.465445
7.229081,0.465439
7.229491,0.465432
7.229901,0.465426
7.230311,0.465421
7.230721,0.465414
7.231131,0.465407
7.231541,0.465401
7.231951,0.465395
7.232361,0.465389
7.232771,0.465383
7.233181,0.465376
7.233591,0.465370
7.234001,0.465364
7.234411,0.465357
7.234821,0.465351
7.235231,0.465345
7.235641,0.465339
7.236051,0.465333
7.236461,0.465327
7.236871,0.465320
7.237281,0.465314
7.237691,0.465308
7.238101,0.465302
7.238511,0.465295
7.238921,0.465289
7.239331,0.465283
7.239741,0.465276
7.240151,0.465270
7.240561,0.465264
7.240971,0.465258
7.241381,0.465252
7.241791,0.465245
7.242201,0.465240
7.242611,0.465232
7.243021,0.465226
7.243431,0.465221
7.243841,0.465215
7.244251,0.465208
7.244661,0.465203
7.245072,0.465196
7.245482,0.465190
7.245892,0.465183
7.246302,0.465178
7.246712,0.465171
7.247122,0.465166
7.247532,0.465159
7.247942,0.465153
7.248352,0.465147
7.248762,0.465141
7.249172,0.465134
7.249582,0.465128
7.249992,0.465122
7.250402,0.465116
7.250812,0.465110
7.251222,0.465104
7.251632,0.465098
7.252042,0.465092
7.252452,0.465085
7.252862,0.465079
7.253272,0.465073
7.253682,0.465067
7.254092,0.465061
7.254502,0.465055
7.254912,0.465049
7.255322,0.465043
7.255732,0.465037
7.256142,0.465031
7.256552,0.465024
7.256962,0.465019
7.257372,0.465013
7.257782,0.465006
7.258192,0.465000
7.258602,0.464994
7.259012,0.464988
7.259422,0.464982
7.259832,0.464976
7.260242,0.464970
7.260652,0.464964
7.261062,0.464958
7.261472,0.464952
7.261882,0.464945
7.262292,0.464940
7.262702,0.464934
7.263112,0.464927
7.263522,0.464922
7.263932,0.464915
7.264342,0.464910
7.264752,0.464903
7.265162,0.464897
7.265572,0.464891
7.265982,0.464885
7.266392,0.464879
7.266802,0.464873
7.267212,0.464867
7.267622,0.464861
7.268032,0.464855
7.268442,0.464849
7.268852,0.464843
7.269262,0.464837
7.269672,0.464831
7.270082,0.464825
7.270492,0.464820
7.270902,0.464813
7.271312,0.464807
7.271722,0.464801
7.272132,0.464795
7.272542,0.464789
7.272952,0.464784
7.273362,0.464777
7.273772,0.464772
7.274182,0.464765
7.274592,0.464760
7.275003,0.464753
7.275413,0.464748
7.275823,0.464742
7.276233,0.464736
7.276643,0.464729
7.277053,0.464724
7.277463,0.464718
7.277873,0.464712
7.278283,0.464706
7.278693,0.464700
7.279103,0.464694
7.279513,0.464688
7.279923,0.464682
7.280333,0.464676
7.280743,0.464670
7.281153,0.464664
7.281563,0.464659
7.281973,0.464653
7.282383,0.464647
7.282793,0.464641
7.283203,0.464635
7.283613,0.464629
7.284023,0.464623
7.284433,0.464618
7.284843,0.464612
7.285253,0.464606
7.285663,0.464600
7.286073,0.464594
7.286483,0.464588
7.286893,0.464583
7.287303,0.464577
7.287713,0.464571
7.288123,0.464564
7.288533,0.464559
7.288943,0.464553
7.289353,0.464547
7.289763,0.464541
7.290173,0.464535
7.290583,0.464529
7.290993,0.464524
7.291403,0.464518
7.291813,0.464512
7.292223,0.464506
7.292633,0.464500
7.293043,0.464495
7.293453,0.464489
7.293863,0.464483
7.294273,0.464477
7.294683,0.464471
7.295093,0.464465
7.295503,0.464459
7.295913,0.464454
7.296323,0.464448
7.296733,0.464442
7.297143,0.464436
7.297553,0.464431
7.297963,0.464425
7.298373,0.464419
7.298783,0.464413
7.299193,0.464407
7.299603,0.464402
7.300013,0.464396
7.300423,0.464390
7.300833,0.464384
7.301243,0.464378
7.301653,0.464373
7.302063,0.464366
7.302473,0.464361
7.302883,0.464356
7.303293,0.464349
7.303703,0.464344
7.304113,0.464338
7.304523,0.464332
7.304933,0.464327
7.305344,0.464321
7.305754,0.464316
7.306164,0.464309
7.306574,0.464303
7.306984,0.464298
7.307394,0.464292
7.307804,0.464286
7.308214,0.464281
7.308624,0.464275
7.309034,0.464269
7.309444,0.464263
7.309854,0.464258
7.310264,0.464252
7.310674,0.464247
7.311084,0.464240
7.311494,0.464235
7.311904,0.464230
7.312314,0.464224
7.312724,0.464218
7.313134,0.464212
7.313544,0.464207
7.313954,0.464201
7.314364,0.464195
7.314774,0.464189
7.315184,0.464184
7.315594,0.464178
7.316004,0.464172
7.316414,0.464167
7.316824,0.464161
7.317234,0.464155
7.317644,0.464150
7.318054,0.464144
7.318464,0.464139
7.318874,0.464133
7.319284,0.464127
7.319694,0.464122
7.320104,0.464116
7.320514,0.464110
7.320924,0.464104
7.321334,0.464099
7.321744,0.464093
7.322154,0.464088
7.322564,0.464082
7.322974,0.464076
7.323384,0.464071
7.323794,0.464065
7.324204,0.464060
7.324614,0.464054
7.325024,0.464048
7.325434,0.464043
7.325844,0.464037
7.326254,0.464032
7.326664,0.464026
7.327074,0.464021
7.327484,0.464014
7.327894,0.464009
7.328304,0.464003
7.328714,0.463998
7.329124,0.463993
7.329534,0.463986
7.329944,0.463981
7.330354,0.463976
7.330764,0.463970
7.331174,0.463965
7.331584,0.463958
7.331994,0.463954
7.332404,0.463948
7.332814,0.463942
7.333224,0.463936
7.333634,0.463931
7.334044,0.463925
7.334454,0.463920
7.334864,0.463915
7.335275,0.463909
7.335685,0.463903
7.336095,0.463898
7.336505,0.463893
7.336915,0.463887
7.337325,0.463882
7.337735,0.463876
7.338145,0.463871
7.338555,0.463865
7.338965,0.463859
7.339375,0.463853
7.339785,0.463848
7.340195,0.463843
7.340605,0.463837
7.341015,0.463832
7.341425,0.463826
7.341835,0.463821
7.342245,0.463815
7.342655,0.463811
7.343065,0.463804
7.343475,0.463799
7.343885,0.463793
7.344295,0.463788
7.344705,0.463782
7.345115,0.463777
7.345525,0.463771
7.345935,0.463765
7.346345,0.463761
7.346755,0.463755
7.347165,0.463749
7.347575,0.463744
7.347985,0.463739
7.348395,0.463734
7.348805,0.463728
7.349215,0.463722
7.349625,0.463717
7.350035,0.463711
7.350445,0.463706
7.350855,0.463700
7.351265,0.463695
7.351675,0.463689
7.352085,0.463684
7.352495,0.463679
7.352905,0.463673
7.353315,0.463668
7.353725,0.463663
7.354135,0.463657
7.354545,0.463652
7.354955,0.463647
7.355365,0.463641
7.355775,0.463635
7.356185,0.463630
7.356595,0.463624
7.357005,0.463619
7.357415,0.463614
7.357825,0.463608
7.358235,0.463603
7.358645,0.463598
7.359055,0.463592
7.359465,0.463587
7.359875,0.463581
7.360285,0.463576
7.360695,0.463571
7.361105,0.463566
7.361515,0.463560
7.361925,0.463554
7.362335,0.463549
7.362745,0.463544
7.363155,0.463538
7.363565,0.463533
7.363975,0.463528
7.364385,0.463522
7.364795,0.463517
7.365206,0.463512
7.365616,0.463506
7.366026,0.463501
7.366436,0.463496
7.366846,0.463490
7.367256,0.463485
7.367666,0.463480
7.368076,0.463474
7.368486,0.463469
7.368896,0.463464
7.369306,0.463458
7.369716,0.463453
7.370126,0.463448
7.370536,0.463442
7.370946,0.463438
7.371356,0.463432
7.371766,0.463426
7.372176,0.463421
7.372586,0.463416
7.372996,0.463410
7.373406,0.463406
7.373816,0.463401
7.374226,0.463394
7.374636,0.463390
7.375046,0.463385
7.375456,0.463379
7.375866,0.463374
7.376276,0.463368
7.376686,0.463362
7.377096,0.463358
7.377506,0.463352
7.377916,0.463347
7.378326,0.463342
7.378736,0.463337
7.379146,0.463332
7.379556,0.463326
7.379966,0.463321
7.380376,0.463316
7.380786,0.463310
7.381196,0.463305
7.381606,0.463300
7.382016,0.463294
7.382426,0.463289
7.382836,0.463285
7.383246,0.463279
7.383656,0.463274
7.384066,0.463268
7.384476,0.463263
7.384886,0.463258
7.385296,0.463253
7.385706,0.463247
7.386116,0.463242
7.386526,0.463238
7.386936,0.463232
7.387346,0.463227
7.387756,0.463222
7.388166,0.463216
7.388576,0.463211
7.388986,0.463206
7.389396,0.463201
7.389806,0.463196
7.390216,0.463190
7.390626,0.463185
7.391036,0.463180
7.391446,0.463175
7.391856,0.463170
7.392266,0.463165
7.392676,0.463159
7.393086,0.463155
7.393496,0.463149
7.393906,0.463144
7.394316,0.463139
7.394726,0.463133
7.395137,0.463129
7.395547,0.463122
7.395957,0.463117
7.396367,0.463113
7.396777,0.463107
7.397187,0.463103
7.397597,0.463097
7.398007,0.463092
7.398417,0.463087
7.398827,0.463082
7.399237,0.463077
7.399647,0.463072
7.400057,0.463066
7.400467,0.463061
7.400877,0.463057
7.401287,0.463051
7.401697,0.463047
7.402107,0.463041
7.402517,0.463036
7.402927,0.463031
7.403337,0.463026
7.403747,0.463021
7.404157,0.463016
7.404567,0.463010
7.404977,0.463005
7.405387,0.463000
7.405797,0.462995
7.406207,0.462990
7.406617,0.462984
7.407027,0.462980
7.407437,0.462975
7.407847,0.462970
7.408257,0.462964
7.408667,0.462960
7.409077,0.462954
7.409487,0.462950
7.409897,0.462944
7.410307,0.462939
7.410717,0.462934
7.411127,0.462929
7.411537,0.462923
7.411947,0.462919
7.412357,0.462914
7.412767,0.462909
7.413177,0.462904
7.413587,0.462900
7.413997,0.462894
7.414407,0.462888
7.414817,0.462884
7.415227,0.462879
7.415637,0.462873
7.416047,0.462868
7.416457,0.462863
7.416867,0.462859
7.417277,0.462854
7.417687,0.462848
7.418097,0.462843
7.418507,0.462838
7.418917,0.462833
7.419327,0.462828
7.419737,0.462823
7.420147,0.462818
7.420557,0.462814
7.420967,0.462808
7.421377,0.462803
7.421787,0.462797
7.422197,0.462793
7.422607,0.462788
7.423017,0.462783
7.423427,0.462778
7.423837,0.462773
7.424247,0.462768
7.424657,0.462763
7.425068,0.462758
7.425478,0.462753
7.425888,0.462748
7.426298,0.462743
7.426708,0.462738
7.427118,0.462733
7.427528,0.462728
7.427938,0.462723
7.428348,0.462719
7.428758,0.462714
7.429168,0.462709
7.429578,0.462704
7.429988,0.462698
7.430398,0.462694
7.430808,0.462689
7.431218,0.462684
7.431628,0.462679
7.432038,0.462674
7.432448,0.462669
7.432858,0.462664
7.433268,0.462659
7.433678,0.462654
7.434088,0.462649
7.434498,0.462644
7.434908,0.462639
7.435318,0.462635
7.435728,0.462630
7.436138,0.462624
7.436548,0.462620
7.436958,0.462615
7.437368,0.462609
7.437778,0.462606
7.438188,0.462600
7.438598,0.462595
7.439008,0.462590
7.439418,0.462586
7.439828,0.462580
7.440238,0.462576
7.440648,0.462571
7.441058,0.462566
7.441468,0.462561
7.441878,0.462556
7.442288,0.462552
7.442698,0.462547
7.443108,0.462541
7.443518,0.462537
7.443928,0.462532
7.444338,0.462527
7.444748,0.462522
7.445158,0.462517
7.445568,0.462512
7.445978,0.462508
7.446388,0.462502
7.446798,0.462498
7.447208,0.462493
7.447618,0.462488
7.448028,0.462483
7.448438,0.462479
7.448848,0.462474
7.449258,0.462469
7.449668,0.462464
7.450078,0.462459
7.450488,0.462454
7.450898,0.462449
7.451308,0.462444
7.451718,0.462440
7.452128,0.462435
7.452538,0.462430
7.452948,0.462425
7.453358,0.462420
7.453768,0.462415
7.454178,0.462411
7.454588,0.462406
7.454998,0.462401
7.455409,0.462396
7.455819,0.462392
7.456229,0.462387
7.456639,0.462382
7.457049,0.462377
7.457459,0.462372
7.457869,0.462368
7.458279,0.462363
7.458689,0.462358
7.459099,0.462353
7.459509,0.462349
7.459919,0.462344
7.460329,0.462339
7.460739,0.462334
7.461149,0.462329
7.461559,0.462324
7.461969,0.462319
7.462379,0.462315
7.462789,0.462311
7.463199,0.462305
7.463609,0.462301
7.464019,0.462297
7.464429,0.462291
7.464839,0.462286
7.465249,0.462281
7.465659,0.462276
7.466069,0.462272
7.466479,0.462268
7.466889,0.462263
7.467299,0.462258
7.467709,0.462254
7.468119,0.462249
7.468529,0.462244
7.468939,0.462239
7.469349,0.462234
7.469759,0.462229
7.470169,0.462225
7.470579,0.462220
7.470989,0.462216
7.471399,0.462211
7.471809,0.462206
7.472219,0.462202
7.472629,0.462197
7.473039,0.462192
7.473449,0.462187
7.473859,0.462183
7.474269,0.462178
7.474679,0.462173
7.475089,0.462168
7.475499,0.462164
7.475909,0.462160
7.476319,0.462154
7.476729,0.462150
7.477139,0.462145
7.477549,0.462140
7.477959,0.462135
7.478369,0.462131
7.478779,0.462126
7.479189,0.462122
7.479599,0.462117
7.480009,0.462112
7.480419,0.462107
7.480829,0.462104
7.481239,0.462099
7.481649,0.462094
7.482059,0.462089
7.482469,0.462085
7.482879,0.462080
7.483289,0.462075
7.483699,0.462071
7.484109,0.462066
7.484519,0.462061
7.484929,0.462056
7.485340,0.462052
7.485750,0.462047
7.486160,0.462043
7.486570,0.462038
7.486980,0.462033
7.487390,0.462028
7.487800,0.462024
7.488210,0.462020
7.488620,0.462016
7.489030,0.462010
7.489440,0.462006
7.489850,0.462001
7.490260,0.461996
7.490670,0.461992
7.491080,0.461987
7.491490,0.461983
7.491900,0.461978
7.492310,0.461973
7.492720,0.461969
7.493130,0.461965
7.493540,0.461960
7.493950,0.461955
7.494360,0.461951
7.494770,0.461946
7.495180,0.461941
7.495590,0.461937
7.496000,0.461932
7.496410,0.461928
7.496820,0.461923
7.497230,0.461919
7.497640,0.461914
7.498050,0.461909
7.498460,0.461905
7.498870,0.461901
7.499280,0.461896
7.499690,0.461891
7.500100,0.461887
7.500510,0.461882
7.500920,0.461878
7.501330,0.461873
7.501740,0.461869
7.502150,0.461863
7.502560,0.461859
7.502970,0.461854
7.503380,0.461850
7.503790,0.461846
7.504200,0.461842
7.504610,0.461837
7.505020,0.461832
7.505430,0.461827
7.505840,0.461823
7.506250,0.461819
7.506660,0.461814
7.507070,0.461809
7.507480,0.461804
7.507890,0.461800
7.508300,0.461796
7.508710,0.461792
7.509120,0.461787
7.509530,0.461783
7.509940,0.461778
7.510350,0.461774
7.510760,0.461769
7.511170,0.461765
7.511580,0.461760
7.511990,0.461755
7.512400,0.461751
7.512810,0.461746
7.513220,0.461743
7.513630,0.461738
7.514040,0.461733
7.514450,0.461729
7.514860,0.461725
7.515271,0.461720
7.515681,0.461715
7.516091,0.461710
7.516501,0.461706
7.516911,0.461702
7.517321,0.461697
7.517731,0.461693
7.518141,0.461689
7.518551,0.461684
7.518961,0.461679
7.519371,0.461675
7.519781,0.461670
7.520191,0.461666
7.520601,0.461662
7.521011,0.461657
7.521421,0.461652
7.521831,0.461648
7.522241,0.461643
7.522651,0.461640
7.523061,0.461635
7.523471,0.461630
7.523881,0.461626
7.524291,0.461622
7.524701,0.461618
7.525111,0.461613
7.525521,0.461609
7.525931,0.461604
7.526341,0.461599
7.526751,0.461595
7.527161,0.461591
7.527571,0.461586
7.527981,0.461582
7.528391,0.461577
7.528801,0.461573
7.529211,0.461569
7.529621,0.461564
7.530031,0.461560
7.530441,0.461555
7.530851,0.461550
7.531261,0.461546
7.531671,0.461542
7.532081,0.461539
7.532491,0.461534
7.532901,0.461529
7.533311,0.461525
7.533721,0.461520
7.534131,0.461516
7.534541,0.461512
7.534951,0.461508
7.535361,0.461503
7.535771,0.461499
7.536181,0.461494
7.536591,0.461490
7.537001,0.461486
7.537411,0.461481
7.537821,0.461477
7.538231,0.461473
7.538641,0.461468
7.539051,0.461464
7.539461,0.461460
7.539871,0.461455
7.540281,0.461451
7.540691,0.461447
7.541101,0.461442
7.541511,0.461438
7.541921,0.461433
7.542331,0.461429
7.542741,0.461425
7.543151,0.461421
7.543561,0.461416
7.543971,0.461412
7.544381,0.461407
7.544791,0.461403
7.545202,0.461399
7.545612,0.461395
7.546022,0.461390
7.546432,0.461386
7.546842,0.461382
7.547252,0.461377
7.547662,0.461373
7.548072,0.461369
7.548482,0.461364
7.548892,0.461361
7.549302,0.461356
7.549712,0.461351
7.550122,0.461347
7.550532,0.461343
7.550942,0.461338
7.551352,0.461335
7.551762,0.461330
7.552172,0.461325
7.552582,0.461321
7.552992,0.461318
7.553402,0.461313
7.553812,0.461308
7.554222,0.461304
7.554632,0.461300
7.555042,0.461296
7.555452,0.461292
7.555862,0.461286
7.556272,0.461284
7.556682,0.461279
7.557092,0.461275
7.557502,0.461271
7.557912,0.461266
7.558322,0.461262
7.558732,0.461257
7.559142,0.461254
7.559552,0.461249
7.559962,0.461245
7.560372,0.461241
7.560782,0.461237
7.561192,0.461232
7.561602,0.461228
7.562012,0.461223
7.562422,0.461220
7.562832,0.461216
7.563242,0.461211
7.563652,0.461207
7.564062,0.461202
7.564472,0.461198
7.564882,0.461194
7.565292,0.461190
7.565702,0.461186
7.566112,0.461181
7.566522,0.461177
7.566932,0.461173
7.567342,0.461168
7.567752,0.461164
7.568162,0.461160
7.568572,0.461156
7.568982,0.461152
7.569392,0.461148
7.569802,0.461144
7.570212,0.461139
7.570622,0.461135
7.571032,0.461132
7.571442,0.461127
7.571852,0.461123
7.572262,0.461119
7.572672,0.461114
7.573082,0.461110
7.573492,0.461106
7.573902,0.461102
7.574312,0.461098
7.574722,0.461094
7.575133,0.461090
7.575543,0.461086
7.575953,0.461081
7.576363,0.461077
7.576773,0.461073
7.577183,0.461068
7.577593,0.461064
7.578003,0.461060
7.578413,0.461055
7.578823,0.461052
7.579233,0.461048
7.579643,0.461044
7.580053,0.461040
7.580463,0.461035
7.580873,0.461031
7.581283,0.461027
7.581693,0.461023
7.582103,0.461018
7.582513,0.461015
7.582923,0.461010
7.583333,0.461006
7.583743,0.461002
7.584153,0.460998
7.584563,0.460995
7.584973,0.460990
7.585383,0.460986
7.585793,0.460981
7.586203,0.460978
7.586613,0.460974
7.587023,0.460969
7.587433,0.460966
7.587843,0.460961
7.588253,0.460958
7.588663,0.460953
7.589073,0.460949
7.589483,0.460945
7.589893,0.460941
7.590303,0.460937
7.590713,0.460932
7.591123,0.460928
7.591533,0.460924
7.591943,0.460920
7.592353,0.460917
7.592763,0.460912
7.593173,0.460908
7.593583,0.460904
7.593993,0.460900
7.594403,0.460895
7.594813,0.460892
7.595223,0.460888
7.595633,0.460883
7.596043,0.460880
7.596453,0.460876
7.596863,0.460871
7.597273,0.460868
7.597683,0.460864
7.598093,0.460860
7.598503,0.460855
7.598913,0.460851
7.599323,0.460847
7.599733,0.460843
7.600143,0.460839
7.600553,0.460835
7.600963,0.460831
7.601373,0.460827
7.601783,0.460823
7.602193,0.460819
7.602603,0.460815
7.603013,0.460811
7.603423,0.460807
7.603833,0.460802
7.604243,0.460799
7.604653,0.460795
7.605064,0.460791
7.605474,0.460787
7.605884,0.460783
7.606294,0.460778
7.606704,0.460775
7.607114,0.460770
7.607524,0.460767
7.607934,0.460763
7.608344,0.460759
7.608754,0.460755
7.609164,0.460751
7.609574,0.460746
7.609984,0.460743
7.610394,0.460739
7.610804,0.460735
7.611214,0.460730
7.611624,0.460726
7.612034,0.460722
7.612444,0.460719
7.612854,0.460714
7.613264,0.460711
7.613674,0.460707
7.614084,0.460703
7.614494,0.460699
7.614904,0.460695
7.615314,0.460691
7.615724,0.460687
7.616134,0.460683
7.616544,0.460679
7.616954,0.460675
7.617364,0.460671
7.617774,0.460667
7.618184,0.460663
7.618594,0.460659
7.619004,0.460655
7.619414,0.460651
7.619824,0.460648
7.620234,0.460644
7.620644,0.460639
7.621054,0.460635
7.621464,0.460631
7.621874,0.460628
7.622284,0.460624
7.622694,0.460620
7.623104,0.460616
7.623514,0.460612
7.623924,0.460608
7.624334,0.460604
7.624744,0.460600
7.625154,0.460596
7.625564,0.460592
7.625974,0.460588
7.626384,0.460584
7.626794,0.460581
7.627204,0.460577
7.627614,0.460573
7.628024,0.460569
7.628434,0.460565
7.628844,0.460561
7.629254,0.460556
7.629664,0.460553
7.630074,0.460549
7.630484,0.460546
7.630894,0.460541
7.631304,0.460537
7.631714,0.460533
7.632124,0.460530
7.632534,0.460526
7.632944,0.460522
7.633354,0.460518
7.633764,0.460514
7.634174,0.460509
7.634584,0.460506
7.634994,0.460503
7.635405,0.460498
7.635815,0.460495
7.636225,0.460491
7.636635,0.460487
7.637045,0.460483
7.637455,0.460479
7.637865,0.460476
7.638275,0.460471
7.638685,0.460468
7.639095,0.460464
7.639505,0.460460
7.639915,0.460456
7.640325,0.460453
7.640735,0.460449
7.641145,0.460445
7.641555,0.460441
7.641965,0.460437
7.642375,0.460433
7.642785,0.460428
7.643195,0.460425
7.643605,0.460422
7.644015,0.460417
7.644425,0.460414
7.644835,0.460410
7.645245,0.460407
7.645655,0.460402
7.646065,0.460398
7.646475,0.460394
7.646885,0.460391
7.647295,0.460387
7.647705,0.460383
7.648115,0.460380
7.648525,0.460375
7.648935,0.460372
7.649345,0.460368
7.649755,0.460364
7.650165,0.460360
7.650575,0.460357
7.650985,0.460353
7.651395,0.460348
7.651805,0.460345
7.652215,0.460342
7.652625,0.460338
7.653035,0.460334
7.653445,0.460330
7.653855,0.460326
7.654265,0.460322
7.654675,0.460319
7.655085,0.460315
7.655495,0.460311
7.655905,0.460307
7.656315,0.460303
7.656725,0.460300
7.657135,0.460296
7.657545,0.460292
7.657955,0.460288
7.658365,0.460285
7.658775,0.460280
7.659185,0.460277
7.659595,0.460273
7.660005,0.460269
7.660415,0.460265
7.660825,0.460262
7.661235,0.460258
7.661645,0.460254
7.662055,0.460250
7.662465,0.460247
7.662875,0.460243
7.663285,0.460239
7.663695,0.460236
7.664105,0.460232
7.664515,0.460228
7.664925,0.460224
7.665336,0.460221
7.665746,0.460217
7.666156,0.460213
7.666566,0.460209
7.666976,0.460206
7.667386,0.460202
7.667796,0.460198
7.668206,0.460194
7.668616,0.460191
7.669026,0.460186
7.669436,0.460184
7.669846,0.460179
7.670256,0.460176
7.670666,0.460172
7.671076,0.460168
7.671486,0.460165
7.671896,0.460161
7.672306,0.460157
7.672716,0.460154
7.673126,0.460150
7.673536,0.460146
7.673946,0.460143
7.674356,0.460138
7.674766,0.460135
7.675176,0.460131
7.675586,0.460127
7.675996,0.460124
7.676406,0.460120
7.676816,0.460116
7.677226,0.460113
7.677636,0.460109
7.678046,0.460105
7.678456,0.460102
7.678866,0.460098
7.679276,0.460095
7.679686,0.460091
7.680096,0.460087
7.680506,0.460083
7.680916,0.460080
7.681326,0.460075
7.681736,0.460073
7.682146,0.460069
7.682556,0.460065
7.682966,0.460061
7.683376,0.460058
7.683786,0.460054
7.684196,0.460050
7.684606,0.460047
7.685016,0.460044
7.685426,0.460039
7.685836,0.460036
7.686246,0.460032
7.686656,0.460029
7.687066,0.460025
7.687476,0.460021
7.687886,0.460018
7.688296,0.460014
7.688706,0.460011
7.689116,0.460007
7.689526,0.460003
7.689936,0.460000
7.690346,0.459996
7.690756,0.459992
7.691166,0.459988
7.691576,0.459985
7.691986,0.459981
7.692396,0.459978
7.692806,0.459974
7.693216,0.459970
7.693626,0.459966
7.694036,0.459963
7.694446,0.459959
7.694856,0.459956
7.695267,0.459952
7.695677,0.459949
7.696087,0.459945
7.696497,0.459941
7.696907,0.459937
7.697317,0.459934
7.697727,0.459930
7.698137,0.459927
7.698547,0.459924
7.698957,0.459920
7.699367,0.459916
7.699777,0.459913
7.700187,0.459909
7.700597,0.459905
7.701007,0.459901
7.701417,0.459898
7.701827,0.459895
7.702237,0.459891
7.702647,0.459887
7.703057,0.459884
7.703467,0.459880
7.703877,0.459877
7.704287,0.459873
7.704697,0.459870
7.705107,0.459866
7.705517,0.459862
7.705927,0.459859
7.706337,0.459856
7.706747,0.459851
7.707157,0.459849
7.707567,0.459845
7.707977,0.459841
7.708387,0.459838
7.708797,0.459834
7.709207,0.459831
7.709617,0.459827
7.710027,0.459823
7.710437,0.459820
7.710847,0.459816
7.711257,0.459813
7.711667,0.459809
7.712077,0.459806
7.712487,0.459803
7.712897,0.459799
7.713307,0.459796
7.713717,0.459792
7.714127,0.459788
7.714537,0.459785
7.714947,0.459781
7.715357,0.459777
7.715767,0.459774
7.716177,0.459771
7.716587,0.459767
7.716997,0.459763
7.717407,0.459760
7.717817,0.459756
7.718227,0.459752
7.718637,0.459749
7.719047,0.459746
7.719457,0.459742
7.719867,0.459738
7.720277,0.459735
7.720687,0.459732
7.721097,0.459728
7.721507,0.459724
7.721917,0.459721
7.722327,0.459718
7.722737,0.459714
7.723147,0.459711
7.723557,0.459708
7.723967,0.459704
7.724377,0.459701
7.724787,0.459697
7.725198,0.459694
7.725608,0.459690
7.726018,0.459687
7.726428,0.459683
7.726838,0.459679
7.727248,0.459676
7.727658,0.459672
7.728068,0.459669
7.728478,0.459666
7.728888,0.459662
7.729298,0.459659
7.729708,0.459655
7.730118,0.459652
7.730528,0.459648
7.730938,0.459645
7.731348,0.459642
7.731758,0.459638
7.732168,0.459634
7.732578,0.459631
7.732988,0.459628
7.733398,0.459624
7.733808,0.459621
7.734218,0.459617
7.734628,0.459613
7.735038,0.459610
7.735448,0.459607
7.735858,0.459603
7.736268,0.459600
7.736678,0.459597
7.737088,0.459593
7.737498,0.459589
7.737908,0.459586
7.738318,0.459583
7.738728,0.459579
7.739138,0.459576
7.739548,0.459572
7.739958,0.459569
7.740368,0.459566
7.740778,0.459562
7.741188,0.459558
7.741598,0.459555
7.742008,0.459552
7.742418,0.459548
7.742828,0.459545
7.743238,0.459542
7.743648,0.459538
7.744058,0.459534
7.744468,0.459532
7.744878,0.459528
7.745288,0.459524
7.745698,0.459522
7.746108,0.459517
7.746518,0.459514
7.746928,0.459511
7.747338,0.459507
7.747748,0.459504
7.748158,0.459501
7.748568,0.459497
7.748978,0.459494
7.749388,0.459490
7.749798,0.459487
7.750208,0.459484
7.750618,0.459481
7.751028,0.459477
7.751438,0.459474
7.751848,0.459471
7.752258,0.459467
7.752668,0.459464
7.753078,0.459460
7.753488,0.459457
7.753898,0.459454
7.754308,0.459450
7.754718,0.459446
7.755129,0.459444
7.755539,0.459440
7.755949,0.459437
7.756359,0.459434
7.756769,0.459430
7.757179,0.459427
7.757589,0.459423
7.757999,0.459420
7.758409,0.459417
7.758819,0.459413
7.759229,0.459410
7.759639,0.459407
7.760049,0.459402
7.760459,0.459399
7.760869,0.459396
7.761279,0.459394
7.761689,0.459390
7.762099,0.459386
7.762509,0.459383
7.762919,0.459380
7.763329,0.459377
7.763739,0.459373
7.764149,0.459370
7.764559,0.459367
7.764969,0.459363
7.765379,0.459360
7.765789,0.459356
7.766199,0.459353
7.766609,0.459350
7.767019,0.459347
7.767429,0.459343
7.767839,0.459340
7.768249,0.459337
7.768659,0.459333
7.769069,0.459331
7.769479,0.459327
7.769889,0.459323
7.770299,0.459320
7.770709,0.459317
7.771119,0.459313
7.771529,0.459310
7.771939,0.459307
7.772349,0.459304
7.772759,0.459300
7.773169,0.459297
7.773579,0.459294
7.773989,0.459291
7.774399,0.459287
7.774809,0.459284
7.775219,0.459281
7.775629,0.459278
7.776039,0.459274
7.776449,0.459271
7.776859,0.459267
7.777269,0.459265
7.777679,0.459261
7.778089,0.459258
7.778499,0.459254
7.778909,0.459251
7.779319,0.459248
7.779729,0.459245
7.780139,0.459241
7.780549,0.459238
7.780959,0.459235
7.781369,0.459232
7.781779,0.459228
7.782189,0.459225
7.782599,0.459222
7.783009,0.459219
7.783419,0.459215
7.783829,0.459212
7.784239,0.459209
7.784649,0.459206
7.785060,0.459203
7.785470,0.459199
7.785880,0.459196
7.786290,0.459193
7.786700,0.459190
7.787110,0.459186
7.787520,0.459183
7.787930,0.459180
7.788340,0.459176
7.788750,0.459173
7.789160,0.459170
7.789570,0.459167
7.789980,0.459163
7.790390,0.459161
7.790800,0.459157
7.791210,0.459154
7.791620,0.459151
7.792030,0.459147
7.792440,0.459144
7.792850,0.459141
7.793260,0.459137
7.793670,0.459135
7.794080,0.459132
7.794490,0.459129
7.794900,0.459125
7.795310,0.459122
7.795720,0.459118
7.796130,0.459115
7.796540,0.459112
7.796950,0.459109
7.797360,0.459106
7.797770,0.459102
7.798180,0.459099
7.798590,0.459096
7.799000,0.459093
7.799410,0.459090
7.799820,0.459086
7.800230,0.459083
7.800640,0.459080
7.801050,0.459077
7.801460,0.459074
7.801870,0.459070
7.802280,0.459068
7.802690,0.459064
7.803100,0.459061
7.803510,0.459058
7.803920,0.459054
7.804330,0.459052
7.804740,0.459049
7.805150,0.459046
7.805560,0.459042
7.805970,0.459039
7.806380,0.459036
7.806790,0.459033
7.807200,0.459029
7.807610,0.459027
7.808020,0.459023
7.808430,0.459020
7.808840,0.459017
7.809250,0.459013
7.809660,0.459011
7.810070,0.459008
7.810480,0.459004
7.810890,0.459001
7.811300,0.458998
7.811710,0.458995
7.812120,0.458991
7.812530,0.458988
7.812940,0.458985
7.813350,0.458982
7.813760,0.458979
7.814170,0.458976
7.814580,0.458973
7.814990,0.458969
7.815401,0.458966
7.815811,0.458964
7.816221,0.458961
7.816631,0.458957
7.817041,0.458954
7.817451,0.458951
7.817861,0.458948
7.818271,0.458945
7.818681,0.458942
7.819091,0.458939
7.819501,0.458935
7.819911,0.458933
7.820321,0.458929
7.820731,0.458926
7.821141,0.458923
7.821551,0.458919
7.821961,0.458917
7.822371,0.458914
7.822781,0.458910
7.823191,0.458908
7.823601,0.458905
7.824011,0.458901
7.824421,0.458898
7.824831,0.458895
7.825241,0.458892
7.825651,0.458889
7.826061,0.458886
7.826471,0.458883
7.826881,0.458879
7.827291,0.458876
7.827701,0.458873
7.828111,0.458871
7.828521,0.458867
7.828931,0.458864
7.829341,0.458861
7.829751,0.458858
7.830161,0.458855
7.830571,0.458852
7.830981,0.458849
7.831391,0.458846
7.831801,0.458843
7.832211,0.458839
7.832621,0.458837
7.833031,0.458833
7.833441,0.458831
7.833851,0.458828
7.834261,0.458824
7.834671,0.458820
7.835081,0.458818
7.835491,0.458815
7.835901,0.458812
7.836311,0.458808
7.836721,0.458806
7.837131,0.458802
7.837541,0.458800
7.837951,0.458797
7.838361,0.458794
7.838771,0.458790
7.839181,0.458788
7.839591,0.458785
7.840001,0.458782
7.840411,0.458778
7.840821,0.458775
7.841231,0.458773
7.841641,0.458769
7.842051,0.458767
7.842461,0.458764
7.842871,0.458760
7.843281,0.458757
7.843691,0.458754
7.844101,0.458751
7.844511,0.458748
7.844921,0.458744
7.845332,0.458742
7.845742,0.458740
7.846152,0.458736
7.846562,0.458733
7.846972,0.458730
7.847382,0.458728
7.847792,0.458724
7.848202,0.458721
7.848612,0.458718
7.849022,0.458715
7.849432,0.458712
7.849842,0.458709
7.850252,0.458705
7.850662,0.458703
7.851072,0.458700
7.851482,0.458697
7.851892,0.458693
7.852302,0.458691
7.852712,0.458688
7.853122,0.458685
7.853532,0.458682
7.853942,0.458679
7.854352,0.458676
7.854762,0.458674
7.855172,0.458671
7.855582,0.458668
7.855992,0.458664
7.856402,0.458661
7.856812,0.458658
7.857222,0.458656
7.857632,0.458652
7.858042,0.458650
7.858452,0.458646
7.858862,0.458643
7.859272,0.458640
7.859682,0.458637
7.860092,0.458634
7.860502,0.458631
7.860912,0.458628
7.861322,0.458626
7.861732,0.458623
7.862142,0.458619
7.862552,0.458617
7.862962,0.458613
7.863372,0.458610
7.863782,0.458607
7.864192,0.458604
7.864602,0.458602
7.865012,0.458599
7.865422,0.458596
7.865832,0.458592
7.866242,0.458590
7.866652,0.458587
7.867062,0.458584
7.867472,0.458581
7.867882,0.458578
7.868292,0.458575
7.868702,0.458572
7.869112,0.458569
7.869522,0.458566
7.869932,0.458564
7.870342,0.458561
7.870752,0.458557
7.871162,0.458555
7.871572,0.458552
7.871982,0.458549
7.872392,0.458546
7.872802,0.458543
7.873212,0.458540
7.873622,0.458538
7.874032,0.458534
7.874442,0.458531
7.874852,0.458528
7.875263,0.458526
7.875673,0.458523
7.876083,0.458519
7.876493,0.458517
7.876903,0.458514
7.877313,0.458511
7.877723,0.458508
7.878133,0.458505
7.878543,0.458503
7.878953,0.458499
7.879363,0.458496
7.879773,0.458494
7.880183,0.458491
7.880593,0.458487
7.881003,0.458485
7.881413,0.458482
7.881823,0.458479
7.882233,0.458476
7.882643,0.458473
7.883053,0.458471
7.883463,0.458468
7.883873,0.458465
7.884283,0.458462
7.884693,0.458459
7.885103,0.458456
7.885513,0.458453
7.885923,0.458450
7.886333,0.458447
7.886743,0.458444
7.887153,0.458442
7.887563,0.458438
7.887973,0.458436
7.888383,0.458433
7.888793,0.458430
7.889203,0.458427
7.889613,0.458425
7.890023,0.458421
7.890433,0.458418
7.890843,0.458416
7.891253,0.458413
7.891663,0.458410
7.892073,0.458407
7.892483,0.458404
7.892893,0.458401
7.893303,0.458398
7.893713,0.458396
7.894123,0.458392
7.894533,0.458391
7.894943,0.458387
7.895353,0.458385
7.895763,0.458382
7.896173,0.458379
7.896583,0.458376
7.896993,0.458373
7.897403,0.458370
7.897813,0.458368
7.898223,0.458365
7.898633,0.458361
7.899043,0.458359
7.899453,0.458356
7.899863,0.458354
7.900273,0.458350
7.900683,0.458347
7.901093,0.458345
7.901503,0.458342
7.901913,0.458339
7.902323,0.458336
7.902733,0.458333
7.903143,0.458331
7.903553,0.458328
7.903963,0.458324
7.904373,0.458322
7.904783,0.458319
7.905194,0.458316
7.905604,0.458314
7.906014,0.458311
7.906424,0.458308
7.906834,0.458305
7.907244,0.458302
7.907654,0.458299
7.908064,0.458297
7.908474,0.458293
7.908884,0.458292
7.909294,0.458288
7.909704,0.458286
7.910114,0.458282
7.910524,0.458280
7.910934,0.458277
7.911344,0.458274
7.911754,0.458271
7.912164,0.458269
7.912574,0.458266
7.912984,0.458263
7.913394,0.458261
7.913804,0.458258
7.914214,0.458255
7.914624,0.458253
7.915034,0.458250
7.915444,0.458247
7.915854,0.458244
7.916264,0.458241
7.916674,0.458238
7.917084,0.458236
7.917494,0.458233
7.917904,0.458230
7.918314,0.458227
7.918724,0.458224
7.919134,0.458222
7.919544,0.458219
7.919954,0.458215
7.920364,0.458213
7.920774,0.458211
7.921184,0.458207
7.921594,0.458206
7.922004,0.458202
7.922414,0.458199
7.922824,0.458197
7.923234,0.458194
7.923644,0.458192
7.924054,0.458189
7.924464,0.458186
7.924874,0.458183
7.925284,0.458180
7.925694,0.458177
7.926104,0.458174
7.926514,0.458172
7.926924,0.458169
7.927334,0.458167
7.927744,0.458163
7.928154,0.458162
7.928564,0.458158
7.928974,0.458155
7.929384,0.458153
7.929794,0.458150
7.930204,0.458147
7.930614,0.458144
7.931024,0.458141
7.931434,0.458139
7.931844,0.458137
7.932254,0.458134
7.932664,0.458131
7.933074,0.458128
7.933484,0.458126
7.933894,0.458123
7.934304,0.458120
7.934714,0.458117
7.935125,0.458114
7.935535,0.458112
7.935945,0.458109
7.936355,0.458107
7.936765,0.458104
7.937175,0.458101
7.937585,0.458099
7.937995,0.458096
7.938405,0.458093
7.938815,0.458090
7.939225,0.458088
7.939635,0.458085
7.940045,0.458082
7.940455,0.458079
7.940865,0.458077
7.941275,0.458074
7.941685,0.458072
7.942095,0.458068
7.942505,0.458066
7.942915,0.458063
7.943325,0.458061
7.943735,0.458058
7.944145,0.458055
7.944555,0.458052
7.944965,0.458050
7.945375,0.458048
7.945785,0.458044
7.946195,0.458042
7.946605,0.458040
7.947015,0.458037
7.947425,0.458034
7.947835,0.458031
7.948245,0.458028
7.948655,0.458026
7.949065,0.458023
7.949475,0.458020
7.949885,0.458017
7.950295,0.458015
7.950705,0.458013
7.951115,0.458010
7.951525,0.458007
7.951935,0.458005
7.952345,0.458002
7.952755,0.457999
7.953165,0.457997
7.953575,0.457994
7.953985,0.457991
7.954395,0.457989
7.954805,0.457986
7.955215,0.457983
7.955625,0.457981
7.956035,0.457978
7.956445,0.457975
7.956855,0.457972
7.957265,0.457970
7.957675,0.457967
7.958085,0.457965
7.958495,0.457962
7.958905,0.457959
7.959315,0.457957
7.959725,0.457954
7.960135,0.457952
7.960545,0.457949
7.960955,0.457946
7.961365,0.457944
7.961775,0.457941
7.962185,0.457939
7.962595,0.457936
7.963005,0.457933
7.963415,0.457931
7.963825,0.457928
7.964235,0.457925
7.964645,0.457923
7.965056,0.457919
7.965466,0.457918
7.965876,0.457915
7.966286,0.457912
7.966696,0.457909
7.967106,0.457906
7.967516,0.457904
7.967926,0.457902
7.968336,0.457899
7.968746,0.457897
7.969156,0.457894
7.969566,0.457891
7.969976,0.457888
7.970386,0.457886
7.970796,0.457884
7.971206,0.457881
7.971616,0.457878
7.972026,0.457876
7.972436,0.457873
7.972846,0.457870
7.973256,0.457868
7.973666,0.457865
7.974076,0.457863
7.974486,0.457860
7.974896,0.457858
7.975306,0.457855
7.975716,0.457852
7.976126,0.457850
7.976536,0.457847
7.976946,0.457845
7.977356,0.457842
7.977766,0.457839
7.978176,0.457836
7.978586,0.457834
7.978996,0.457832
7.979406,0.457829
7.979816,0.457826
7.980226,0.457824
7.980636,0.457821
7.981046,0.457819
7.981456,0.457816
7.981866,0.457813
7.982276,0.457811
7.982686,0.457808
7.983096,0.457805
7.983506,0.457803
7.983916,0.457801
7.984326,0.457798
7.984736,0.457795
7.985146,0.457793
7.985556,0.457790
7.985966,0.457788
7.986376,0.457785
7.986786,0.457783
7.987196,0.457781
7.987606,0.457778
7.988016,0.457775
7.988426,0.457773
7.988836,0.457770
7.989246,0.457768
7.989656,0.457765
7.990066,0.457762
7.990476,0.457760
7.990886,0.457758
7.991296,0.457755
7.991706,0.457752
7.992116,0.457750
7.992526,0.457747
7.992936,0.457745
7.993346,0.457742
7.993756,0.457740
7.994166,0.457737
7.994576,0.457735
7.994986,0.457732
7.995397,0.457729
7.995807,0.457727
7.996217,0.457724
7.996627,0.457722
7.997037,0.457719
7.997447,0.457717
7.997857,0.457714
7.998267,0.457712
7.998677,0.457710
7.999087,0.457707
7.999497,0.457704
7.999907,0.457702
8.000317,0.457699
8.000727,0.457697
8.001137,0.457694
8.001547,0.457692
8.001957,0.457689
8.002367,0.457687
8.002777,0.457684
8.003187,0.457682
8.003597,0.457679
8.004007,0.457677
8.004417,0.457674
8.004827,0.457672
8.005237,0.457669
8.005647,0.457667
8.006057,0.457664
8.006467,0.457662
8.006877,0.457659
8.007287,0.457656
8.007697,0.457654
8.008107,0.457652
8.008517,0.457649
8.008927,0.457647
8.009337,0.457644
8.009747,0.457642
8.010157,0.457639
8.010567,0.457637
8.010977,0.457634
8.011387,0.457632
8.011797,0.457630
8.012207,0.457627
8.012617,0.457625
8.013027,0.457622
8.013437,0.457619
8.013847,0.457617
8.014257,0.457614
8.014667,0.457612
8.015077,0.457609
8.015487,0.457607
8.015897,0.457605
8.016307,0.457602
8.016717,0.457599
8.017127,0.457597
8.017537,0.457595
8.017947,0.457592
8.018357,0.457590
8.018767,0.457588
8.019177,0.457585
8.019587,0.457582
8.019997,0.457580
8.020407,0.457578
8.020817,0.457576
8.021227,0.457573
8.021637,0.457570
8.022047,0.457568
8.022457,0.457565
8.022867,0.457563
8.023277,0.457561
8.023687,0.457558
8.024097,0.457556
8.024507,0.457553
8.024917,0.457551
8.025328,0.457548
8.025738,0.457546
8.026148,0.457544
8.026558,0.457541
8.026968,0.457538
8.027378,0.457536
8.027788,0.457534
8.028198,0.457531
8.028608,0.457529
8.029018,0.457527
8.029428,0.457524
8.029838,0.457521
8.030248,0.457519
8.030658,0.457517
8.031068,0.457514
8.031478,0.457512
8.031888,0.457509
8.032298,0.457507
8.032708,0.457505
8.033118,0.457502
8.033528,0.457500
8.033938,0.457497
8.034348,0.457495
8.034758,0.457492
8.035168,0.457490
8.035578,0.457487
8.035988,0.457485
8.036398,0.457483
8.036808,0.457481
8.037218,0.457478
8.037628,0.457476
8.038038,0.457473
8.038448,0.457470
8.038858,0.457469
8.039268,0.457466
8.039678,0.457464
8.040088,0.457462
8.040498,0.457459
8.040908,0.457456
8.041318,0.457454
8.041728,0.457451
8.042138,0.457449
8.042548,0.457447
8.042958,0.457444
8.043368,0.457442
8.043778,0.457439
8.044188,0.457437
8.044598,0.457435
8.045008,0.457432
8.045418,0.457430
8.045828,0.457428
8.046238,0.457426
8.046648,0.457423
8.047058,0.457421
8.047468,0.457418
8.047878,0.457416
8.048288,0.457413
8.048698,0.457411
8.049108,0.457408
8.049518,0.457406
8.049928,0.457404
8.050338,0.457401
8.050748,0.457399
8.051158,0.457397
8.051568,0.457394
8.051978,0.457392
8.052388,0.457389
8.052798,0.457387
8.053208,0.457385
8.053618,0.457382
8.054028,0.457380
8.054438,0.457378
8.054848,0.457375
8.055259,0.457373
8.055669,0.457370
8.056079,0.457368
8.056489,0.457367
8.056899,0.457364
8.057309,0.457361
8.057719,0.457359
8.058129,0.457357
8.058539,0.457354
8.058949,0.457352
8.059359,0.457349
8.059769,0.457347
8.060179,0.457346
8.060589,0.457342
8.060999,0.457341
8.061409,0.457338
8.061819,0.457335
8.062229,0.457334
8.062639,0.457331
8.063049,0.457329
8.063459,0.457327
8.063869,0.457324
8.064279,0.457322
8.064689,0.457319
8.065099,0.457317
8.065509,0.457314
8.065919,0.457312
8.066329,0.457310
8.066739,0.457308
8.067149,0.457306
8.067559,0.457303
8.067969,0.457300
8.068379,0.457299
8.068789,0.457297
8.069199,0.457294
8.069609,0.457291
8.070019,0.457290
8.070429,0.457287
8.070839,0.457284
8.071249,0.457283
8.071659,0.457279
8.072069,0.457278
8.072479,0.457275
8.072889,0.457273
8.073299,0.457271
8.073709,0.457268
8.074119,0.457266
8.074529,0.457264
8.074939,0.457262
8.075349,0.457259
8.075759,0.457258
8.076169,0.457255
8.076579,0.457253
8.076989,0.457250
8.077399,0.457248
8.077809,0.457245
8.078219,0.457243
8.078629,0.457241
8.079039,0.457238
8.079449,0.457236
8.079859,0.457234
8.080269,0.457231
8.080679,0.457230
8.081089,0.457227
8.081499,0.457225
8.081909,0.457223
8.082319,0.457220
8.082729,0.457218
8.083139,0.457216
8.083549,0.457213
8.083959,0.457211
8.084369,0.457209
8.084779,0.457207
8.085190,0.457204
8.085600,0.457202
8.086010,0.457200
8.086420,0.457197
8.086830,0.457195
8.087240,0.457193
8.087650,0.457191
8.088060,0.457188
8.088470,0.457186
8.088880,0.457184
8.089290,0.457182
8.089700,0.457179
8.090110,0.457176
8.090520,0.457175
8.090930,0.457172
8.091340,0.457170
8.091750,0.457168
8.092160,0.457166
8.092570,0.457164
8.092980,0.457161
8.093390,0.457159
8.093800,0.457157
8.094210,0.457155
8.094620,0.457152
8.095030,0.457150
8.095440,0.457148
8.095850,0.457146
8.096260,0.457144
8.096670,0.457141
8.097080,0.457138
8.097490,0.457137
8.097900,0.457134
8.098310,0.457132
8.098720,0.457130
8.099130,0.457128
8.099540,0.457126
8.099950,0.457123
8.100360,0.457122
8.100770,0.457119
8.101180,0.457117
8.101590,0.457114
8.102000,0.457113
8.102410,0.457110
8.102820,0.457109
8.103230,0.457105
8.103640,0.457104
8.104050,0.457101
8.104460,0.457099
8.104870,0.457097
8.105280,0.457094
8.105690,0.457093
8.106100,0.457090
8.106510,0.457088
8.106920,0.457085
8.107330,0.457083
8.107740,0.457081
8.108150,0.457079
8.108560,0.457077
8.108970,0.457075
8.109380,0.457072
8.109790,0.457070
8.110200,0.457068
8.110610,0.457066
8.111020,0.457064
8.111430,0.457062
8.111840,0.457059
8.112250,0.457056
8.112660,0.457054
8.113070,0.457053
8.113480,0.457050
8.113890,0.457048
8.114300,0.457045
8.114710,0.457044
8.115121,0.457041
8.115531,0.457039
8.115941,0.457037
8.116351,0.457035
8.116761,0.457033
8.117171,0.457030
8.117581,0.457028
8.117991,0.457027
8.118401,0.457024
8.118811,0.457022
8.119221,0.457019
8.119631,0.457018
8.120041,0.457015
8.120451,0.457013
8.120861,0.457011
8.121271,0.457008
8.121681,0.457007
8.122091,0.457004
8.122501,0.457002
8.122911,0.456999
8.123321,0.456997
8.123731,0.456995
8.124141,0.456993
8.124551,0.456991
8.124961,0.456989
8.125371,0.456987
8.125781,0.456985
8.126191,0.456982
8.126601,0.456981
8.127011,0.456978
8.127421,0.456975
8.127831,0.456974
8.128241,0.456972
8.128651,0.456969
8.129061,0.456967
8.129471,0.456965
8.129881,0.456963
8.130291,0.456961
8.130701,0.456959
8.131111,0.456956
8.131521,0.456955
8.131931,0.456952
8.132341,0.456950
8.132751,0.456949
8.133161,0.456946
8.133571,0.456944
8.133981,0.456942
8.134391,0.456939
8.134801,0.456937
8.135211,0.456935
8.135621,0.456933
8.136031,0.456931
8.136441,0.456929
8.136851,0.456926
8.137261,0.456924
8.137671,0.456922
8.138081,0.456920
8.138491,0.456918
8.138901,0.456916
8.139311,0.456913
8.139721,0.456911
8.140131,0.456910
8.140541,0.456907
8.140951,0.456905
8.141361,0.456904
8.141771,0.456901
8.142181,0.456898
8.142591,0.456897
8.143001,0.456895
8.143411,0.456893
8.143821,0.456890
8.144231,0.456888
8.144641,0.456886
8.145052,0.456884
8.145462,0.456882
8.145872,0.456880
8.146282,0.456878
8.146692,0.456875
8.147102,0.456873
8.147512,0.456872
8.147922,0.456870
8.148332,0.456867
8.148742,0.456865
8.149152,0.456863
8.149562,0.456861
8.149972,0.456859
8.150382,0.456856
8.150792,0.456855
8.151202,0.456853
8.151612,0.456851
8.152022,0.456848
8.152432,0.456846
8.152842,0.456844
8.153252,0.456842
8.153662,0.456840
8.154072,0.456838
8.154482,0.456835
8.154892,0.456834
8.155302,0.456832
8.155712,0.456829
8.156122,0.456827
8.156532,0.456825
8.156942,0.456823
8.157352,0.456821
8.157762,0.456819
8.158172,0.456817
8.158582,0.456815
8.158992,0.456813
8.159402,0.456810
8.159812,0.456808
8.160222,0.456807
8.160632,0.456804
8.161042,0.456802
8.161452,0.456800
8.161862,0.456798
8.162272,0.456796
8.162682,0.456794
8.163092,0.456792
8.163502,0.456790
8.163912,0.456787
8.164322,0.456785
8.164732,0.456784
8.165142,0.456782
8.165552,0.456780
8.165962,0.456778
8.166372,0.456775
8.166782,0.456774
8.167192,0.456771
8.167602,0.456769
8.168012,0.456767
8.168422,0.456765
8.168832,0.456763
8.169242,0.456761
8.169652,0.456759
8.170062,0.456757
8.170472,0.456755
8.170882,0.456752
8.171292,0.456751
8.171702,0.456749
8.172112,0.456746
8.172522,0.456744
8.172932,0.456742
8.173342,0.456740
8.173752,0.456739
8.174162,0.456736
8.174572,0.456734
8.174982,0.456732
8.175393,0.456730
8.175803,0.456729
8.176213,0.456726
8.176623,0.456724
8.177033,0.456722
8.177443,0.456720
8.177853,0.456718
8.178263,0.456716
8.178673,0.456714
8.179083,0.456712
8.179493,0.456710
8.179903,0.456708
8.180313,0.456706
8.180723,0.456704
8.181133,0.456702
8.181543,0.456700
8.181953,0.456698
8.182363,0.456695
8.182773,0.456694
8.183183,0.456691
8.183593,0.456689
8.184003,0.456688
8.184413,0.456685
8.184823,0.456683
8.185233,0.456682
8.185643,0.456679
8.186053,0.456677
8.186463,0.456675
8.186873,0.456673
8.187283,0.456672
8.187693,0.456669
8.188103,0.456668
8.188513,0.456665
8.188923,0.456663
8.189333,0.456661
8.189743,0.456659
8.190153,0.456657
8.190563,0.456655
8.190973,0.456653
8.191383,0.456652
8.191793,0.456650
8.192203,0.456648
8.192613,0.456645
8.193023,0.456643
8.193433,0.456641
8.193843,0.456639
8.194253,0.456638
8.194663,0.456635
8.195073,0.456633
8.195483,0.456631
8.195893,0.456630
8.196303,0.456628
8.196713,0.456626
8.197123,0.456624
8.197533,0.456621
8.197943,0.456620
8.198353,0.456618
8.198763,0.456615
8.199173,0.456613
8.199583,0.456611
8.199993,0.456609
8.200403,0.456607
8.200813,0.456606
8.201223,0.456604
8.201633,0.456602
8.202043,0.456599
8.202453,0.456597
8.202863,0.456595
8.203273,0.456594
8.203683,0.456592
8.204093,0.456590
8.204503,0.456587
8.204913,0.456586
8.205324,0.456584
8.205734,0.456582
8.206144,0.456579
8.206554,0.456578
8.206964,0.456576
8.207374,0.456574
8.207784,0.456572
8.208194,0.456570
8.208604,0.456568
8.209014,0.456566
8.209424,0.456564
8.209834,0.456562
8.210244,0.456560
8.210654,0.456558
8.211064,0.456556
8.211474,0.456555
8.211884,0.456553
8.212294,0.456550
8.212704,0.456548
8.213114,0.456547
8.213524,0.456545
8.213934,0.456542
8.214344,0.456540
8.214754,0.456538
8.215164,0.456537
8.215574,0.456535
8.215984,0.456532
8.216394,0.456531
8.216804,0.456529
8.217214,0.456527
8.217624,0.456525
8.218034,0.456523
8.218444,0.456521
8.218854,0.456519
8.219264,0.456517
8.219674,0.456515
8.220084,0.456513
8.220494,0.456512
8.220904,0.456510
8.221314,0.456508
8.221724,0.456506
8.222134,0.456504
8.222544,0.456502
8.222954,0.456500
8.223364,0.456498
8.223774,0.456496
8.224184,0.456494
8.224594,0.456492
8.225004,0.456490
8.225414,0.456488
8.225824,0.456486
8.226234,0.456485
8.226644,0.456483
8.227054,0.456481
8.227464,0.456478
8.227874,0.456477
8.228284,0.456475
8.228694,0.456473
8.229104,0.456472
8.229514,0.456469
8.229924,0.456467
8.230334,0.456466
8.230744,0.456463
8.231154,0.456462
8.231564,0.456460
8.231974,0.456457
8.232384,0.456456
8.232794,0.456454
8.233204,0.456452
8.233614,0.456450
8.234024,0.456449
8.234434,0.456446
8.234844,0.456445
8.235255,0.456442
8.235665,0.456440
8.236075,0.456439
8.236485,0.456437
8.236895,0.456435
8.237305,0.456433
8.237715,0.456431
8.238125,0.456429
8.238535,0.456427
8.238945,0.456425
8.239355,0.456423
8.239765,0.456422
8.240175,0.456419
8.240585,0.456418
8.240995,0.456416
8.241405,0.456414
8.241815,0.456412
8.242225,0.456410
8.242635,0.456409
8.243045,0.456406
8.243455,0.456405
8.243865,0.456403
8.244275,0.456401
8.244685,0.456399
8.245095,0.456397
8.245505,0.456396
8.245915,0.456393
8.246325,0.456392
8.246735,0.456390
8.247145,0.456387
8.247555,0.456386
8.247965,0.456383
8.248375,0.456382
8.248785,0.456380
8.249195,0.456378
8.249605,0.456376
8.250015,0.456375
8.250425,0.456372
8.250835,0.456371
8.251245,0.456369
8.251655,0.456367
8.252065,0.456365
8.252475,0.456363
8.252885,0.456361
8.253295,0.456359
8.253705,0.456358
8.254115,0.456356
8.254525,0.456354
8.254935,0.456352
8.255345,0.456351
8.255755,0.456348
8.256165,0.456347
8.256575,0.456345
8.256985,0.456343
8.257395,0.456341
8.257805,0.456339
8.258215,0.456337
8.258625,0.456336
8.259035,0.456334
8.259445,0.456332
8.259855,0.456330
8.260265,0.456328
8.260675,0.456326
8.261085,0.456324
8.261495,0.456322
8.261905,0.456321
8.262315,0.456319
8.262725,0.456317
8.263135,0.456315
8.263545,0.456313
8.263955,0.456311
8.264365,0.456310
8.264775,0.456308
8.265186,0.456306
8.265596,0.456304
8.266006,0.456302
8.266416,0.456301
8.266826,0.456299
8.267236,0.456297
8.267646,0.456295
8.268056,0.456294
8.268466,0.456292
8.268876,0.456289
8.269286,0.456288
8.269696,0.456286
8.270106,0.456284
8.270516,0.456283
8.270926,0.456281
8.271336,0.456279
8.271746,0.456277
8.272156,0.456276
8.272566,0.456273
8.272976,0.456271
8.273386,0.456269
8.273796,0.456267
8.274206,0.456266
8.274616,0.456264
8.275026,0.456263
8.275436,0.456260
8.275846,0.456259
8.276256,0.456257
8.276666,0.456255
8.277076,0.456254
8.277486,0.456252
8.277896,0.456249
8.278306,0.456248
8.278716,0.456246
8.279126,0.456244
8.279536,0.456242
8.279946,0.456241
8.280356,0.456239
8.280766,0.456237
8.281176,0.456235
8.281586,0.456234
8.281996,0.456231
8.282406,0.456230
8.282816,0.456228
8.283226,0.456226
8.283636,0.456224
8.284046,0.456223
8.284456,0.456221
8.284866,0.456219
8.285276,0.456217
8.285686,0.456216
8.286096,0.456214
8.286506,0.456212
8.286916,0.456210
8.287326,0.456208
8.287736,0.456207
8.288146,0.456204
8.288556,0.456202
8.288966,0.456201
8.289376,0.456199
8.289786,0.456197
8.290196,0.456196
8.290606,0.456194
8.291016,0.456192
8.291426,0.456191
8.291836,0.456188
8.292246,0.456187
8.292656,0.456185
8.293066,0.456183
8.293476,0.456182
8.293886,0.456180
8.294296,0.456178
8.294706,0.456176
8.295117,0.456174
8.295527,0.456172
8.295937,0.456171
8.296347,0.456169
8.296757,0.456167
8.297167,0.456166
8.297577,0.456163
8.297987,0.456162
8.298397,0.456160
8.298807,0.456159
8.299217,0.456157
8.299627,0.456155
8.300037,0.456153
8.300447,0.456151
8.300857,0.456150
8.301267,0.456147
8.301677,0.456146
8.302087,0.456145
8.302497,0.456142
8.302907,0.456141
8.303317,0.456139
8.303727,0.456137
8.304137,0.456135
8.304547,0.456134
8.304957,0.456132
8.305367,0.456130
8.305777,0.456128
8.306187,0.456127
8.306597,0.456125
8.307007,0.456124
8.307417,0.456122
8.307827,0.456119
8.308237,0.456118
8.308647,0.456116
8.309057,0.456115
8.309467,0.456113
8.309877,0.456111
8.310287,0.456110
8.310697,0.456107
8.311107,0.456106
8.311517,0.456104
8.311927,0.456102
8.312337,0.456100
8.312747,0.456099
8.313157,0.456098
8.313567,0.456095
8.313977,0.456094
8.314387,0.456092
8.314797,0.456090
8.315207,0.456089
8.315617,0.456087
8.316027,0.456085
8.316437,0.456084
8.316847,0.456081
8.317257,0.456080
8.317667,0.456078
8.318077,0.456076
8.318487,0.456075
8.318897,0.456073
8.319307,0.456071
8.319717,0.456070
8.320127,0.456068
8.320537,0.456066
8.320947,0.456064
8.321357,0.456062
8.321767,0.456061
8.322177,0.456059
8.322587,0.456057
8.322997,0.456056
8.323407,0.456054
8.323817,0.456052
8.324227,0.456050
8.324637,0.456049
8.325048,0.456048
8.325458,0.456045
8.325868,0.456044
8.326278,0.456042
8.326688,0.456041
8.327098,0.456039
8.327508,0.456037
8.327918,0.456035
8.328328,0.456034
8.328738,0.456032
8.329148,0.456030
8.329558,0.456028
8.329968,0.456026
8.330378,0.456025
8.330788,0.456023
8.331198,0.456022
8.331608,0.456020
8.332018,0.456018
8.332428,0.456017
8.332838,0.456015
8.333248,0.456013
8.333658,0.456011
8.334068,0.456010
8.334478,0.456008
8.334888,0.456006
8.335298,0.456005
8.335708,0.456003
8.336118,0.456001
8.336528,0.456000
8.336938,0.455998
8.337348,0.455996
8.337758,0.455994
8.338168,0.455993
8.338578,0.455992
8.338988,0.455989
8.339398,0.455988
8.339808,0.455986
8.340218,0.455985
8.340628,0.455983
8.341038,0.455981
8.341448,0.455980
8.341858,0.455977
8.342268,0.455976
8.342678,0.455974
8.343088,0.455973
8.343498,0.455971
8.343908,0.455969
8.344318,0.455967
8.344728,0.455966
8.345138,0.455965
8.345548,0.455963
8.345958,0.455961
8.346368,0.455959
8.346778,0.455958
8.347188,0.455956
8.347598,0.455954
8.348008,0.455953
8.348418,0.455951
8.348828,0.455949
8.349238,0.455948
8.349648,0.455946
8.350058,0.455944
8.350468,0.455943
8.350878,0.455941
8.351288,0.455940
8.351698,0.455938
8.352108,0.455936
8.352518,0.455934
8.352928,0.455933
8.353338,0.455932
8.353748,0.455929
8.354158,0.455928
8.354568,0.455926
8.354978,0.455925
8.355389,0.455923
8.355799,0.455922
8.356209,0.455920
8.356619,0.455918
8.357029,0.455916
8.357439,0.455914
8.357849,0.455913
8.358259,0.455911
8.358669,0.455909
8.359079,0.455908
8.359489,0.455906
8.359899,0.455905
8.360309,0.455903
8.360719,0.455902
8.361129,0.455899
8.361539,0.455898
8.361949,0.455897
8.362359,0.455895
8.362769,0.455894
8.363179,0.455891
8.363589,0.455890
8.363999,0.455888
8.364409,0.455887
8.364819,0.455885
8.365229,0.455883
8.365639,0.455882
8.366049,0.455881
8.366459,0.455878
8.366869,0.455877
8.367279,0.455875
8.367689,0.455874
8.368099,0.455872
8.368509,0.455871
8.368919,0.455869
8.369329,0.455867
8.369739,0.455866
8.370149,0.455864
8.370559,0.455863
8.370969,0.455861
8.371379,0.455859
8.371789,0.455857
8.372199,0.455856
8.372609,0.455854
8.373019,0.455852
8.373429,0.455851
8.373839,0.455849
8.374249,0.455848
8.374659,0.455846
8.375069,0.455845
8.375479,0.455843
8.375889,0.455841
8.376299,0.455840
8.376709,0.455838
8.377119,0.455837
8.377529,0.455835
8.377939,0.455834
8.378349,0.455831
8.378759,0.455830
8.379169,0.455829
8.379579,0.455827
8.379989,0.455825
8.380399,0.455824
8.380809,0.455823
8.381219,0.455820
8.381629,0.455819
8.382039,0.455817
8.382449,0.455816
8.382859,0.455814
8.383269,0.455812
8.383679,0.455811
8.384089,0.455810
8.384499,0.455808
8.384909,0.455806
8.385320,0.455804
8.385730,0.455803
8.386140,0.455801
8.386550,0.455800
8.386960,0.455798
8.387370,0.455796
8.387780,0.455795
8.388190,0.455793
8.388600,0.455792
8.389010,0.455790
8.389420,0.455789
8.389830,0.455787
8.390240,0.455785
8.390650,0.455784
8.391060,0.455782
8.391470,0.455781
8.391880,0.455779
8.392290,0.455778
8.392700,0.455776
8.393110,0.455774
8.393520,0.455772
8.393930,0.455771
8.394340,0.455770
8.394750,0.455768
8.395160,0.455766
8.395570,0.455765
8.395980,0.455763
8.396390,0.455762
8.396800,0.455760
8.397210,0.455758
8.397620,0.455757
8.398030,0.455756
8.398440,0.455754
8.398850,0.455752
8.399260,0.455751
8.399670,0.455750
8.400080,0.455748
8.400490,0.455746
8.400900,0.455745
8.401310,0.455743
8.401720,0.455741
8.402130,0.455740
8.402540,0.455738
8.402950,0.455737
8.403360,0.455735
8.403770,0.455734
8.404180,0.455732
8.404590,0.455730
8.405000,0.455729
8.405410,0.455727
8.405820,0.455726
8.406230,0.455724
8.406640,0.455723
8.407050,0.455721
8.407460,0.455720
8.407870,0.455719
8.408280,0.455717
8.408690,0.455715
8.409100,0.455713
8.409510,0.455712
8.409920,0.455711
8.410330,0.455709
8.410740,0.455707
8.411150,0.455706
8.411560,0.455705
8.411970,0.455702
8.412380,0.455701
8.412790,0.455700
8.413200,0.455698
8.413610,0.455696
8.414020,0.455695
8.414430,0.455693
8.414840,0.455692
8.415251,0.455690
8.415661,0.455689
8.416071,0.455687
8.416481,0.455686
8.416891,0.455684
8.417301,0.455683
8.417711,0.455681
8.418121,0.455679
8.418531,0.455678
8.418941,0.455677
8.419351,0.455675
8.419761,0.455673
8.420171,0.455672
8.420581,0.455670
8.420991,0.455669
8.421401,0.455668
8.421811,0.455666
8.422221,0.455664
8.422631,0.455663
8.423041,0.455661
8.423451,0.455660
8.423861,0.455658
8.424271,0.455657
8.424681,0.455655
8.425091,0.455654
8.425501,0.455652
8.425911,0.455651
8.426321,0.455649
8.426731,0.455647
8.427141,0.455646
8.427551,0.455645
8.427961,0.455643
8.428371,0.455641
8.428781,0.455640
8.429191,0.455639
8.429601,0.455637
8.430011,0.455635
8.430421,0.455634
8.430831,0.455632
8.431241,0.455631
8.431651,0.455630
8.432061,0.455628
8.432471,0.455627
8.432881,0.455625
8.433291,0.455623
8.433701,0.455622
8.434111,0.455620
8.434521,0.455619
8.434931,0.455617
8.435341,0.455616
8.435751,0.455614
8.436161,0.455613
8.436571,0.455611
8.436981,0.455610
8.437391,0.455608
8.437801,0.455607
8.438211,0.455606
8.438621,0.455604
8.439031,0.455603
8.439441,0.455601
8.439851,0.455599
8.440261,0.455598
8.440671,0.455596
8.441081,0.455595
8.441491,0.455594
8.441901,0.455592
8.442311,0.455591
8.442721,0.455589
8.443131,0.455588
8.443541,0.455586
8.443951,0.455584
8.444361,0.455583
8.444771,0.455581
8.445182,0.455580
8.445592,0.455579
8.446002,0.455577
8.446412,0.455576
8.446822,0.455574
8.447232,0.455573
8.447642,0.455571
8.448052,0.455570
8.448462,0.455568
8.448872,0.455567
8.449282,0.455565
8.449692,0.455564
8.450102,0.455562
8.450512,0.455561
8.450922,0.455560
8.451332,0.455558
8.451742,0.455556
8.452152,0.455555
8.452562,0.455553
8.452972,0.455552
8.453382,0.455550
8.453792,0.455549
8.454202,0.455548
8.454612,0.455546
8.455022,0.455545
8.455432,0.455543
8.455842,0.455542
8.456252,0.455540
8.456662,0.455539
8.457072,0.455537
8.457482,0.455536
8.457892,0.455534
8.458302,0.455533
8.458712,0.455532
8.459122,0.455530
8.459532,0.455529
8.459942,0.455527
8.460352,0.455526
8.460762,0.455524
8.461172,0.455523
8.461582,0.455522
8.461992,0.455520
8.462402,0.455519
8.462812,0.455517
8.463222,0.455515
8.463632,0.455515
8.464042,0.455513
8.464452,0.455511
8.464862,0.455510
8.465272,0.455508
8.465682,0.455507
8.466092,0.455505
8.466502,0.455504
8.466912,0.455502
8.467322,0.455501
8.467732,0.455500
8.468142,0.455499
8.468552,0.455496
8.468962,0.455495
8.469372,0.455494
8.469782,0.455493
8.470192,0.455491
8.470602,0.455490
8.471012,0.455488
8.471422,0.455486
8.471832,0.455485
8.472242,0.455484
8.472652,0.455483
8.473062,0.455481
8.473472,0.455480
8.473882,0.455478
8.474292,0.455476
8.474702,0.455475
8.475113,0.455474
8.475523,0.455472
8.475933,0.455471
8.476343,0.455469
8.476753,0.455468
8.477163,0.455467
8.477573,0.455465
8.477983,0.455464
8.478393,0.455462
8.478803,0.455461
8.479213,0.455459
8.479623,0.455458
8.480033,0.455456
8.480443,0.455455
8.480853,0.455454
8.481263,0.455452
8.481673,0.455451
8.482083,0.455449
8.482493,0.455448
8.482903,0.455447
8.483313,0.455445
8.483723,0.455444
8.484133,0.455442
8.484543,0.455441
8.484953,0.455440
8.485363,0.455438
8.485773,0.455437
8.486183,0.455435
8.486593,0.455434
8.487003,0.455433
8.487413,0.455431
8.487823,0.455430
8.488233,0.455428
8.488643,0.455427
8.489053,0.455425
8.489463,0.455424
8.489873,0.455423
8.490283,0.455421
8.490693,0.455420
8.491103,0.455418
8.491513,0.455417
8.491923,0.455416
8.492333,0.455414
8.492743,0.455413
8.493153,0.455412
8.493563,0.455410
8.493973,0.455408
8.494383,0.455407
8.494793,0.455406
8.495203,0.455404
8.495613,0.455403
8.496023,0.455402
8.496433,0.455400
8.496843,0.455399
8.497253,0.455397
8.497663,0.455396
8.498073,0.455394
8.498483,0.455393
8.498893,0.455392
8.499303,0.455390
8.499713,0.455389
8.500123,0.455388
8.500533,0.455387
8.500943,0.455384
8.501353,0.455384
8.501763,0.455382
8.502173,0.455381
8.502583,0.455379
8.502993,0.455378
8.503403,0.455377
8.503813,0.455375
8.504223,0.455374
8.504633,0.455373
8.505044,0.455371
8.505454,0.455370
8.505864,0.455368
8.506274,0.455367
8.506684,0.455366
8.507094,0.455364
8.507504,0.455363
8.507914,0.455361
8.508324,0.455360
8.508734,0.455359
8.509144,0.455357
8.509554,0.455356
8.509964,0.455354
8.510374,0.455353
8.510784,0.455352
8.511194,0.455351
8.511604,0.455349
8.512014,0.455348
8.512424,0.455347
8.512834,0.455345
8.513244,0.455344
8.513654,0.455342
8.514064,0.455341
8.514474,0.455339
8.514884,0.455338
8.515294,0.455337
8.515704,0.455336
8.516114,0.455334
8.516524,0.455333
8.516934,0.455331
8.517344,0.455330
8.517754,0.455329
8.518164,0.455327
8.518574,0.455326
8.518984,0.455324
8.519394,0.455323
8.519804,0.455322
8.520214,0.455320
8.520624,0.455319
8.521034,0.455318
8.521444,0.455316
8.521854,0.455316
8.522264,0.455314
8.522674,0.455313
8.523084,0.455311
8.523494,0.455309
8.523904,0.455308
8.524314,0.455307
8.524724,0.455305
8.525134,0.455304
8.525544,0.455303
8.525954,0.455302
8.526364,0.455300
8.526774,0.455299
8.527184,0.455298
8.527594,0.455296
8.528004,0.455295
8.528414,0.455293
8.528824,0.455292
8.529234,0.455291
8.529644,0.455290
8.530054,0.455288
8.530464,0.455287
8.530874,0.455285
8.531284,0.455284
8.531694,0.455283
8.532104,0.455282
8.532514,0.455280
8.532924,0.455279
8.533334,0.455277
8.533744,0.455276
8.534154,0.455274
8.534564,0.455273
8.534974,0.455272
8.535385,0.455271
8.535795,0.455269
8.536205,0.455268
8.536615,0.455267
8.537025,0.455265
8.537435,0.455264
8.537845,0.455263
8.538255,0.455261
8.538665,0.455260
8.539075,0.455259
8.539485,0.455257
8.539895,0.455256
8.540305,0.455255
8.540715,0.455253
8.541125,0.455252
8.541535,0.455251
8.541945,0.455250
8.542355,0.455248
8.542765,0.455247
8.543175,0.455246
8.543585,0.455244
8.543995,0.455243
8.544405,0.455241
8.544815,0.455240
8.545225,0.455239
8.545635,0.455238
8.546045,0.455236
8.546455,0.455235
8.546865,0.455234
8.547275,0.455232
8.547685,0.455231
8.548095,0.455230
8.548505,0.455228
8.548915,0.455227
8.549325,0.455226
8.549735,0.455224
8.550145,0.455223
8.550555,0.455222
8.550965,0.455220
8.551375,0.455219
8.551785,0.455218
8.552195,0.455216
8.552605,0.455215
8.553015,0.455214
8.553425,0.455213
8.553835,0.455212
8.554245,0.455210
8.554655,0.455208
8.555065,0.455207
8.555475,0.455206
8.555885,0.455205
8.556295,0.455203
8.556705,0.455202
8.557115,0.455201
8.557525,0.455200
8.557935,0.455198
8.558345,0.455197
8.558755,0.455196
8.559165,0.455194
8.559575,0.455193
8.559985,0.455192
8.560395,0.455191
8.560805,0.455189
8.561215,0.455188
8.561625,0.455187
8.562035,0.455185
8.562445,0.455184
8.562855,0.455182
8.563265,0.455181
8.563675,0.455180
8.564085,0.455179
8.564495,0.455177
8.564905,0.455177
8.565316,0.455175
8.565726,0.455174
8.566136,0.455173
8.566546,0.455171
8.566956,0.455169
8.567366,0.455168
8.567776,0.455167
8.568186,0.455166
8.568596,0.455164
8.569006,0.455163
8.569416,0.455162
8.569826,0.455161
8.570236,0.455159
8.570646,0.455159
8.571056,0.455157
8.571466,0.455156
8.571876,0.455154
8.572286,0.455153
8.572696,0.455152
8.573106,0.455151
8.573516,0.455150
8.573926,0.455148
8.574336,0.455147
8.574746,0.455145
8.575156,0.455144
8.575566,0.455143
8.575976,0.455142
8.576386,0.455141
8.576796,0.455140
8.577206,0.455138
8.577616,0.455137
8.578026,0.455135
8.578436,0.455134
8.578846,0.455133
8.579256,0.455132
8.579666,0.455131
8.580076,0.455129
8.580486,0.455128
8.580896,0.455127
8.581306,0.455125
8.581716,0.455124
8.582126,0.455123
8.582536,0.455121
8.582946,0.455120
8.583356,0.455119
8.583766,0.455117
8.584176,0.455116
8.584586,0.455115
8.584996,0.455114
8.585406,0.455113
8.585816,0.455111
8.586226,0.455110
8.586636,0.455109
8.587046,0.455108
8.587456,0.455106
8.587866,0.455105
8.588276,0.455104
8.588686,0.455103
8.589096,0.455101
8.589506,0.455100
8.589916,0.455099
8.590326,0.455098
8.590736,0.455097
8.591146,0.455095
8.591556,0.455094
8.591966,0.455093
8.592376,0.455092
8.592786,0.455090
8.593196,0.455089
8.593606,0.455087
8.594016,0.455086
8.594426,0.455085
8.594836,0.455084
8.595247,0.455083
8.595657,0.455082
8.596067,0.455080
8.596477,0.455079
8.596887,0.455078
8.597297,0.455077
8.597707,0.455076
8.598117,0.455074
8.598527,0.455073
8.598937,0.455072
8.599347,0.455070
8.599757,0.455069
8.600167,0.455068
8.600577,0.455066
8.600987,0.455065
8.601397,0.455064
8.601807,0.455063
8.602217,0.455062
8.602627,0.455060
8.603037,0.455059
8.603447,0.455058
8.603857,0.455057
8.604267,0.455056
8.604677,0.455054
8.605087,0.455053
8.605497,0.455052
8.605907,0.455051
8.606317,0.455049
8.606727,0.455048
8.607137,0.455047
8.607547,0.455046
8.607957,0.455045
8.608367,0.455044
8.608777,0.455042
8.609187,0.455041
8.609597,0.455040
8.610007,0.455038
8.610417,0.455037
8.610827,0.455036
8.611237,0.455035
8.611647,0.455033
8.612057,0.455033
8.612467,0.455031
8.612877,0.455030
8.613287,0.455029
8.613697,0.455027
8.614107,0.455026
8.614517,0.455025
8.614927,0.455024
8.615337,0.455023
8.615747,0.455021
8.616157,0.455020
8.616567,0.455019
8.616977,0.455018
8.617387,0.455016
8.617797,0.455015
8.618207,0.455014
8.618617,0.455013
8.619027,0.455012
8.619437,0.455011
8.619847,0.455009
8.620257,0.455008
8.620667,0.455007
8.621077,0.455006
8.621487,0.455005
8.621897,0.455003
8.622307,0.455002
8.622717,0.455001
8.623127,0.455000
8.623537,0.454998
8.623947,0.454997
8.624357,0.454996
8.624767,0.454994
8.625178,0.454993
8.625588,0.454993
8.625998,0.454991
8.626408,0.454990
8.626818,0.454989
8.627228,0.454988
8.627638,0.454987
8.628048,0.454985
8.628458,0.454984
8.628868,0.454983
8.629278,0.454982
8.629688,0.454981
8.630098,0.454979
8.630508,0.454978
8.630918,0.454977
8.631328,0.454976
8.631738,0.454974
8.632148,0.454973
8.632558,0.454972
8.632968,0.454971
8.633378,0.454970
8.633788,0.454969
8.634198,0.454967
8.634608,0.454967
8.635018,0.454965
8.635428,0.454964
8.635838,0.454963
8.636248,0.454962
8.636658,0.454960
8.637068,0.454959
8.637478,0.454958
8.637888,0.454957
8.638298,0.454956
8.638708,0.454954
8.639118,0.454953
8.639528,0.454952
8.639938,0.454951
8.640348,0.454950
8.640758,0.454948
8.641168,0.454947
8.641578,0.454946
8.641988,0.454945
8.642398,0.454944
8.642808,0.454942
8.643218,0.454942
8.643628,0.454940
8.644038,0.454939
8.644448,0.454938
8.644858,0.454937
8.645268,0.454936
8.645678,0.454934
8.646088,0.454933
8.646498,0.454932
8.646908,0.454931
8.647318,0.454930
8.647728,0.454929
8.648138,0.454927
8.648548,0.454927
8.648958,0.454925
8.649368,0.454924
8.649778,0.454923
8.650188,0.454922
8.650598,0.454920
8.651008,0.454919
8.651418,0.454918
8.651828,0.454917
8.652238,0.454916
8.652648,0.454915
8.653058,0.454913
8.653468,0.454912
8.653878,0.454911
8.654288,0.454910
8.654698,0.454909
8.655109,0.454908
8.655519,0.454906
8.655929,0.454905
8.656339,0.454905
8.656749,0.454903
8.657159,0.454902
8.657569,0.454900
8.657979,0.454900
8.658389,0.454899
8.658799,0.454897
8.659209,0.454896
8.659619,0.454895
8.660029,0.454894
8.660439,0.454893
8.660849,0.454892
8.661259,0.454890
8.661669,0.454889
8.662079,0.454888
8.662489,0.454887
8.662899,0.454886
8.663309,0.454885
8.663719,0.454883
8.664129,0.454882
8.664539,0.454881
8.664949,0.454880
8.665359,0.454879
8.665769,0.454878
8.666179,0.454877
8.666589,0.454876
8.666999,0.454874
8.667409,0.454873
8.667819,0.454872
8.668229,0.454871
8.668639,0.454870
8.669049,0.454869
8.669459,0.454867
8.669869,0.454866
8.670279,0.454865
8.670689,0.454864
8.671099,0.454863
8.671509,0.454862
8.671919,0.454861
8.672329,0.454859
8.672739,0.454859
8.673149,0.454857
8.673559,0.454856
8.673969,0.454855
8.674379,0.454854
8.674789,0.454853
8.675199,0.454851
8.675609,0.454850
8.676019,0.454850
8.676429,0.454848
8.676839,0.454847
8.677249,0.454846
8.677659,0.454845
8.678069,0.454844
8.678479,0.454843
8.678889,0.454841
8.679299,0.454840
8.679709,0.454839
8.680119,0.454838
8.680529,0.454837
8.680939,0.454836
8.681349,0.454835
8.681759,0.454834
8.682169,0.454833
8.682579,0.454832
8.682989,0.454830
8.683399,0.454829
8.683809,0.454828
8.684219,0.454827
8.684629,0.454826
8.685040,0.454825
8.685450,0.454824
8.685860,0.454823
8.686270,0.454821
8.686680,0.454820
8.687090,0.454819
8.687500,0.454818
8.687910,0.454817
8.688320,0.454816
8.688730,0.454815
8.689140,0.454814
8.689550,0.454813
8.689960,0.454811
8.690370,0.454810
8.690780,0.454809
8.691190,0.454808
8.691600,0.454807
8.692010,0.454806
8.692420,0.454805
8.692830,0.454804
8.693240,0.454803
8.693650,0.454801
8.694060,0.454801
8.694470,0.454799
8.694880,0.454798
8.695290,0.454797
8.695700,0.454796
8.696110,0.454795
8.696520,0.454794
8.696930,0.454793
8.697340,0.454791
8.697750,0.454790
8.698160,0.454790
8.698570,0.454788
8.698980,0.454787
8.699390,0.454786
8.699800,0.454785
8.700210,0.454784
8.700620,0.454783
8.701030,0.454781
8.701440,0.454780
8.701850,0.454779
8.702260,0.454778
8.702670,0.454777
8.703080,0.454776
8.703490,0.454775
8.703900,0.454774
8.704310,0.454773
8.704720,0.454772
8.705130,0.454770
8.705540,0.454769
8.705950,0.454768
8.706360,0.454768
8.706770,0.454766
8.707180,0.454765
8.707590,0.454764
8.708000,0.454763
8.708410,0.454762
8.708820,0.454761
8.709230,0.454760
8.709640,0.454759
8.710050,0.454758
8.710460,0.454757
8.710870,0.454755
8.711280,0.454755
8.711690,0.454754
8.712100,0.454752
8.712510,0.454751
8.712920,0.454750
8.713330,0.454749
8.713740,0.454748
8.714150,0.454747
8.714560,0.454745
8.714970,0.454745
8.715381,0.454744
8.715791,0.454743
8.716201,0.454742
8.716611,0.454740
8.717021,0.454739
8.717431,0.454738
8.717841,0.454737
8.718251,0.454736
8.718661,0.454735
8.719071,0.454734
8.719481,0.454733
8.719891,0.454732
8.720301,0.454731
8.720711,0.454730
8.721121,0.454728
8.721531,0.454727
8.721941,0.454726
8.722351,0.454726
8.722761,0.454724
8.723171,0.454723
8.723581,0.454723
8.723991,0.454721
8.724401,0.454720
8.724811,0.454719
8.725221,0.454718
8.725631,0.454717
8.726041,0.454716
8.726451,0.454715
8.726861,0.454713
8.727271,0.454713
8.727681,0.454712
8.728091,0.454710
8.728501,0.454709
8.728911,0.454709
8.729321,0.454707
8.729731,0.454706
8.730141,0.454705
8.730551,0.454704
8.730961,0.454703
8.731371,0.454702
8.731781,0.454701
8.732191,0.454700
8.732601,0.454699
8.733011,0.454698
8.733421,0.454697
8.733831,0.454696
8.734241,0.454695
8.734651,0.454693
8.735061,0.454693
8.735471,0.454691
8.735881,0.454690
8.736291,0.454690
8.736701,0.454688
8.737111,0.454687
8.737521,0.454686
8.737931,0.454685
8.738341,0.454684
8.738751,0.454683
8.739161,0.454682
8.739571,0.454681
8.739981,0.454680
8.740391,0.454679
8.740801,0.454678
8.741211,0.454677
8.741621,0.454676
8.742031,0.454675
8.742441,0.454674
8.742851,0.454673
8.743261,0.454672
8.743671,0.454671
8.744081,0.454669
8.744491,0.454668
8.744901,0.454668
8.745312,0.454666
8.745722,0.454665
8.746132,0.454664
8.746542,0.454663
8.746952,0.454662
8.747362,0.454661
8.747772,0.454660
8.748182,0.454659
8.748592,0.454658
8.749002,0.454657
8.749412,0.454656
8.749822,0.454655
8.750232,0.454654
8.750642,0.454653
8.751052,0.454652
8.751462,0.454651
8.751872,0.454650
8.752282,0.454649
8.752692,0.454648
8.753102,0.454647
8.753512,0.454645
8.753922,0.454645
8.754332,0.454644
8.754742,0.454642
8.755152,0.454641
8.755562,0.454640
8.755972,0.454639
8.756382,0.454638
8.756792,0.454637
8.757202,0.454637
8.757612,0.454635
8.758022,0.454634
8.758432,0.454633
8.758842,0.454632
8.759252,0.454631
8.759662,0.454631
8.760072,0.454629
8.760482,0.454628
8.760892,0.454627
8.761302,0.454626
8.761712,0.454625
8.762122,0.454624
8.762532,0.454623
8.762942,0.454622
8.763352,0.454621
8.763762,0.454620
8.764172,0.454619
8.764582,0.454618
8.764992,0.454617
8.765402,0.454616
8.765812,0.454615
8.766222,0.454614
8.766632,0.454613
8.767042,0.454612
8.767452,0.454611
8.767862,0.454610
8.768272,0.454609
8.768682,0.454608
8.769092,0.454607
8.769502,0.454606
8.769912,0.454605
8.770322,0.454604
8.770732,0.454603
8.771142,0.454602
8.771552,0.454601
8.771962,0.454600
8.772372,0.454599
8.772782,0.454598
8.773192,0.454597
8.773602,0.454596
8.774012,0.454595
8.774422,0.454594
8.774832,0.454593
8.775243,0.454592
8.775653,0.454591
8.776063,0.454590
8.776473,0.454589
8.776883,0.454588
8.777293,0.454587
8.777703,0.454586
8.778113,0.454585
8.778523,0.454584
8.778933,0.454583
8.779343,0.454582
8.779753,0.454581
8.780163,0.454580
8.780573,0.454579
8.780983,0.454578
8.781393,0.454576
8.781803,0.454576
8.782213,0.454575
8.782623,0.454574
8.783033,0.454573
8.783443,0.454572
8.783853,0.454570
8.784263,0.454570
8.784673,0.454569
8.785083,0.454568
8.785493,0.454567
8.785903,0.454566
8.786313,0.454565
8.786723,0.454564
8.787133,0.454563
8.787543,0.454562
8.787953,0.454561
8.788363,0.454560
8.788773,0.454559
8.789183,0.454558
8.789593,0.454557
8.790003,0.454556
8.790413,0.454555
8.790823,0.454554
8.791233,0.454553
8.791643,0.454552
8.792053,0.454551
8.792463,0.454549
8.792873,0.454549
8.793283,0.454548
8.793693,0.454547
8.794103,0.454546
8.794513,0.454545
8.794923,0.454544
8.795333,0.454543
8.795743,0.454542
8.796153,0.454541
8.796563,0.454540
8.796973,0.454540
8.797383,0.454538
8.797793,0.454537
8.798203,0.454537
8.798613,0.454535
8.799023,0.454534
8.799433,0.454533
8.799843,0.454533
8.800253,0.454532
8.800663,0.454531
8.801073,0.454530
8.801483,0.454528
8.801893,0.454527
8.802303,0.454526
8.802713,0.454526
8.803123,0.454525
8.803533,0.454524
8.803943,0.454522
8.804353,0.454522
8.804763,0.454521
8.805174,0.454520
8.805584,0.454519
8.805994,0.454518
8.806404,0.454517
8.806814,0.454516
8.807224,0.454515
8.807634,0.454514
8.808044,0.454513
8.808454,0.454512
8.808864,0.454511
8.809274,0.454510
8.809684,0.454509
8.810094,0.454508
8.810504,0.454508
8.810914,0.454506
8.811324,0.454505
8.811734,0.454504
8.812144,0.454503
8.812554,0.454502
8.812964,0.454501
8.813374,0.454500
8.813784,0.454500
8.814194,0.454499
8.814604,0.454498
8.815014,0.454497
8.815424,0.454496
8.815834,0.454495
8.816244,0.454494
8.816654,0.454493
8.817064,0.454492
8.817474,0.454491
8.817884,0.454490
8.818294,0.454489
8.818704,0.454488
8.819114,0.454487
8.819524,0.454486
8.819934,0.454485
8.820344,0.454484
8.820754,0.454483
8.821164,0.454483
8.821574,0.454482
8.821984,0.454481
8.822394,0.454480
8.822804,0.454479
8.823214,0.454477
8.823624,0.454476
8.824034,0.454476
8.824444,0.454475
8.824854,0.454474
8.825264,0.454473
8.825674,0.454472
8.826084,0.454471
8.826494,0.454470
8.826904,0.454469
8.827314,0.454468
8.827724,0.454467
8.828134,0.454466
8.828544,0.454466
8.828954,0.454464
8.829364,0.454464
8.829774,0.454463
8.830184,0.454462
8.830594,0.454460
8.831004,0.454460
8.831414,0.454459
8.831824,0.454458
8.832234,0.454457
8.832644,0.454456
8.833054,0.454455
8.833464,0.454454
8.833874,0.454453
8.834284,0.454452
8.834694,0.454451
8.835105,0.454450
8.835515,0.454449
8.835925,0.454448
8.836335,0.454448
8.836745,0.454446
8.837155,0.454446
8.837565,0.454445
8.837975,0.454444
8.838385,0.454443
8.838795,0.454442
8.839205,0.454441
8.839615,0.454440
8.840025,0.454439
8.840435,0.454438
8.840845,0.454437
8.841255,0.454437
8.841665,0.454435
8.842075,0.454435
8.842485,0.454434
8.842895,0.454432
8.843305,0.454432
8.843715,0.454431
8.844125,0.454430
8.844535,0.454429
8.844945,0.454428
8.845355,0.454427
8.845765,0.454426
8.846175,0.454425
8.846585,0.454424
8.846995,0.454424
8.847405,0.454423
8.847815,0.454422
8.848225,0.454421
8.848635,0.454420
8.849045,0.454419
8.849455,0.454418
8.849865,0.454417
8.850275,0.454416
8.850685,0.454415
8.851095,0.454414
8.851505,0.454413
8.851915,0.454412
8.852325,0.454412
8.852735,0.454411
8.853145,0.454410
8.853555,0.454409
8.853965,0.454408
8.854375,0.454407
8.854785,0.454406
8.855195,0.454405
8.855605,0.454404
8.856015,0.454403
8.856425,0.454402
8.856835,0.454402
8.857245,0.454400
8.857655,0.454399
8.858065,0.454399
8.858475,0.454398
8.858885,0.454396
8.859295,0.454396
8.859705,0.454395
8.860115,0.454394
8.860525,0.454393
8.860935,0.454392
8.861345,0.454391
8.861755,0.454390
8.862165,0.454389
8.862575,0.454389
8.862985,0.454388
8.863395,0.454386
8.863805,0.454386
8.864215,0.454385
8.864625,0.454384
8.865036,0.454383
8.865446,0.454382
8.865856,0.454381
8.866266,0.454381
8.866676,0.454380
8.867086,0.454379
8.867496,0.454378
8.867906,0.454377
8.868316,0.454376
8.868726,0.454375
8.869136,0.454374
8.869546,0.454373
8.869956,0.454372
8.870366,0.454372
8.870776,0.454371
8.871186,0.454370
8.871596,0.454369
8.872006,0.454368
8.872416,0.454367
8.872826,0.454367
8.873236,0.454365
8.873646,0.454364
8.874056,0.454363
8.874466,0.454362
8.874876,0.454362
8.875286,0.454361
8.875696,0.454360
8.876106,0.454359
8.876516,0.454358
8.876926,0.454357
8.877336,0.454356
8.877746,0.454355
8.878156,0.454354
8.878566,0.454354
8.878976,0.454353
8.879386,0.454352
8.879796,0.454351
8.880206,0.454350
8.880616,0.454349
8.881026,0.454348
8.881436,0.454347
8.881846,0.454346
8.882256,0.454346
8.882666,0.454345
8.883076,0.454344
8.883486,0.454343
8.883896,0.454342
8.884306,0.454341
8.884716,0.454340
8.885126,0.454340
8.885536,0.454338
8.885946,0.454338
8.886356,0.454337
8.886766,0.454336
8.887176,0.454335
8.887586,0.454334
8.887996,0.454333
8.888406,0.454332
8.888816,0.454331
8.889226,0.454331
8.889636,0.454330
8.890046,0.454329
8.890456,0.454328
8.890866,0.454327
8.891276,0.454326
8.891686,0.454325
8.892096,0.454325
8.892506,0.454324
8.892916,0.454323
8.893326,0.454322
8.893736,0.454321
8.894146,0.454320
8.894556,0.454319
8.894966,0.454318
8.895377,0.454318
8.895787,0.454317
8.896197,0.454316
8.896607,0.454315
8.897017,0.454314
8.897427,0.454313
8.897837,0.454312
8.898247,0.454311
8.898657,0.454311
8.899067,0.454310
8.899477,0.454309
8.899887,0.454308
8.900297,0.454307
8.900707,0.454306
8.901117,0.454305
8.901527,0.454305
8.901937,0.454304
8.902347,0.454303
8.902757,0.454302
8.903167,0.454301
8.903577,0.454300
8.903987,0.454300
8.904397,0.454298
8.904807,0.454298
8.905217,0.454297
8.905627,0.454296
8.906037,0.454295
8.906447,0.454294
8.906857,0.454293
8.907267,0.454293
8.907677,0.454292
8.908087,0.454291
8.908497,0.454290
8.908907,0.454289
8.909317,0.454288
8.909727,0.454287
8.910137,0.454287
8.910547,0.454286
8.910957,0.454285
8.911367,0.454284
8.911777,0.454283
8.912187,0.454282
8.912597,0.454281
8.913007,0.454280
8.913417,0.454280
8.913827,0.454279
8.914237,0.454278
8.914647,0.454277
8.915057,0.454276
8.915467,0.454275
8.915877,0.454275
8.916287,0.454274
8.916697,0.454273
8.917107,0.454272
8.917517,0.454271
8.917927,0.454270
8.918337,0.454269
8.918747,0.454269
8.919157,0.454268
8.919567,0.454267
8.919977,0.454266
8.920387,0.454266
8.920797,0.454265
8.921207,0.454263
8.921617,0.454263
8.922027,0.454262
8.922437,0.454261
8.922847,0.454260
8.923257,0.454259
8.923667,0.454258
8.924077,0.454258
8.924487,0.454257
8.924897,0.454256
8.925308,0.454255
8.925718,0.454254
8.926128,0.454254
8.926538,0.454253
8.926948,0.454252
8.927358,0.454251
8.927768,0.454250
8.928178,0.454249
8.928588,0.454248
8.928998,0.454248
8.929408,0.454247
8.929818,0.454246
8.930228,0.454245
8.930638,0.454244
8.931048,0.454243
8.931458,0.454243
8.931868,0.454242
8.932278,0.454241
8.932688,0.454240
8.933098,0.454239
8.933508,0.454239
8.933918,0.454238
8.934328,0.454237
8.934738,0.454236
8.935148,0.454235
8.935558,0.454234
8.935968,0.454233
8.936378,0.454233
8.936788,0.454232
8.937198,0.454231
8.937608,0.454230
8.938018,0.454229
8.938428,0.454229
8.938838,0.454228
8.939248,0.454227
8.939658,0.454226
8.940068,0.454225
8.940478,0.454225
8.940888,0.454224
8.941298,0.454223
8.941708,0.454222
8.942118,0.454221
8.942528,0.454220
8.942938,0.454219
8.943348,0.454218
8.943758,0.454218
8.944168,0.454217
8.944578,0.454216
8.944988,0.454215
8.945398,0.454214
8.945808,0.454214
8.946218,0.454213
8.946628,0.454212
8.947038,0.454211
8.947448,0.454210
8.947858,0.454210
8.948268,0.454209
8.948678,0.454208
8.949088,0.454207
8.949498,0.454206
8.949908,0.454205
8.950318,0.454205
8.950728,0.454204
8.951138,0.454203
8.951548,0.454202
8.951958,0.454201
8.952368,0.454201
8.952778,0.454200
8.953188,0.454199
8.953598,0.454198
8.954008,0.454197
8.954418,0.454197
8.954828,0.454196
8.955239,0.454195
8.955649,0.454194
8.956059,0.454193
8.956469,0.454192
8.956879,0.454192
8.957289,0.454191
8.957699,0.454190
8.958109,0.454189
8.958519,0.454188
8.958929,0.454188
8.959339,0.454187
8.959749,0.454186
8.960159,0.454185
8.960569,0.454184
8.960979,0.454184
8.961389,0.454183
8.961799,0.454182
8.962209,0.454181
8.962619,0.454181
8.963029,0.454180
8.963439,0.454179
8.963849,0.454178
8.964259,0.454177
8.964669,0.454176
8.965079,0.454176
8.965489,0.454175
8.965899,0.454174
8.966309,0.454173
8.966719,0.454173
8.967129,0.454172
8.967539,0.454171
8.967949,0.454170
8.968359,0.454169
8.968769,0.454168
8.969179,0.454167
8.969589,0.454167
8.969999,0.454166
8.970409,0.454165
8.970819,0.454165
8.971229,0.454163
8.971639,0.454163
8.972049,0.454162
8.972459,0.454161
8.972869,0.454161
8.973279,0.454160
8.973689,0.454159
8.974099,0.454158
8.974509,0.454157
8.974919,0.454156
8.975329,0.454156
8.975739,0.454155
8.976149,0.454154
8.976559,0.454153
8.976969,0.454152
8.977379,0.454152
8.977789,0.454151
8.978199,0.454150
8.978609,0.454149
8.979019,0.454148
8.979429,0.454148
8.979839,0.454147
8.980249,0.454146
8.980659,0.454145
8.981069,0.454145
8.981479,0.454144
8.981889,0.454143
8.982299,0.454142
8.982709,0.454142
8.983119,0.454141
8.983529,0.454140
8.983939,0.454139
8.984349,0.454138
8.984759,0.454138
8.985170,0.454137
8.985580,0.454136
8.985990,0.454135
8.986400,0.454134
8.986810,0.454134
8.987220,0.454133
8.987630,0.454132
8.988040,0.454131
8.988450,0.454130
8.988860,0.454130
8.989270,0.454129
8.989680,0.454128
8.990090,0.454127
8.990500,0.454127
8.990910,0.454126
8.991320,0.454125
8.991730,0.454124
8.992140,0.454123
8.992550,0.454123
8.992960,0.454122
8.993370,0.454121
8.993780,0.454120
8.994190,0.454120
8.994600,0.454119
8.995010,0.454118
8.995420,0.454117
8.995830,0.454117
8.996240,0.454116
8.996650,0.454115
8.997060,0.454114
8.997470,0.454114
8.997880,0.454113
8.998290,0.454112
8.998700,0.454111
8.999110,0.454110
8.999520,0.454110
8.999930,0.454109
9.000340,0.454108
9.000750,0.454107
9.001160,0.454106
9.001570,0.454106
9.001980,0.454105
9.002390,0.454104
9.002800,0.454103
9.003210,0.454103
9.003620,0.454102
9.004030,0.454101
9.004440,0.454100
9.004850,0.454099
9.005260,0.454099
9.005670,0.454098
9.006080,0.454097
9.006490,0.454096
9.006900,0.454096
9.007310,0.454095
9.007720,0.454094
9.008130,0.454093
9.008540,0.454093
9.008950,0.454092
9.009360,0.454091
9.009770,0.454090
9.010180,0.454089
9.010590,0.454089
9.011000,0.454088
9.011410,0.454087
9.011820,0.454086
9.012230,0.454086
9.012640,0.454085
9.013050,0.454084
9.013460,0.454084
9.013870,0.454083
9.014280,0.454082
9.014690,0.454081
9.015101,0.454081
9.015511,0.454080
9.015921,0.454079
9.016331,0.454078
9.016741,0.454077
9.017151,0.454077
9.017561,0.454076
9.017971,0.454075
9.018381,0.454074
9.018791,0.454074
9.019201,0.454073
9.019611,0.454072
9.020021,0.454072
9.020431,0.454071
9.020841,0.454070
9.021251,0.454069
9.021661,0.454069
9.022071,0.454068
9.022481,0.454067
9.022891,0.454066
9.023301,0.454065
9.023711,0.454065
9.024121,0.454064
9.024531,0.454063
9.024941,0.454062
9.025351,0.454062
9.025761,0.454061
9.026171,0.454060
9.026581,0.454059
9.026991,0.454058
9.027401,0.454058
9.027811,0.454057
9.028221,0.454056
9.028631,0.454056
9.029041,0.454055
9.029451,0.454054
9.029861,0.454053
9.030271,0.454053
9.030681,0.454052
9.031091,0.454051
9.031501,0.454051
9.031911,0.454050
9.032321,0.454049
9.032731,0.454048
9.033141,0.454048
9.033551,0.454047
9.033961,0.454046
9.034371,0.454045
9.034781,0.454044
9.035191,0.454044
9.035601,0.454043
9.036011,0.454042
9.036421,0.454042
9.036831,0.454041
9.037241,0.454040
9.037651,0.454040
9.038061,0.454039
9.038471,0.454038
9.038881,0.454038
9.039291,0.454036
9.039701,0.454036
9.040111,0.454035
9.040521,0.454034
9.040931,0.454034
9.041341,0.454033
9.041751,0.454032
9.042161,0.454032
9.042571,0.454031
9.042981,0.454030
9.043391,0.454029
9.043801,0.454029
9.044211,0.454028
9.044621,0.454027
9.045032,0.454026
9.045442,0.454026
9.045852,0.454025
9.046262,0.454024
9.046672,0.454023
9.047082,0.454023
9.047492,0.454022
9.047902,0.454021
9.048312,0.454021
9.048722,0.454020
9.049132,0.454019
9.049542,0.454018
9.049952,0.454018
9.050362,0.454017
9.050772,0.454016
9.051182,0.454016
9.051592,0.454014
9.052002,0.454014
9.052412,0.454013
9.052822,0.454013
9.053232,0.454012
9.053642,0.454011
9.054052,0.454010
9.054462,0.454009
9.054872,0.454009
9.055282,0.454008
9.055692,0.454008
9.056102,0.454007
9.056512,0.454006
9.056922,0.454005
9.057332,0.454004
9.057742,0.454004
9.058152,0.454003
9.058562,0.454002
9.058972,0.454002
9.059382,0.454001
9.059792,0.454000
9.060202,0.454000
9.060612,0.453999
9.061022,0.453998
9.061432,0.453997
9.061842,0.453996
9.062252,0.453996
9.062662,0.453995
9.063072,0.453994
9.063482,0.453994
9.063892,0.453993
9.064302,0.453992
9.064712,0.453992
9.065122,0.453991
9.065532,0.453990
9.065942,0.453989
9.066352,0.453989
9.066762,0.453988
9.067172,0.453987
9.067582,0.453987
9.067992,0.453986
9.068402,0.453985
9.068812,0.453985
9.069222,0.453984
9.069632,0.453983
9.070042,0.453982
9.070452,0.453982
9.070862,0.453981
9.071272,0.453980
9.071682,0.453980
9.072092,0.453979
9.072502,0.453978
9.072912,0.453978
9.073322,0.453977
9.073732,0.453976
9.074142,0.453975
9.074552,0.453975
9.074962,0.453974
9.075373,0.453974
9.075783,0.453973
9.076193,0.453972
9.076603,0.453971
9.077013,0.453970
9.077423,0.453970
9.077833,0.453969
9.078243,0.453968
9.078653,0.453968
9.079063,0.453967
9.079473,0.453966
9.079883,0.453966
9.080293,0.453965
9.080703,0.453964
9.081113,0.453963
9.081523,0.453963
9.081933,0.453962
9.082343,0.453961
9.082753,0.453961
9.083163,0.453960
9.083573,0.453959
9.083983,0.453959
9.084393,0.453958
9.084803,0.453957
9.085213,0.453956
9.085623,0.453956
9.086033,0.453955
9.086443,0.453954
9.086853,0.453954
9.087263,0.453953
9.087673,0.453952
9.088083,0.453951
9.088493,0.453951
9.088903,0.453950
9.089313,0.453949
9.089723,0.453949
9.090133,0.453948
9.090543,0.453948
9.090953,0.453947
9.091363,0.453946
9.091773,0.453945
9.092183,0.453945
9.092593,0.453944
9.093003,0.453943
9.093413,0.453943
9.093823,0.453942
9.094233,0.453941
9.094643,0.453940
9.095053,0.453940
9.095463,0.453939
9.095873,0.453939
9.096283,0.453938
9.096693,0.453937
9.097103,0.453936
9.097513,0.453936
9.097923,0.453935
9.098333,0.453934
9.098743,0.453934
9.099153,0.453933
9.099563,0.453932
9.099973,0.453932
9.100383,0.453931
9.100793,0.453930
9.101203,0.453929
9.101613,0.453929
9.102023,0.453928
9.102433,0.453927
9.102843,0.453927
9.103253,0.453926
9.103663,0.453925
9.104073,0.453925
9.104483,0.453924
9.104893,0.453923
9.105304,0.453923
9.105714,0.453922
9.106124,0.453921
9.106534,0.453921
9.106944,0.453920
9.107354,0.453919
9.107764,0.453919
9.108174,0.453918
9.108584,0.453917
9.108994,0.453917
9.109404,0.453916
9.109814,0.453915
9.110224,0.453914
9.110634,0.453914
9.111044,0.453913
9.111454,0.453913
9.111864,0.453912
9.112274,0.453911
9.112684,0.453910
9.113094,0.453910
9.113504,0.453909
9.113914,0.453909
9.114324,0.453908
9.114734,0.453907
9.115144,0.453907
9.115554,0.453906
9.115964,0.453905
9.116374,0.453905
9.116784,0.453904
9.117194,0.453903
9.117604,0.453902
9.118014,0.453902
9.118424,0.453901
9.118834,0.453901
9.119244,0.453900
9.119654,0.453899
9.120064,0.453899
9.120474,0.453898
9.120884,0.453897
9.121294,0.453896
9.121704,0.453896
9.122114,0.453895
9.122524,0.453895
9.122934,0.453894
9.123344,0.453893
9.123754,0.453892
9.124164,0.453892
9.124574,0.453891
9.124984,0.453891
9.125394,0.453890
9.125804,0.453889
9.126214,0.453889
9.126624,0.453888
9.127034,0.453887
9.127444,0.453887
9.127854,0.453886
9.128264,0.453885
9.128674,0.453885
9.129084,0.453884
9.129494,0.453883
9.129904,0.453883
9.130314,0.453882
9.130724,0.453881
9.131134,0.453881
9.131544,0.453880
9.131954,0.453879
9.132364,0.453879
9.132774,0.453878
9.133184,0.453877
9.133594,0.453877
9.134004,0.453876
9.134414,0.453875
9.134824,0.453875
9.135235,0.453874
9.135645,0.453873
9.136055,0.453873
9.136465,0.453872
9.136875,0.453871
9.137285,0.453871
9.137695,0.453870
9.138105,0.453869
9.138515,0.453869
9.138925,0.453868
9.139335,0.453867
9.139745,0.453867
9.140155,0.453866
9.140565,0.453865
9.140975,0.453865
9.141385,0.453864
9.141795,0.453864
9.142205,0.453863
9.142615,0.453862
9.143025,0.453861
9.143435,0.453861
9.143845,0.453860
9.144255,0.453860
9.144665,0.453859
9.145075,0.453858
9.145485,0.453858
9.145895,0.453857
9.146305,0.453856
9.146715,0.453856
9.147125,0.453855
9.147535,0.453855
9.147945,0.453854
9.148355,0.453853
9.148765,0.453853
9.149175,0.453852
9.149585,0.453851
9.149995,0.453851
9.150405,0.453850
9.150815,0.453849
9.151225,0.453849
9.151635,0.453848
9.152045,0.453847
9.152455,0.453847
9.152865,0.453846
9.153275,0.453846
9.153685,0.453845
9.154095,0.453844
9.154505,0.453844
9.154915,0.453843
9.155325,0.453842
9.155735,0.453842
9.156145,0.453841
9.156555,0.453840
9.156965,0.453840
9.157375,0.453839
9.157785,0.453838
9.158195,0.453838
9.158605,0.453837
9.159015,0.453836
9.159425,0.453836
9.159835,0.453835
9.160245,0.453835
9.160655,0.453834
9.161065,0.453834
9.161475,0.453833
9.161885,0.453832
9.162295,0.453831
9.162705,0.453831
9.163115,0.453830
9.163525,0.453830
9.163935,0.453829
9.164345,0.453828
9.164755,0.453828
9.165166,0.453827
9.165576,0.453826
9.165986,0.453826
9.166396,0.453825
9.166806,0.453825
9.167216,0.453824
9.167626,0.453823
9.168036,0.453823
9.168446,0.453822
9.168856,0.453821
9.169266,0.453821
9.169676,0.453820
9.170086,0.453819
9.170496,0.453819
9.170906,0.453818
9.171316,0.453818
9.171726,0.453817
9.172136,0.453816
9.172546,0.453816
9.172956,0.453815
9.173366,0.453814
9.173776,0.453814
9.174186,0.453813
9.174596,0.453813
9.175006,0.453812
9.175416,0.453811
9.175826,0.453811
9.176236,0.453810
9.176646,0.453809
9.177056,0.453809
9.177466,0.453808
9.177876,0.453807
9.178286,0.453807
9.178696,0.453806
9.179106,0.453806
9.179516,0.453805
9.179926,0.453804
9.180336,0.453804
9.180746,0.453803
9.181156,0.453803
9.181566,0.453802
9.181976,0.453802
9.182386,0.453801
9.182796,0.453800
9.183206,0.453799
9.183616,0.453799
9.184026,0.453798
9.184436,0.453797
9.184846,0.453797
9.185256,0.453796
9.185666,0.453796
9.186076,0.453795
9.186486,0.453794
9.186896,0.453794
9.187306,0.453793
9.187716,0.453793
9.188126,0.453792
9.188536,0.453791
9.188946,0.453791
9.189356,0.453790
9.189766,0.453789
9.190176,0.453789
9.190586,0.453788
9.190996,0.453788
9.191406,0.453787
9.191816,0.453787
9.192226,0.453786
9.192636,0.453785
9.193046,0.453785
9.193456,0.453784
9.193866,0.453783
9.194276,0.453783
9.194686,0.453782
9.195097,0.453782
9.195507,0.453781
9.195917,0.453780
9.196327,0.453780
9.196737,0.453779
9.197147,0.453779
9.197557,0.453778
9.197967,0.453777
9.198377,0.453777
9.198787,0.453776
9.199197,0.453776
9.199607,0.453775
9.200017,0.453774
9.200427,0.453774
9.200837,0.453773
9.201247,0.453772
9.201657,0.453772
9.202067,0.453771
9.202477,0.453771
9.202887,0.453770
9.203297,0.453769
9.203707,0.453769
9.204117,0.453768
9.204527,0.453768
9.204937,0.453767
9.205347,0.453767
9.205757,0.453766
9.206167,0.453765
9.206577,0.453765
9.206987,0.453764
9.207397,0.453763
9.207807,0.453763
9.208217,0.453762
9.208627,0.453762
9.209037,0.453761
9.209447,0.453761
9.209857,0.453760
9.210267,0.453759
9.210677,0.453759
9.211087,0.453758
9.211497,0.453757
9.211907,0.453757
9.212317,0.453756
9.212727,0.453756
9.213137,0.453755
9.213547,0.453754
9.213957,0.453754
9.214367,0.453753
9.214777,0.453753
9.215187,0.453752
9.215597,0.453751
9.216007,0.453751
9.216417,0.453750
9.216827,0.453750
9.217237,0.453749
9.217647,0.453748
9.218057,0.453748
9.218467,0.453747
9.218877,0.453747
9.219287,0.453746
9.219697,0.453745
9.220107,0.453745
9.220517,0.453744
9.220927,0.453744
9.221337,0.453743
9.221747,0.453742
9.222157,0.453742
9.222567,0.453741
9.222977,0.453741
9.223387,0.453740
9.223797,0.453740
9.224207,0.453739
9.224617,0.453738
9.225028,0.453738
9.225438,0.453737
9.225848,0.453737
9.226258,0.453736
9.226668,0.453735
9.227078,0.453735
9.227488,0.453734
9.227898,0.453734
9.228308,0.453733
9.228718,0.453732
9.229128,0.453732
9.229538,0.453731
9.229948,0.453731
9.230358,0.453730
9.230768,0.453730
9.231178,0.453729
9.231588,0.453728
9.231998,0.453728
9.232408,0.453727
9.232818,0.453727
9.233228,0.453726
9.233638,0.453725
9.234048,0.453725
9.234458,0.453724
9.234868,0.453724
9.235278,0.453723
9.235688,0.453722
9.236098,0.453722
9.236508,0.453721
9.236918,0.453721
9.237328,0.453720
9.237738,0.453720
9.238148,0.453719
9.238558,0.453719
9.238968,0.453718
9.239378,0.453717
9.239788,0.453717
9.240198,0.453716
9.240608,0.453715
9.241018,0.453715
9.241428,0.453715
9.241838,0.453714
9.242248,0.453713
9.242658,0.453713
9.243068,0.453712
9.243478,0.453712
9.243888,0.453711
9.244298,0.453710
9.244708,0.453710
9.245118,0.453709
9.245528,0.453709
9.245938,0.453708
9.246348,0.453708
9.246758,0.453707
9.247168,0.453706
9.247578,0.453706
9.247988,0.453705
9.248398,0.453704
9.248808,0.453704
9.249218,0.453703
9.249628,0.453703
9.250038,0.453702
9.250448,0.453702
9.250858,0.453701
9.251268,0.453701
9.251678,0.453700
9.252088,0.453700
9.252498,0.453699
9.252908,0.453698
9.253318,0.453698
9.253728,0.453697
9.254138,0.453697
9.254548,0.453696
9.254958,0.453695
9.255369,0.453695
9.255779,0.453694
9.256189,0.453694
9.256599,0.453693
9.257009,0.453693
9.257419,0.453692
9.257829,0.453691
9.258239,0.453691
9.258649,0.453690
9.259059,0.453690
9.259469,0.453689
9.259879,0.453689
9.260289,0.453688
9.260699,0.453687
9.261109,0.453687
9.261519,0.453686
9.261929,0.453686
9.262339,0.453685
9.262749,0.453685
9.263159,0.453684
9.263569,0.453683
9.263979,0.453683
9.264389,0.453682
9.264799,0.453682
9.265209,0.453681
9.265619,0.453681
9.266029,0.453680
9.266439,0.453680
9.266849,0.453679
9.267259,0.453678
9.267669,0.453678
9.268079,0.453678
9.268489,0.453677
9.268899,0.453676
9.269309,0.453676
9.269719,0.453675
9.270129,0.453675
9.270539,0.453674
9.270949,0.453673
9.271359,0.453673
9.271769,0.453672
9.272179,0.453672
9.272589,0.453671
9.272999,0.453671
9.273409,0.453670
9.273819,0.453670
9.274229,0.453669
9.274639,0.453668
9.275049,0.453668
9.275459,0.453667
9.275869,0.453667
9.276279,0.453666
9.276689,0.453666
9.277099,0.453665
9.277509,0.453665
9.277919,0.453664
9.278329,0.453664
9.278739,0.453663
9.279149,0.453662
9.279559,0.453662
9.279969,0.453661
9.280379,0.453661
9.280789,0.453660
9.281199,0.453660
9.281609,0.453659
9.282019,0.453659
9.282429,0.453658
9.282839,0.453657
9.283249,0.453657
9.283659,0.453656
9.284069,0.453656
9.284479,0.453655
9.284889,0.453655
9.285300,0.453654
9.285710,0.453654
9.286120,0.453653
9.286530,0.453653
9.286940,0.453652
9.287350,0.453651
9.287760,0.453651
9.288170,0.453650
9.288580,0.453650
9.288990,0.453649
9.289400,0.453649
9.289810,0.453648
9.290220,0.453647
9.290630,0.453647
9.291040,0.453646
9.291450,0.453646
9.291860,0.453645
9.292270,0.453645
9.292680,0.453644
9.293090,0.453644
9.293500,0.453643
9.293910,0.453643
9.294320,0.453642
9.294730,0.453642
9.295140,0.453641
9.295550,0.453640
9.295960,0.453640
9.296370,0.453639
9.296780,0.453639
9.297190,0.453638
9.297600,0.453638
9.298010,0.453637
9.298420,0.453637
9.298830,0.453636
9.299240,0.453636
9.299650,0.453635
9.300060,0.453634
9.300470,0.453634
9.300880,0.453633
9.301290,0.453633
9.301700,0.453632
9.302110,0.453632
9.302520,0.453631
9.302930,0.453631
9.303340,0.453630
9.303750,0.453630
9.304160,0.453629
9.304570,0.453629
9.304980,0.453628
9.305390,0.453627
9.305800,0.453627
9.306210,0.453626
9.306620,0.453626
9.307030,0.453625
9.307440,0.453625
9.307850,0.453624
9.308260,0.453624
9.308670,0.453623
9.309080,0.453623
9.309490,0.453622
9.309900,0.453622
9.310310,0.453621
9.310720,0.453621
9.311130,0.453620
9.311540,0.453620
9.311950,0.453619
9.312360,0.453618
9.312770,0.453618
9.313180,0.453617
9.313590,0.453617
9.314000,0.453616
9.314410,0.453616
9.314820,0.453615
9.315231,0.453615
9.315641,0.453614
9.316051,0.453614
9.316461,0.453613
9.316871,0.453613
9.317281,0.453612
9.317691,0.453611
9.318101,0.453611
9.318511,0.453611
9.318921,0.453610
9.319331,0.453609
9.319741,0.453609
9.320151,0.453608
9.320561,0.453608
9.320971,0.453607
9.321381,0.453607
9.321791,0.453606
9.322201,0.453606
9.322611,0.453605
9.323021,0.453605
9.323431,0.453604
9.323841,0.453604
9.324251,0.453603
9.324661,0.453602
9.325071,0.453602
9.325481,0.453602
9.325891,0.453601
9.326301,0.453600
9.326711,0.453600
9.327121,0.453599
9.327531,0.453599
9.327941,0.453598
9.328351,0.453598
9.328761,0.453597
9.329171,0.453597
9.329581,0.453596
9.329991,0.453596
9.330401,0.453595
9.330811,0.453595
9.331221,0.453594
9.331631,0.453594
9.332041,0.453593
9.332451,0.453593
9.332861,0.453592
9.333271,0.453592
9.333681,0.453591
9.334091,0.453590
9.334501,0.453590
9.334911,0.453590
9.335321,0.453589
9.335731,0.453588
9.336141,0.453588
9.336551,0.453587
9.336961,0.453587
9.337371,0.453586
9.337781,0.453586
9.338191,0.453585
9.338601,0.453585
9.339011,0.453584
9.339421,0.453584
9.339831,0.453583
9.340241,0.453583
9.340651,0.453582
9.341061,0.453582
9.341471,0.453581
9.341881,0.453581
9.342291,0.453580
9.342701,0.453580
9.343111,0.453579
9.343521,0.453579
9.343931,0.453578
9.344341,0.453578
9.344751,0.453577
9.345162,0.453577
9.345572,0.453576
9.345982,0.453576
9.346392,0.453575
9.346802,0.453574
9.347212,0.453574
9.347622,0.453574
9.348032,0.453573
9.348442,0.453573
9.348852,0.453572
9.349262,0.453572
9.349672,0.453571
9.350082,0.453570
9.350492,0.453570
9.350902,0.453569
9.351312,0.453569
9.351722,0.453569
9.352132,0.453568
9.352542,0.453568
9.352952,0.453567
9.353362,0.453566
9.353772,0.453566
9.354182,0.453565
9.354592,0.453565
9.355002,0.453564
9.355412,0.453564
9.355822,0.453563
9.356232,0.453563
9.356642,0.453562
9.357052,0.453562
9.357462,0.453561
9.357872,0.453561
9.358282,0.453560
9.358692,0.453560
9.359102,0.453559
9.359512,0.453559
9.359922,0.453558
9.360332,0.453558
9.360742,0.453557
9.361152,0.453557
9.361562,0.453556
9.361972,0.453556
9.362382,0.453555
9.362792,0.453555
9.363202,0.453554
9.363612,0.453554
9.364022,0.453553
9.364432,0.453553
9.364842,0.453552
9.365252,0.453552
9.365662,0.453551
9.366072,0.453551
9.366482,0.453550
9.366892,0.453550
9.367302,0.453549
9.367712,0.453549
9.368122,0.453548
9.368532,0.453548
9.368942,0.453547
9.369352,0.453547
9.369762,0.453546
9.370172,0.453546
9.370582,0.453545
9.370992,0.453545
9.371402,0.453544
9.371812,0.453544
9.372222,0.453543
9.372632,0.453543
9.373042,0.453542
9.373452,0.453542
9.373862,0.453541
9.374272,0.453541
9.374682,0.453540
9.375093,0.453540
9.375503,0.453539
9.375913,0.453539
9.376323,0.453539
9.376733,0.453538
9.377143,0.453538
9.377553,0.453537
9.377963,0.453537
9.378373,0.453536
9.378783,0.453536
9.379193,0.453535
9.379603,0.453535
9.380013,0.453534
9.380423,0.453534
9.380833,0.453533
9.381243,0.453533
9.381653,0.453532
9.382063,0.453532
9.382473,0.453531
9.382883,0.453531
9.383293,0.453530
9.383703,0.453530
9.384113,0.453529
9.384523,0.453529
9.384933,0.453528
9.385343,0.453528
9.385753,0.453527
9.386163,0.453527
9.386573,0.453526
9.386983,0.453526
9.387393,0.453525
9.387803,0.453525
9.388213,0.453524
9.388623,0.453524
9.389033,0.453523
9.389443,0.453523
9.389853,0.453522
9.390263,0.453522
9.390673,0.453521
9.391083,0.453521
9.391493,0.453520
9.391903,0.453520
9.392313,0.453519
9.392723,0.453519
9.393133,0.453518
9.393543,0.453518
9.393953,0.453517
9.394363,0.453517
9.394773,0.453517
9.395183,0.453516
9.395593,0.453515
9.396003,0.453515
9.396413,0.453515
9.396823,0.453514
9.397233,0.453514
9.397643,0.453513
9.398053,0.453513
9.398463,0.453512
9.398873,0.453512
9.399283,0.453511
9.399693,0.453511
9.400103,0.453510
9.400513,0.453510
9.400923,0.453509
9.401333,0.453509
9.401743,0.453508
9.402153,0.453508
9.402563,0.453507
9.402973,0.453507
9.403383,0.453506
9.403793,0.453506
9.404203,0.453506
9.404613,0.453505
9.405024,0.453505
9.405434,0.453504
9.405844,0.453504
9.406254,0.453503
9.406664,0.453503
9.407074,0.453502
9.407484,0.453502
9.407894,0.453501
9.408304,0.453501
9.408714,0.453500
9.409124,0.453500
9.409534,0.453499
9.409944,0.453499
9.410354,0.453498
9.410764,0.453498
9.411174,0.453497
9.411584,0.453497
9.411994,0.453497
9.412404,0.453496
9.412814,0.453496
9.413224,0.453495
9.413634,0.453495
9.414044,0.453494
9.414454,0.453494
9.414864,0.453493
9.415274,0.453493
9.415684,0.453492
9.416094,0.453492
9.416504,0.453491
9.416914,0.453491
9.417324,0.453490
9.417734,0.453490
9.418144,0.453489
9.418554,0.453489
9.418964,0.453488
9.419374,0.453488
9.419784,0.453487
9.420194,0.453487
9.420604,0.453487
9.421014,0.453486
9.421424,0.453485
9.421834,0.453485
9.422244,0.453485
9.422654,0.453484
9.423064,0.453484
9.423474,0.453483
9.423884,0.453483
9.424294,0.453482
9.424704,0.453482
9.425114,0.453482
9.425524,0.453481
9.425934,0.453480
9.426344,0.453480
9.426754,0.453479
9.427164,0.453479
9.427574,0.453479
9.427984,0.453478
9.428394,0.453478
9.428804,0.453477
9.429214,0.453477
9.429624,0.453476
9.430034,0.453476
9.430444,0.453475
9.430854,0.453475
9.431264,0.453474
9.431674,0.453474
9.432084,0.453474
9.432494,0.453473
9.432904,0.453473
9.433314,0.453472
9.433724,0.453472
9.434134,0.453471
9.434544,0.453471
9.434954,0.453470
9.435365,0.453470
9.435775,0.453469
9.436185,0.453469
9.436595,0.453468
9.437005,0.453468
9.437415,0.453467
9.437825,0.453467
9.438235,0.453466
9.438645,0.453466
9.439055,0.453466
9.439465,0.453465
9.439875,0.453465
9.440285,0.453464
9.440695,0.453464
9.441105,0.453463
9.441515,0.453463
9.441925,0.453462
9.442335,0.453462
9.442745,0.453462
9.443155,0.453461
9.443565,0.453461
9.443975,0.453460
9.444385,0.453460
9.444795,0.453459
9.445205,0.453459
9.445615,0.453458
9.446025,0.453458
9.446435,0.453458
9.446845,0.453457
9.447255,0.453456
9.447665,0.453456
9.448075,0.453456
9.448485,0.453455
9.448895,0.453455
9.449305,0.453454
9.449715,0.453454
9.450125,0.453453
9.450535,0.453453
9.450945,0.453453
9.451355,0.453452
9.451765,0.453452
9.452175,0.453451
9.452585,0.453451
9.452995,0.453450
9.453405,0.453450
9.453815,0.453450
9.454225,0.453449
9.454635,0.453449
9.455045,0.453448
9.455455,0.453448
9.455865,0.453447
9.456275,0.453447
9.456685,0.453446
9.457095,0.453446
9.457505,0.453445
9.457915,0.453445
9.458325,0.453444
9.458735,0.453444
9.459145,0.453444
9.459555,0.453443
9.459965,0.453443
9.460375,0.453442
9.460785,0.453442
9.461195,0.453441
9.461605,0.453441
9.462015,0.453440
9.462425,0.453440
9.462835,0.453440
9.463245,0.453439
9.463655,0.453439
9.464065,0.453438
9.464475,0.453438
9.464885,0.453437
9.465296,0.453437
9.465706,0.453436
9.466116,0.453436
9.466526,0.453436
9.466936,0.453435
9.467346,0.453435
9.467756,0.453434
9.468166,0.453434
9.468576,0.453433
9.468986,0.453433
9.469396,0.453433
9.469806,0.453432
9.470216,0.453432
9.470626,0.453431
9.471036,0.453431
9.471446,0.453430
9.471856,0.453430
9.472266,0.453429
9.472676,0.453429
9.473086,0.453429
9.473496,0.453428
9.473906,0.453428
9.474316,0.453427
9.474726,0.453427
9.475136,0.453426
9.475546,0.453426
9.475956,0.453425
9.476366,0.453425
9.476776,0.453425
9.477186,0.453424
9.477596,0.453424
9.478006,0.453423
9.478416,0.453423
9.478826,0.453422
9.479236,0.453422
9.479646,0.453421
9.480056,0.453421
9.480466,0.453421
9.480876,0.453420
9.481286,0.453420
9.481696,0.453419
9.482106,0.453419
9.482516,0.453418
9.482926,0.453418
9.483336,0.453418
9.483746,0.453417
9.484156,0.453417
9.484566,0.453416
9.484976,0.453416
9.485386,0.453416
9.485796,0.453415
9.486206,0.453415
9.486616,0.453414
9.487026,0.453414
9.487436,0.453413
9.487846,0.453413
9.488256,0.453412
9.488666,0.453412
9.489076,0.453411
9.489486,0.453411
9.489896,0.453411
9.490306,0.453410
9.490716,0.453410
9.491126,0.453409
9.491536,0.453409
9.491946,0.453409
9.492356,0.453408
9.492766,0.453408
9.493176,0.453407
9.493586,0.453407
9.493996,0.453406
9.494406,0.453406
9.494816,0.453405
9.495227,0.453405
9.495637,0.453405
9.496047,0.453404
9.496457,0.453404
9.496867,0.453403
9.497277,0.453403
9.497687,0.453402
9.498097,0.453402
9.498507,0.453402
9.498917,0.453401
9.499327,0.453401
9.499737,0.453400
9.500147,0.453400
9.500557,0.453399
9.500967,0.453399
9.501377,0.453399
9.501787,0.453398
9.502197,0.453398
9.502607,0.453397
9.503017,0.453397
9.503427,0.453396
9.503837,0.453396
9.504247,0.453396
9.504657,0.453395
9.505067,0.453395
9.505477,0.453394
9.505887,0.453394
9.506297,0.453394
9.506707,0.453393
9.507117,0.453393
9.507527,0.453392
9.507937,0.453392
9.508347,0.453391
9.508757,0.453391
9.509167,0.453390
9.509577,0.453390
9.509987,0.453390
9.510397,0.453389
9.510807,0.453389
9.511217,0.453388
9.511627,0.453388
9.512037,0.453388
9.512447,0.453387
9.512857,0.453387
9.513267,0.453386
9.513677,0.453386
9.514087,0.453386
9.514497,0.453385
9.514907,0.453385
9.515317,0.453384
9.515727,0.453384
9.516137,0.453383
9.516547,0.453383
9.516957,0.453383
9.517367,0.453382
9.517777,0.453382
9.518187,0.453381
9.518597,0.453381
9.519007,0.453381
9.519417,0.453380
9.519827,0.453380
9.520237,0.453379
9.520647,0.453379
9.521057,0.453378
9.521467,0.453378
9.521877,0.453378
9.522287,0.453377
9.522697,0.453377
9.523107,0.453376
9.523517,0.453376
9.523927,0.453376
9.524337,0.453375
9.524747,0.453375
9.525158,0.453374
9.525568,0.453374
9.525978,0.453374
9.526388,0.453373
9.526798,0.453373
9.527208,0.453372
9.527618,0.453372
9.528028,0.453371
9.528438,0.453371
9.528848,0.453370
9.529258,0.453370
9.529668,0.453370
9.530078,0.453369
9.530488,0.453369
9.530898,0.453369
9.531308,0.453368
9.531718,0.453368
9.532128,0.453367
9.532538,0.453367
9.532948,0.453366
9.533358,0.453366
9.533768,0.453366
9.534178,0.453365
9.534588,0.453365
9.534998,0.453364
9.535408,0.453364
9.535818,0.453364
9.536228,0.453363
9.536638,0.453363
9.537048,0.453362
9.537458,0.453362
9.537868,0.453362
9.538278,0.453361
9.538688,0.453361
9.539098,0.453360
9.539508,0.453360
9.539918,0.453360
9.540328,0.453359
9.540738,0.453359
9.541148,0.453358
9.541558,0.453358
9.541968,0.453358
9.542378,0.453357
9.542788,0.453357
9.543198,0.453356
9.543608,0.453356
9.544018,0.453355
9.544428,0.453355
9.544838,0.453355
9.545248,0.453354
9.545658,0.453354
9.546068,0.453353
9.546478,0.453353
9.546888,0.453353
9.547298,0.453352
9.547708,0.453352
9.548118,0.453351
9.548528,0.453351
9.548938,0.453351
9.549348,0.453350
9.549758,0.453350
9.550168,0.453349
9.550578,0.453349
9.550988,0.453349
9.551398,0.453348
9.551808,0.453348
9.552218,0.453348
9.552628,0.453347
9.553038,0.453347
9.553448,0.453346
9.553858,0.453346
9.554268,0.453345
9.554678,0.453345
9.555089,0.453345
9.555499,0.453344
9.555909,0.453344
9.556319,0.453343
9.556729,0.453343
9.557139,0.453342
9.557549,0.453342
9.557959,0.453342
9.558369,0.453341
9.558779,0.453341
9.559189,0.453340
9.559599,0.453340
9.560009,0.453340
9.560419,0.453339
9.560829,0.453339
9.561239,0.453339
9.561649,0.453338
9.562059,0.453338
9.562469,0.453337
9.562879,0.453337
9.563289,0.453337
9.563699,0.453336
9.564109,0.453336
9.564519,0.453336
9.564929,0.453335
9.565339,0.453335
9.565749,0.453334
9.566159,0.453334
9.566569,0.453334
9.566979,0.453333
9.567389,0.453333
9.567799,0.453332
9.568209,0.453332
9.568619,0.453331
9.569029,0.453331
9.569439,0.453331
9.569849,0.453330
9.570259,0.453330
9.570669,0.453330
9.571079,0.453329
9.571489,0.453329
9.571899,0.453328
9.572309,0.453328
9.572719,0.453328
9.573129,0.453327
9.573539,0.453327
9.573949,0.453326
9.574359,0.453326
9.574769,0.453326
9.575179,0.453325
9.575589,0.453325
9.575999,0.453324
9.576409,0.453324
9.576819,0.453324
9.577229,0.453323
9.577639,0.453323
9.578049,0.453322
9.578459,0.453322
9.578869,0.453322
9.579279,0.453321
9.579689,0.453321
9.580099,0.453321
9.580509,0.453320
9.580919,0.453320
9.581329,0.453319
9.581739,0.453319
9.582149,0.453319
9.582559,0.453318
9.582969,0.453318
9.583379,0.453318
9.583789,0.453317
9.584199,0.453317
9.584609,0.453317
9.585020,0.453316
9.585430,0.453316
9.585840,0.453315
9.586250,0.453315
9.586660,0.453314
9.587070,0.453314
9.587480,0.453314
9.587890,0.453313
9.588300,0.453313
9.588710,0.453313
9.589120,0.453312
9.589530,0.453312
9.589940,0.453311
9.590350,0.453311
9.590760,0.453311
9.591170,0.453310
9.591580,0.453310
9.591990,0.453309
9.592400,0.453309
9.592810,0.453308
9.593220,0.453308
9.593630,0.453308
9.594040,0.453307
9.594450,0.453307
9.594860,0.453307
9.595270,0.453306
9.595680,0.453306
9.596090,0.453306
9.596500,0.453305
9.596910,0.453305
9.597320,0.453304
9.597730,0.453304
9.598140,0.453304
9.598550,0.453303
9.598960,0.453303
9.599370,0.453303
9.599780,0.453302
9.600190,0.453302
9.600600,0.453301
9.601010,0.453301
9.601420,0.453301
9.601830,0.453300
9.602240,0.453300
9.602650,0.453300
9.603060,0.453299
9.603470,0.453299
9.603880,0.453298
9.604290,0.453298
9.604700,0.453298
9.605110,0.453297
9.605520,0.453297
9.605930,0.453297
9.606340,0.453296
9.606750,0.453296
9.607160,0.453295
9.607570,0.453295
9.607980,0.453295
9.608390,0.453294
9.608800,0.453294
9.609210,0.453294
9.609620,0.453293
9.610030,0.453293
9.610440,0.453293
9.610850,0.453292
9.611260,0.453292
9.611670,0.453291
9.612080,0.453291
9.612490,0.453291
9.612900,0.453290
9.613310,0.453290
9.613720,0.453290
9.614130,0.453289
9.614540,0.453289
9.614950,0.453288
9.615361,0.453288
9.615771,0.453287
9.616181,0.453287
9.616591,0.453287
9.617001,0.453286
9.617411,0.453286
9.617821,0.453286
9.618231,0.453285
9.618641,0.453285
9.619051,0.453285
9.619461,0.453284
9.619871,0.453284
9.620281,0.453284
9.620691,0.453283
9.621101,0.453283
9.621511,0.453282
9.621921,0.453282
9.622331,0.453282
9.622741,0.453281
9.623151,0.453281
9.623561,0.453280
9.623971,0.453280
9.624381,0.453280
9.624791,0.453279
9.625201,0.453279
9.625611,0.453279
9.626021,0.453278
9.626431,0.453278
9.626841,0.453278
9.627251,0.453277
9.627661,0.453277
9.628071,0.453277
9.628481,0.453276
9.628891,0.453276
9.629301,0.453275
9.629711,0.453275
9.630121,0.453275
9.630531,0.453274
9.630941,0.453274
9.631351,0.453273
9.631761,0.453273
9.632171,0.453273
9.632581,0.453272
9.632991,0.453272
9.633401,0.453272
9.633811,0.453271
9.634221,0.453271
9.634631,0.453271
9.635041,0.453270
9.635451,0.453270
9.635861,0.453270
9.636271,0.453269
9.636681,0.453269
9.637091,0.453268
9.637501,0.453268
9.637911,0.453268
9.638321,0.453267
9.638731,0.453267
9.639141,0.453267
9.639551,0.453266
9.639961,0.453266
9.640371,0.453266
9.640781,0.453265
9.641191,0.453265
9.641601,0.453264
9.642011,0.453264
9.642421,0.453264
9.642831,0.453263
9.643241,0.453263
9.643651,0.453263
9.644061,0.453262
9.644471,0.453262
9.644881,0.453262
9.645292,0.453261
9.645702,0.453261
9.646112,0.453261
9.646522,0.453260
9.646932,0.453260
9.647342,0.453260
9.647752,0.453259
9.648162,0.453259
9.648572,0.453258
9.648982,0.453258
9.649392,0.453258
9.649802,0.453257
9.650212,0.453257
9.650622,0.453257
9.651032,0.453256
9.651442,0.453256
9.651852,0.453256
9.652262,0.453255
9.652672,0.453255
9.653082,0.453254
9.653492,0.453254
9.653902,0.453254
9.654312,0.453253
9.654722,0.453253
9.655132,0.453253
9.655542,0.453252
9.655952,0.453252
9.656362,0.453251
9.656772,0.453251
9.657182,0.453251
9.657592,0.453251
9.658002,0.453250
9.658412,0.453250
9.658822,0.453250
9.659232,0.453249
9.659642,0.453249
9.660052,0.453248
9.660462,0.453248
9.660872,0.453248
9.661282,0.453247
9.661692,0.453247
9.662102,0.453247
9.662512,0.453246
9.662922,0.453246
9.663332,0.453246
9.663742,0.453245
9.664152,0.453245
9.664562,0.453245
9.664972,0.453244
9.665382,0.453244
9.665792,0.453244
9.666202,0.453243
9.666612,0.453243
9.667022,0.453243
9.667432,0.453242
9.667842,0.453242
9.668252,0.453241
9.668662,0.453241
9.669072,0.453241
9.669482,0.453240
9.669892,0.453240
9.670302,0.453240
9.670712,0.453239
9.671122,0.453239
9.671532,0.453239
9.671942,0.453238
9.672352,0.453238
9.672762,0.453238
9.673172,0.453237
9.673582,0.453237
9.673992,0.453236
9.674402,0.453236
9.674812,0.453236
9.675223,0.453236
9.675633,0.453235
9.676043,0.453235
9.676453,0.453234
9.676863,0.453234
9.677273,0.453234
9.677683,0.453233
9.678093,0.453233
9.678503,0.453233
9.678913,0.453232
9.679323,0.453232
9.679733,0.453232
9.680143,0.453231
9.680553,0.453231
9.680963,0.453231
9.681373,0.453230
9.681783,0.453230
9.682193,0.453230
9.682603,0.453229
9.683013,0.453229
9.683423,0.453229
9.683833,0.453228
9.684243,0.453228
9.684653,0.453228
9.685063,0.453227
9.685473,0.453227
9.685883,0.453227
9.686293,0.453226
9.686703,0.453226
9.687113,0.453225
9.687523,0.453225
9.687933,0.453225
9.688343,0.453224
9.688753,0.453224
9.689163,0.453224
9.689573,0.453224
9.689983,0.453223
9.690393,0.453223
9.690803,0.453222
9.691213,0.453222
9.691623,0.453222
9.692033,0.453221
9.692443,0.453221
9.692853,0.453221
9.693263,0.453220
9.693673,0.453220
9.694083,0.453220
9.694493,0.453219
9.694903,0.453219
9.695313,0.453219
9.695723,0.453219
9.696133,0.453218
9.696543,0.453218
9.696953,0.453217
9.697363,0.453217
9.697773,0.453217
9.698183,0.453216
9.698593,0.453216
9.699003,0.453216
9.699413,0.453215
9.699823,0.453215
9.700233,0.453215
9.700643,0.453214
9.701053,0.453214
9.701463,0.453214
9.701873,0.453213
9.702283,0.453213
9.702693,0.453213
9.703103,0.453212
9.703513,0.453212
9.703923,0.453212
9.704333,0.453211
9.704743,0.453211
9.705154,0.453211
9.705564,0.453211
9.705974,0.453210
9.706384,0.453210
9.706794,0.453209
9.707204,0.453209
9.707614,0.453209
9.708024,0.453208
9.708434,0.453208
9.708844,0.453208
9.709254,0.453207
9.709664,0.453207
9.710074,0.453206
9.710484,0.453206
9.710894,0.453206
9.711304,0.453206
9.711714,0.453205
9.712124,0.453205
9.712534,0.453205
9.712944,0.453204
9.713354,0.453204
9.713764,0.453204
9.714174,0.453203
9.714584,0.453203
9.714994,0.453203
9.715404,0.453202
9.715814,0.453202
9.716224,0.453202
9.716634,0.453201
9.717044,0.453201
9.717454,0.453201
9.717864,0.453200
9.718274,0.453200
9.718684,0.453200
9.719094,0.453199
9.719504,0.453199
9.719914,0.453199
9.720324,0.453198
9.720734,0.453198
9.721144,0.453198
9.721554,0.453198
9.721964,0.453197
9.722374,0.453197
9.722784,0.453196
9.723194,0.453196
9.723604,0.453196
9.724014,0.453195
9.724424,0.453195
9.724834,0.453195
9.725244,0.453194
9.725654,0.453194
9.726064,0.453194
9.726474,0.453193
9.726884,0.453193
9.727294,0.453193
9.727704,0.453193
9.728114,0.453192
9.728524,0.453192
9.728934,0.453192
9.729344,0.453191
9.729754,0.453191
9.730164,0.453191
9.730574,0.453190
9.730984,0.453190
9.731394,0.453190
9.731804,0.453189
9.732214,0.453189
9.732624,0.453189
9.733034,0.453188
9.733444,0.453188
9.733854,0.453188
9.734264,0.453187
9.734674,0.453187
9.735085,0.453187
9.735495,0.453186
9.735905,0.453186
9.736315,0.453186
9.736725,0.453185
9.737135,0.453185
9.737545,0.453185
9.737955,0.453184
9.738365,0.453184
9.738775,0.453184
9.739185,0.453183
9.739595,0.453183
9.740005,0.453183
9.740415,0.453182
9.740825,0.453182
9.741235,0.453182
9.741645,0.453181
9.742055,0.453181
9.742465,0.453181
9.742875,0.453181
9.743285,0.453180
9.743695,0.453180
9.744105,0.453180
9.744515,0.453179
9.744925,0.453179
9.745335,0.453179
9.745745,0.453178
9.746155,0.453178
9.746565,0.453178
9.746975,0.453177
9.747385,0.453177
9.747795,0.453177
9.748205,0.453176
9.748615,0.453176
9.749025,0.453176
9.749435,0.453175
9.749845,0.453175
9.750255,0.453175
9.750665,0.453174
9.751075,0.453174
9.751485,0.453174
9.751895,0.453174
9.752305,0.453173
9.752715,0.453173
9.753125,0.453173
9.753535,0.453172
9.753945,0.453172
9.754355,0.453172
9.754765,0.453171
9.755175,0.453171
9.755585,0.453171
9.755995,0.453170
9.756405,0.453170
9.756815,0.453170
9.757225,0.453170
9.757635,0.453169
9.758045,0.453169
9.758455,0.453168
9.758865,0.453168
9.759275,0.453168
9.759685,0.453167
9.760095,0.453167
9.760505,0.453167
9.760915,0.453167
9.761325,0.453166
9.761735,0.453166
9.762145,0.453166
9.762555,0.453165
9.762965,0.453165
9.763375,0.453165
9.763785,0.453164
9.764195,0.453164
9.764605,0.453164
9.765016,0.453164
9.765426,0.453163
9.765836,0.453163
9.766246,0.453163
9.766656,0.453162
9.767066,0.453162
9.767476,0.453162
9.767886,0.453161
9.768296,0.453161
9.768706,0.453161
9.769116,0.453160
9.769526,0.453160
9.769936,0.453160
9.770346,0.453159
9.770756,0.453159
9.771166,0.453159
9.771576,0.453158
9.771986,0.453158
9.772396,0.453158
9.772806,0.453158
9.773216,0.453157
9.773626,0.453157
9.774036,0.453157
9.774446,0.453156
9.774856,0.453156
9.775266,0.453156
9.775676,0.453155
9.776086,0.453155
9.776496,0.453155
9.776906,0.453155
9.777316,0.453154
9.777726,0.453154
9.778136,0.453154
9.778546,0.453153
9.778956,0.453153
9.779366,0.453153
9.779776,0.453152
9.780186,0.453152
9.780596,0.453152
9.781006,0.453152
9.781416,0.453151
9.781826,0.453151
9.782236,0.453151
9.782646,0.453150
9.783056,0.453150
9.783466,0.453149
9.783876,0.453149
9.784286,0.453149
9.784696,0.453149
9.785106,0.453148
9.785516,0.453148
9.785926,0.453148
9.786336,0.453148
9.786746,0.453147
9.787156,0.453147
9.787566,0.453146
9.787976,0.453146
9.788386,0.453146
9.788796,0.453146
9.789206,0.453145
9.789616,0.453145
9.790026,0.453145
9.790436,0.453144
9.790846,0.453144
9.791256,0.453144
9.791666,0.453144
9.792076,0.453143
9.792486,0.453143
9.792896,0.453143
9.793306,0.453142
9.793716,0.453142
9.794126,0.453142
9.794536,0.453141
9.794946,0.453141
9.795357,0.453141
9.795767,0.453140
9.796177,0.453140
9.796587,0.453140
9.796997,0.453140
9.797407,0.453139
9.797817,0.453139
9.798227,0.453139
9.798637,0.453139
9.799047,0.453138
9.799457,0.453138
9.799867,0.453138
9.800277,0.453137
9.800687,0.453137
9.801097,0.453137
9.801507,0.453136
9.801917,0.453136
9.802327,0.453136
9.802737,0.453135
9.803147,0.453135
9.803557,0.453135
9.803967,0.453134
9.804377,0.453134
9.804787,0.453134
9.805197,0.453134
9.805607,0.453133
9.806017,0.453133
9.806427,0.453133
9.806837,0.453133
9.807247,0.453132
9.807657,0.453132
9.808067,0.453131
9.808477,0.453131
9.808887,0.453131
9.809297,0.453131
9.809707,0.453130
9.810117,0.453130
9.810527,0.453130
9.810937,0.453129
9.811347,0.453129
9.811757,0.453129
9.812167,0.453129
9.812577,0.453128
9.812987,0.453128
9.813397,0.453128
9.813807,0.453127
9.814217,0.453127
9.814627,0.453127
9.815037,0.453127
9.815447,0.453126
9.815857,0.453126
9.816267,0.453126
9.816677,0.453126
9.817087,0.453125
9.817497,0.453125
9.817907,0.453125
9.818317,0.453124
9.818727,0.453124
9.819137,0.453124
9.819547,0.453123
9.819957,0.453123
9.820367,0.453123
9.820777,0.453122
9.821187,0.453122
9.821597,0.453122
9.822007,0.453122
9.822417,0.453121
9.822827,0.453121
9.823237,0.453121
9.823647,0.453120
9.824057,0.453120
9.824467,0.453120
9.824877,0.453120
9.825288,0.453119
9.825698,0.453119
9.826108,0.453119
9.826518,0.453118
9.826928,0.453118
9.827338,0.453118
9.827748,0.453117
9.828158,0.453117
9.828568,0.453117
9.828978,0.453117
9.829388,0.453116
9.829798,0.453116
9.830208,0.453116
9.830618,0.453115
9.831028,0.453115
9.831438,0.453115
9.831848,0.453115
9.832258,0.453114
9.832668,0.453114
9.833078,0.453114
9.833488,0.453113
9.833898,0.453113
9.834308,0.453113
9.834718,0.453113
9.835128,0.453112
9.835538,0.453112
9.835948,0.453112
9.836358,0.453111
9.836768,0.453111
9.837178,0.453111
9.837588,0.453111
9.837998,0.453110
9.838408,0.453110
9.838818,0.453110
9.839228,0.453109
9.839638,0.453109
9.840048,0.453109
9.840458,0.453109
9.840868,0.453108
9.841278,0.453108
9.841688,0.453108
9.842098,0.453108
9.842508,0.453107
9.842918,0.453107
9.843328,0.453107
9.843738,0.453106
9.844148,0.453106
9.844558,0.453106
9.844968,0.453106
9.845378,0.453105
9.845788,0.453105
9.846198,0.453105
9.846608,0.453104
9.847018,0.453104
9.847428,0.453104
9.847838,0.453103
9.848248,0.453103
9.848658,0.453103
9.849068,0.453103
9.849478,0.453102
9.849888,0.453102
9.850298,0.453102
9.850708,0.453102
9.851118,0.453101
9.851528,0.453101
9.851938,0.453101
9.852348,0.453100
9.852758,0.453100
9.853168,0.453100
9.853578,0.453099
9.853988,0.453099
9.854398,0.453099
9.854808,0.453099
9.855219,0.453098
9.855629,0.453098
9.856039,0.453098
9.856449,0.453098
9.856859,0.453097
9.857269,0.453097
9.857679,0.453097
9.858089,0.453097
9.858499,0.453096
9.858909,0.453096
9.859319,0.453096
9.859729,0.453095
9.860139,0.453095
9.860549,0.453095
9.860959,0.453094
9.861369,0.453094
9.861779,0.453094
9.862189,0.453094
9.862599,0.453093
9.863009,0.453093
9.863419,0.453093
9.863829,0.453092
9.864239,0.453092
9.864649,0.453092
9.865059,0.453092
9.865469,0.453092
9.865879,0.453091
9.866289,0.453091
9.866699,0.453091
9.867109,0.453090
9.867519,0.453090
9.867929,0.453090
9.868339,0.453090
9.868749,0.453089
9.869159,0.453089
9.869569,0.453089
9.869979,0.453088
9.870389,0.453088
9.870799,0.453088
9.871209,0.453088
9.871619,0.453087
9.872029,0.453087
9.872439,0.453087
9.872849,0.453087
9.873259,0.453086
9.873669,0.453086
9.874079,0.453086
9.874489,0.453086
9.874899,0.453085
9.875309,0.453085
9.875719,0.453085
9.876129,0.453084
9.876539,0.453084
9.876949,0.453084
9.877359,0.453083
9.877769,0.453083
9.878179,0.453083
9.878589,0.453083
9.878999,0.453082
9.879409,0.453082
9.879819,0.453082
9.880229,0.453082
9.880639,0.453081
9.881049,0.453081
9.881459,0.453081
9.881869,0.453081
9.882279,0.453080
9.882689,0.453080
9.883099,0.453080
9.883509,0.453079
9.883919,0.453079
9.884329,0.453079
9.884739,0.453079
9.885150,0.453078
9.885560,0.453078
9.885970,0.453078
9.886380,0.453077
9.886790,0.453077
9.887200,0.453077
9.887610,0.453077
9.888020,0.453076
9.888430,0.453076
9.888840,0.453076
9.889250,0.453075
9.889660,0.453075
9.890070,0.453075
9.890480,0.453075
9.890890,0.453074
9.891300,0.453074
9.891710,0.453074
9.892120,0.453074
9.892530,0.453073
9.892940,0.453073
9.893350,0.453073
9.893760,0.453073
9.894170,0.453072
9.894580,0.453072
9.894990,0.453072
9.895400,0.453072
9.895810,0.453071
9.896220,0.453071
9.896630,0.453071
9.897040,0.453070
9.897450,0.453070
9.897860,0.453070
9.898270,0.453070
9.898680,0.453069
9.899090,0.453069
9.899500,0.453069
9.899910,0.453069
9.900320,0.453068
9.900730,0.453068
9.901140,0.453068
9.901550,0.453068
9.901960,0.453067
9.902370,0.453067
9.902780,0.453067
9.903190,0.453067
9.903600,0.453066
9.904010,0.453066
9.904420,0.453066
9.904830,0.453066
9.905240,0.453065
9.905650,0.453065
9.906060,0.453065
9.906470,0.453064
9.906880,0.453064
9.907290,0.453064
9.907700,0.453064
9.908110,0.453063
9.908520,0.453063
9.908930,0.453063
9.909340,0.453063
9.909750,0.453062
9.910160,0.453062
9.910570,0.453062
9.910980,0.453061
9.911390,0.453061
9.911800,0.453061
9.912210,0.453061
9.912620,0.453061
9.913030,0.453060
9.913440,0.453060
9.913850,0.453060
9.914260,0.453059
9.914670,0.453059
9.915081,0.453059
9.915491,0.453059
9.915901,0.453058
9.916311,0.453058
9.916721,0.453058
9.917131,0.453058
9.917541,0.453057
9.917951,0.453057
9.918361,0.453057
9.918771,0.453057
9.919181,0.453056
9.919591,0.453056
9.920001,0.453056
9.920411,0.453056
9.920821,0.453055
9.921231,0.453055
9.921641,0.453055
9.922051,0.453055
9.922461,0.453054
9.922871,0.453054
9.923281,0.453054
9.923691,0.453054
9.924101,0.453053
9.924511,0.453053
9.924921,0.453053
9.925331,0.453053
9.925741,0.453052
9.926151,0.453052
9.926561,0.453052
9.926971,0.453051
9.927381,0.453051
9.927791,0.453051
9.928201,0.453051
9.928611,0.453050
9.929021,0.453050
9.929431,0.453050
9.929841,0.453050
9.930251,0.453049
9.930661,0.453049
9.931071,0.453049
9.931481,0.453049
9.931891,0.453048
9.932301,0.453048
9.932711,0.453048
9.933121,0.453047
9.933531,0.453047
9.933941,0.453047
9.934351,0.453047
9.934761,0.453047
9.935171,0.453046
9.935581,0.453046
9.935991,0.453046
9.936401,0.453045
9.936811,0.453045
9.937221,0.453045
9.937631,0.453045
9.938041,0.453044
9.938451,0.453044
9.938861,0.453044
9.939271,0.453044
9.939681,0.453044
9.940091,0.453043
9.940501,0.453043
9.940911,0.453043
9.941321,0.453042
9.941731,0.453042
9.942141,0.453042
9.942551,0.453042
9.942961,0.453041
9.943371,0.453041
9.943781,0.453041
9.944191,0.453041
9.944601,0.453040
9.945012,0.453040
9.945422,0.453040
9.945832,0.453040
9.946242,0.453039
9.946652,0.453039
9.947062,0.453039
9.947472,0.453039
9.947882,0.453038
9.948292,0.453038
9.948702,0.453038
9.949112,0.453038
9.949522,0.453037
9.949932,0.453037
9.950342,0.453037
9.950752,0.453037
9.951162,0.453036
9.951572,0.453036
9.951982,0.453036
9.952392,0.453036
9.952802,0.453035
9.953212,0.453035
9.953622,0.453035
9.954032,0.453035
9.954442,0.453034
9.954852,0.453034
9.955262,0.453034
9.955672,0.453034
9.956082,0.453034
9.956492,0.453033
9.956902,0.453033
9.957312,0.453033
9.957722,0.453032
9.958132,0.453032
9.958542,0.453032
9.958952,0.453032
9.959362,0.453031
9.959772,0.453031
9.960182,0.453031
9.960592,0.453031
9.961002,0.453031
9.961412,0.453030
9.961822,0.453030
9.962232,0.453030
9.962642,0.453030
9.963052,0.453029
9.963462,0.453029
9.963872,0.453029
9.964282,0.453028
9.964692,0.453028
9.965102,0.453028
9.965512,0.453028
9.965922,0.453028
9.966332,0.453027
9.966742,0.453027
9.967152,0.453027
9.967562,0.453026
9.967972,0.453026
9.968382,0.453026
9.968792,0.453026
9.969202,0.453025
9.969612,0.453025
9.970022,0.453025
9.970432,0.453025
9.970842,0.453025
9.971252,0.453024
9.971662,0.453024
9.972072,0.453024
9.972482,0.453023
9.972892,0.453023
9.973302,0.453023
9.973712,0.453023
9.974122,0.453023
9.974532,0.453022
9.974942,0.453022
9.975353,0.453022
9.975763,0.453022
9.976173,0.453022
9.976583,0.453021
9.976993,0.453021
9.977403,0.453021
9.977813,0.453020
9.978223,0.453020
9.978633,0.453020
9.979043,0.453020
9.979453,0.453019
9.979863,0.453019
9.980273,0.453019
9.980683,0.453019
9.981093,0.453018
9.981503,0.453018
9.981913,0.453018
9.982323,0.453018
9.982733,0.453018
9.983143,0.453017
9.983553,0.453017
9.983963,0.453017
9.984373,0.453016
9.984783,0.453016
9.985193,0.453016
9.985603,0.453016
9.986013,0.453015
9.986423,0.453015
9.986833,0.453015
9.987243,0.453015
9.987653,0.453015
9.988063,0.453014
9.988473,0.453014
9.988883,0.453014
9.989293,0.453014
9.989703,0.453013
9.990113,0.453013
9.990523,0.453013
9.990933,0.453013
9.991343,0.453012
9.991753,0.453012
9.992163,0.453012
9.992573,0.453012
9.992983,0.453011
9.993393,0.453011
9.993803,0.453011
9.994213,0.453011
9.994623,0.453011
9.995033,0.453010
9.995443,0.453010
9.995853,0.453010
9.996263,0.453010
9.996673,0.453009
9.997083,0.453009
9.997493,0.453009
9.997903,0.453009
9.998313,0.453009
9.998723,0.453008
9.999133,0.453008
9.999543,0.453008
9.999953,0.453008
10.000363,0.453007
10.000773,0.453007
10.001183,0.453007
10.001593,0.453006
10.002003,0.453006
10.002413,0.453006
10.002823,0.453006
10.003233,0.453006
10.003643,0.453005
10.004053,0.453005
10.004463,0.453005
10.004873,0.453005
10.005284,0.453004
10.005694,0.453004
10.006104,0.453004
10.006514,0.453004
10.006924,0.453003
10.007334,0.453003
10.007744,0.453003
10.008154,0.453003
10.008564,0.453002
10.008974,0.453002
10.009384,0.453002
10.009794,0.453002
10.010204,0.453001
10.010614,0.453001
10.011024,0.453001
10.011434,0.453001
10.011844,0.453001
10.012254,0.453000
10.012664,0.453000
10.013074,0.453000
10.013484,0.453000
10.013894,0.452999
10.014304,0.452999
10.014714,0.452999
10.015124,0.452999
10.015534,0.452998
10.015944,0.452998
10.016354,0.452998
10.016764,0.452998
10.017174,0.452998
10.017584,0.452997
10.017994,0.452997
10.018404,0.452997
10.018814,0.452997
10.019224,0.452997
10.019634,0.452996
10.020044,0.452996
10.020454,0.452996
10.020864,0.452996
10.021274,0.452995
10.021684,0.452995
10.022094,0.452995
10.022504,0.452995
10.022914,0.452994
10.023324,0.452994
10.023734,0.452994
10.024144,0.452994
10.024554,0.452993
10.024964,0.452993
10.025374,0.452993
10.025784,0.452993
10.026194,0.452993
10.026604,0.452992
10.027014,0.452992
10.027424,0.452992
10.027834,0.452992
10.028244,0.452991
10.028654,0.452991
10.029064,0.452991
10.029474,0.452991
10.029884,0.452991
10.030294,0.452990
10.030704,0.452990
10.031114,0.452990
10.031524,0.452990
10.031934,0.452989
10.032344,0.452989
10.032754,0.452989
10.033164,0.452989
10.033574,0.452988
10.033984,0.452988
10.034394,0.452988
10.034804,0.452988
10.035215,0.452987
10.035625,0.452987
10.036035,0.452987
10.036445,0.452987
10.036855,0.452987
10.037265,0.452986
10.037675,0.452986
10.038085,0.452986
10.038495,0.452986
10.038905,0.452986
10.039315,0.452985
10.039725,0.452985
10.040135,0.452985
10.040545,0.452985
10.040955,0.452984
10.041365,0.452984
10.041775,0.452984
10.042185,0.452984
10.042595,0.452984
10.043005,0.452983
10.043415,0.452983
10.043825,0.452983
10.044235,0.452983
10.044645,0.452982
10.045055,0.452982
10.045465,0.452982
10.045875,0.452982
10.046285,0.452981
10.046695,0.452981
10.047105,0.452981
10.047515,0.452981
10.047925,0.452981
10.048335,0.452980
10.048745,0.452980
10.049155,0.452980
10.049565,0.452980
10.049975,0.452980
10.050385,0.452979
10.050795,0.452979
10.051205,0.452979
10.051615,0.452979
10.052025,0.452978
10.052435,0.452978
10.052845,0.452978
10.053255,0.452978
10.053665,0.452977
10.054075,0.452977
10.054485,0.452977
10.054895,0.452977
10.055305,0.452976
10.055715,0.452976
10.056125,0.452976
10.056535,0.452976
10.056945,0.452976
10.057355,0.452975
10.057765,0.452975
10.058175,0.452975
10.058585,0.452975
10.058995,0.452975
10.059405,0.452974
10.059815,0.452974
10.060225,0.452974
10.060635,0.452974
10.061045,0.452974
10.061455,0.452973
10.061865,0.452973
10.062275,0.452973
10.062685,0.452973
10.063095,0.452972
10.063505,0.452972
10.063915,0.452972
10.064325,0.452972
10.064735,0.452971
10.065146,0.452971
10.065556,0.452971
10.065966,0.452971
10.066376,0.452971
10.066786,0.452971
10.067196,0.452970
10.067606,0.452970
10.068016,0.452970
10.068426,0.452970
10.068836,0.452969
10.069246,0.452969
10.069656,0.452969
10.070066,0.452969
10.070476,0.452969
10.070886,0.452968
10.071296,0.452968
10.071706,0.452968
10.072116,0.452968
10.072526,0.452967
10.072936,0.452967
10.073346,0.452967
10.073756,0.452967
10.074166,0.452966
10.074576,0.452966
10.074986,0.452966
10.075396,0.452966
10.075806,0.452966
10.076216,0.452965
10.076626,0.452965
10.077036,0.452965
10.077446,0.452965
10.077856,0.452965
10.078266,0.452965
10.078676,0.452964
10.079086,0.452964
10.079496,0.452964
10.079906,0.452964
10.080316,0.452963
10.080726,0.452963
10.081136,0.452963
10.081546,0.452963
10.081956,0.452962
10.082366,0.452962
10.082776,0.452962
10.083186,0.452962
10.083596,0.452962
10.084006,0.452961
10.084416,0.452961
10.084826,0.452961
10.085236,0.452961
10.085646,0.452961
10.086056,0.452960
10.086466,0.452960
10.086876,0.452960
10.087286,0.452960
10.087696,0.452959
10.088106,0.452959
10.088516,0.452959
10.088926,0.452959
10.089336,0.452959
10.089746,0.452958
10.090156,0.452958
10.090566,0.452958
10.090976,0.452958
10.091386,0.452957
10.091796,0.452957
10.092206,0.452957
10.092616,0.452957
10.093026,0.452957
10.093436,0.452956
10.093846,0.452956
10.094256,0.452956
10.094666,0.452956
10.095077,0.452956
10.095487,0.452955
10.095897,0.452955
10.096307,0.452955
10.096717,0.452955
10.097127,0.452955
10.097537,0.452954
10.097947,0.452954
10.098357,0.452954
10.098767,0.452954
10.099177,0.452954
10.099587,0.452953
10.099997,0.452953
10.100407,0.452953
10.100817,0.452953
10.101227,0.452953
10.101637,0.452952
10.102047,0.452952
10.102457,0.452952
10.102867,0.452952
10.103277,0.452951
10.103687,0.452951
10.104097,0.452951
10.104507,0.452951
10.104917,0.452951
10.105327,0.452950
10.105737,0.452950
10.106147,0.452950
10.106557,0.452950
10.106967,0.452950
10.107377,0.452949
10.107787,0.452949
10.108197,0.452949
10.108607,0.452949
10.109017,0.452949
10.109427,0.452948
10.109837,0.452948
10.110247,0.452948
10.110657,0.452948
10.111067,0.452947
10.111477,0.452947
10.111887,0.452947
10.112297,0.452947
10.112707,0.452947
10.113117,0.452946
10.113527,0.452946
10.113937,0.452946
10.114347,0.452946
10.114757,0.452946
10.115167,0.452945
10.115577,0.452945
10.115987,0.452945
10.116397,0.452945
10.116807,0.452945
10.117217,0.452944
10.117627,0.452944
10.118037,0.452944
10.118447,0.452944
10.118857,0.452943
10.119267,0.452943
10.119677,0.452943
10.120087,0.452943
10.120497,0.452943
10.120907,0.452942
10.121317,0.452942
10.121727,0.452942
10.122137,0.452942
10.122547,0.452942
10.122957,0.452942
10.123367,0.452941
10.123777,0.452941
10.124187,0.452941
10.124597,0.452941
10.125008,0.452941
10.125418,0.452940
10.125828,0.452940
10.126238,0.452940
10.126648,0.452940
10.127058,0.452940
10.127468,0.452939
10.127878,0.452939
10.128288,0.452939
10.128698,0.452939
10.129108,0.452938
10.129518,0.452938
10.129928,0.452938
10.130338,0.452938
10.130748,0.452938
10.131158,0.452938
10.131568,0.452937
10.131978,0.452937
10.132388,0.452937
10.132798,0.452937
10.133208,0.452936
10.133618,0.452936
10.134028,0.452936
10.134438,0.452936
10.134848,0.452936
10.135258,0.452935
10.135668,0.452935
10.136078,0.452935
10.136488,0.452935
10.136898,0.452935
10.137308,0.452934
10.137718,0.452934
10.138128,0.452934
10.138538,0.452934
10.138948,0.452934
10.139358,0.452933
10.139768,0.452933
10.140178,0.452933
10.140588,0.452933
10.140998,0.452933
10.141408,0.452932
10.141818,0.452932
10.142228,0.452932
10.142638,0.452932
10.143048,0.452932
10.143458,0.452931
10.143868,0.452931
10.144278,0.452931
10.144688,0.452931
10.145098,0.452931
10.145508,0.452931
10.145918,0.452930
10.146328,0.452930
10.146738,0.452930
10.147148,0.452930
10.147558,0.452929
10.147968,0.452929
10.148378,0.452929
10.148788,0.452929
10.149198,0.452929
10.149608,0.452928
10.150018,0.452928
10.150428,0.452928
10.150838,0.452928
10.151248,0.452928
10.151658,0.452927
10.152068,0.452927
10.152478,0.452927
10.152888,0.452927
10.153298,0.452927
10.153708,0.452926
10.154118,0.452926
10.154528,0.452926
10.154938,0.452926
10.155349,0.452926
10.155759,0.452925
10.156169,0.452925
10.156579,0.452925
10.156989,0.452925
10.157399,0.452925
10.157809,0.452925
10.158219,0.452924
10.158629,0.452924
10.159039,0.452924
10.159449,0.452924
10.159859,0.452923
10.160269,0.452923
10.160679,0.452923
10.161089,0.452923
10.161499,0.452923
10.161909,0.452922
10.162319,0.452922
10.162729,0.452922
10.163139,0.452922
10.163549,0.452922
10.163959,0.452922
10.164369,0.452921
10.164779,0.452921
10.165189,0.452921
10.165599,0.452921
10.166009,0.452921
10.166419,0.452920
10.166829,0.452920
10.167239,0.452920
10.167649,0.452920
10.168059,0.452920
10.168469,0.452919
10.168879,0.452919
10.169289,0.452919
10.169699,0.452919
10.170109,0.452919
10.170519,0.452918
10.170929,0.452918
10.171339,0.452918
10.171749,0.452918
10.172159,0.452918
10.172569,0.452917
10.172979,0.452917
10.173389,0.452917
10.173799,0.452917
10.174209,0.452917
10.174619,0.452917
10.175029,0.452916
10.175439,0.452916
10.175849,0.452916
10.176259,0.452916
10.176669,0.452916
10.177079,0.452915
10.177489,0.452915
10.177899,0.452915
10.178309,0.452915
10.178719,0.452915
10.179129,0.452914
10.179539,0.452914
10.179949,0.452914
10.180359,0.452914
10.180769,0.452914
10.181179,0.452913
10.181589,0.452913
10.181999,0.452913
10.182409,0.452913
10.182819,0.452913
10.183229,0.452913
10.183639,0.452912
10.184049,0.452912
10.184459,0.452912
10.184869,0.452912
10.185280,0.452911
10.185690,0.452911
10.186100,0.452911
10.186510,0.452911
10.186920,0.452911
10.187330,0.452911
10.187740,0.452910
10.188150,0.452910
10.188560,0.452910
10.188970,0.452910
10.189380,0.452910
10.189790,0.452910
10.190200,0.452909
10.190610,0.452909
10.191020,0.452909
10.191430,0.452909
10.191840,0.452909
10.192250,0.452908
10.192660,0.452908
10.193070,0.452908
10.193480,0.452908
10.193890,0.452907
10.194300,0.452907
10.194710,0.452907
10.195120,0.452907
10.195530,0.452907
10.195940,0.452907
10.196350,0.452906
10.196760,0.452906
10.197170,0.452906
10.197580,0.452906
10.197990,0.452906
10.198400,0.452906
10.198810,0.452905
10.199220,0.452905
10.199630,0.452905
10.200040,0.452905
10.200450,0.452905
10.200860,0.452904
10.201270,0.452904
10.201680,0.452904
10.202090,0.452904
10.202500,0.452903
10.202910,0.452903
10.203320,0.452903
10.203730,0.452903
10.204140,0.452903
10.204550,0.452903
10.204960,0.452903
10.205370,0.452902
10.205780,0.452902
10.206190,0.452902
10.206600,0.452902
10.207010,0.452902
10.207420,0.452902
10.207830,0.452901
10.208240,0.452901
10.208650,0.452901
10.209060,0.452901
10.209470,0.452901
10.209880,0.452900
10.210290,0.452900
10.210700,0.452900
10.211110,0.452900
10.211520,0.452900
10.211930,0.452899
10.212340,0.452899
10.212750,0.452899
10.213160,0.452899
10.213570,0.452899
10.213980,0.452898
10.214390,0.452898
10.214800,0.452898
10.215211,0.452898
10.215621,0.452898
10.216031,0.452897
10.216441,0.452897
10.216851,0.452897
10.217261,0.452897
10.217671,0.452897
10.218081,0.452896
10.218491,0.452896
10.218901,0.452896
10.219311,0.452896
10.219721,0.452896
10.220131,0.452896
10.220541,0.452896
10.220951,0.452896
10.221361,0.452895
10.221771,0.452895
10.222181,0.452895
10.222591,0.452895
10.223001,0.452895
10.223411,0.452894
10.223821,0.452894
10.224231,0.452894
10.224641,0.452894
10.225051,0.452894
10.225461,0.452893
10.225871,0.452893
10.226281,0.452893
10.226691,0.452893
10.227101,0.452893
10.227511,0.452893
10.227921,0.452892
10.228331,0.452892
10.228741,0.452892
10.229151,0.452892
10.229561,0.452892
10.229971,0.452892
10.230381,0.452891
10.230791,0.452891
10.231201,0.452891
10.231611,0.452891
10.232021,0.452891
10.232431,0.452890
10.232841,0.452890
10.233251,0.452890
10.233661,0.452890
10.234071,0.452890
10.234481,0.452889
10.234891,0.452889
10.235301,0.452889
10.235711,0.452889
10.236121,0.452889
10.236531,0.452888
10.236941,0.452888
10.237351,0.452888
10.237761,0.452888
10.238171,0.452888
10.238581,0.452888
10.238991,0.452887
10.239401,0.452887
10.239811,0.452887
10.240221,0.452887
10.240631,0.452887
10.241041,0.452887
10.241451,0.452886
10.241861,0.452886
10.242271,0.452886
10.242681,0.452886
10.243091,0.452886
10.243501,0.452885
10.243911,0.452885
10.244321,0.452885
10.244731,0.452885
10.245142,0.452885
10.245552,0.452884
10.245962,0.452884
10.246372,0.452884
10.246782,0.452884
10.247192,0.452884
10.247602,0.452884
10.248012,0.452884
10.248422,0.452883
10.248832,0.452883
10.249242,0.452883
10.249652,0.452883
10.250062,0.452883
10.250472,0.452882
10.250882,0.452882
10.251292,0.452882
10.251702,0.452882
10.252112,0.452882
10.252522,0.452882
10.252932,0.452881
10.253342,0.452881
10.253752,0.452881
10.254162,0.452881
10.254572,0.452881
10.254982,0.452881
10.255392,0.452880
10.255802,0.452880
10.256212,0.452880
10.256622,0.452880
10.257032,0.452879
10.257442,0.452879
10.257852,0.452879
10.258262,0.452879
10.258672,0.452879
10.259082,0.452879
10.259492,0.452879
10.259902,0.452878
10.260312,0.452878
10.260722,0.452878
10.261132,0.452878
10.261542,0.452878
10.261952,0.452878
10.262362,0.452878
10.262772,0.452877
10.263182,0.452877
10.263592,0.452877
10.264002,0.452877
10.264412,0.452877
10.264822,0.452876
10.265232,0.452876
10.265642,0.452876
10.266052,0.452876
10.266462,0.452876
10.266872,0.452875
10.267282,0.452875
10.267692,0.452875
10.268102,0.452875
10.268512,0.452875
10.268922,0.452874
10.269332,0.452874
10.269742,0.452874
10.270152,0.452874
10.270562,0.452874
10.270972,0.452874
10.271382,0.452874
10.271792,0.452873
10.272202,0.452873
10.272612,0.452873
10.273022,0.452873
10.273432,0.452873
10.273842,0.452872
10.274252,0.452872
10.274662,0.452872
10.275073,0.452872
10.275483,0.452872
10.275893,0.452872
10.276303,0.452871
10.276713,0.452871
10.277123,0.452871
10.277533,0.452871
10.277943,0.452871
10.278353,0.452871
10.278763,0.452870
10.279173,0.452870
10.279583,0.452870
10.279993,0.452870
10.280403,0.452870
10.280813,0.452870
10.281223,0.452869
10.281633,0.452869
10.282043,0.452869
10.282453,0.452869
10.282863,0.452869
10.283273,0.452869
10.283683,0.452868
10.284093,0.452868
10.284503,0.452868
10.284913,0.452868
10.285323,0.452868
10.285733,0.452868
10.286143,0.452867
10.286553,0.452867
10.286963,0.452867
10.287373,0.452867
10.287783,0.452867
10.288193,0.452867
10.288603,0.452866
10.289013,0.452866
10.289423,0.452866
10.289833,0.452866
10.290243,0.452866
10.290653,0.452866
10.291063,0.452866
10.291473,0.452865
10.291883,0.452865
10.292293,0.452865
10.292703,0.452865
10.293113,0.452865
10.293523,0.452864
10.293933,0.452864
10.294343,0.452864
10.294753,0.452864
10.295163,0.452864
10.295573,0.452864
10.295983,0.452863
10.296393,0.452863
10.296803,0.452863
10.297213,0.452863
10.297623,0.452863
10.298033,0.452863
10.298443,0.452862
10.298853,0.452862
10.299263,0.452862
10.299673,0.452862
10.300083,0.452862
10.300493,0.452862
10.300903,0.452861
10.301313,0.452861
10.301723,0.452861
10.302133,0.452861
10.302543,0.452861
10.302953,0.452861
10.303363,0.452860
10.303773,0.452860
10.304183,0.452860
10.304593,0.452860
10.305004,0.452860
10.305414,0.452860
10.305824,0.452860
10.306234,0.452859
10.306644,0.452859
10.307054,0.452859
10.307464,0.452859
10.307874,0.452859
10.308284,0.452859
10.308694,0.452858
10.309104,0.452858
10.309514,0.452858
10.309924,0.452858
10.310334,0.452858
10.310744,0.452857
10.311154,0.452857
10.311564,0.452857
10.311974,0.452857
10.312384,0.452857
10.312794,0.452857
10.313204,0.452857
10.313614,0.452856
10.314024,0.452856
10.314434,0.452856
10.314844,0.452856
10.315254,0.452856
10.315664,0.452855
10.316074,0.452855
10.316484,0.452855
10.316894,0.452855
10.317304,0.452855
10.317714,0.452855
10.318124,0.452855
10.318534,0.452854
10.318944,0.452854
10.319354,0.452854
10.319764,0.452854
10.320174,0.452854
10.320584,0.452854
10.320994,0.452853
10.321404,0.452853
10.321814,0.452853
10.322224,0.452853
10.322634,0.452853
10.323044,0.452853
10.323454,0.452852
10.323864,0.452852
10.324274,0.452852
10.324684,0.452852
10.325094,0.452852
10.325504,0.452852
10.325914,0.452851
10.326324,0.452851
10.326734,0.452851
10.327144,0.452851
10.327554,0.452851
10.327964,0.452851
10.328374,0.452851
10.328784,0.452851
10.329194,0.452850
10.329604,0.452850
10.330014,0.452850
10.330424,0.452850
10.330834,0.452850
10.331244,0.452849
10.331654,0.452849
10.332064,0.452849
10.332474,0.452849
10.332884,0.452849
10.333294,0.452849
10.333704,0.452848
10.334114,0.452848
10.334524,0.452848
10.334934,0.452848
10.335345,0.452848
10.335755,0.452848
10.336165,0.452847
10.336575,0.452847
10.336985,0.452847
10.337395,0.452847
10.337805,0.452847
10.338215,0.452847
10.338625,0.452846
10.339035,0.452846
10.339445,0.452846
10.339855,0.452846
10.340265,0.452846
10.340675,0.452846
10.341085,0.452846
10.341495,0.452845
10.341905,0.452845
10.342315,0.452845
10.342725,0.452845
10.343135,0.452845
10.343545,0.452845
10.343955,0.452845
10.344365,0.452844
10.344775,0.452844
10.345185,0.452844
10.345595,0.452844
10.346005,0.452844
10.346415,0.452844
10.346825,0.452843
10.347235,0.452843
10.347645,0.452843
10.348055,0.452843
10.348465,0.452843
10.348875,0.452843
10.349285,0.452843
10.349695,0.452842
10.350105,0.452842
10.350515,0.452842
10.350925,0.452842
10.351335,0.452842
10.351745,0.452841
10.352155,0.452841
10.352565,0.452841
10.352975,0.452841
10.353385,0.452841
10.353795,0.452841
10.354205,0.452841
10.354615,0.452840
10.355025,0.452840
10.355435,0.452840
10.355845,0.452840
10.356255,0.452840
10.356665,0.452840
10.357075,0.452840
10.357485,0.452839
10.357895,0.452839
10.358305,0.452839
10.358715,0.452839
10.359125,0.452839
10.359535,0.452839
10.359945,0.452839
10.360355,0.452838
10.360765,0.452838
10.361175,0.452838
10.361585,0.452838
10.361995,0.452838
10.362405,0.452838
10.362815,0.452837
10.363225,0.452837
10.363635,0.452837
10.364045,0.452837
10.364455,0.452837
10.364865,0.452837
10.365276,0.452836
10.365686,0.452836
10.366096,0.452836
10.366506,0.452836
10.366916,0.452836
10.367326,0.452836
10.367736,0.452836
10.368146,0.452835
10.368556,0.452835
10.368966,0.452835
10.369376,0.452835
10.369786,0.452835
10.370196,0.452835
10.370606,0.452834
10.371016,0.452834
10.371426,0.452834
10.371836,0.452834
10.372246,0.452834
10.372656,0.452834
10.373066,0.452833
10.373476,0.452833
10.373886,0.452833
10.374296,0.452833
10.374706,0.452833
10.375116,0.452833
10.375526,0.452833
10.375936,0.452832
10.376346,0.452832
10.376756,0.452832
10.377166,0.452832
10.377576,0.452832
10.377986,0.452832
10.378396,0.452831
10.378806,0.452831
10.379216,0.452831
10.379626,0.452831
10.380036,0.452831
10.380446,0.452831
10.380856,0.452831
10.381266,0.452830
10.381676,0.452830
10.382086,0.452830
10.382496,0.452830
10.382906,0.452830
10.383316,0.452830
10.383726,0.452829
10.384136,0.452829
10.384546,0.452829
10.384956,0.452829
10.385366,0.452829
10.385776,0.452829
10.386186,0.452829
10.386596,0.452828
10.387006,0.452828
10.387416,0.452828
10.387826,0.452828
10.388236,0.452828
10.388646,0.452828
10.389056,0.452827
10.389466,0.452827
10.389876,0.452827
10.390286,0.452827
10.390696,0.452827
10.391106,0.452827
10.391516,0.452827
10.391926,0.452827
10.392336,0.452826
10.392746,0.452826
10.393156,0.452826
10.393566,0.452826
10.393976,0.452826
10.394386,0.452826
10.394796,0.452826
10.395207,0.452826
10.395617,0.452825
10.396027,0.452825
10.396437,0.452825
10.396847,0.452825
10.397257,0.452825
10.397667,0.452825
10.398077,0.452824
10.398487,0.452824
10.398897,0.452824
10.399307,0.452824
10.399717,0.452824
10.400127,0.452824
10.400537,0.452823
10.400947,0.452823
10.401357,0.452823
10.401767,0.452823
10.402177,0.452823
10.402587,0.452823
10.402997,0.452823
10.403407,0.452822
10.403817,0.452822
10.404227,0.452822
10.404637,0.452822
10.405047,0.452822
10.405457,0.452822
10.405867,0.452822
10.406277,0.452821
10.406687,0.452821
10.407097,0.452821
10.407507,0.452821
10.407917,0.452821
10.408327,0.452821
10.408737,0.452820
10.409147,0.452820
10.409557,0.452820
10.409967,0.452820
10.410377,0.452820
10.410787,0.452820
10.411197,0.452820
10.411607,0.452820
10.412017,0.452819
10.412427,0.452819
10.412837,0.452819
10.413247,0.452819
10.413657,0.452819
10.414067,0.452819
10.414477,0.452818
10.414887,0.452818
10.415297,0.452818
10.415707,0.452818
10.416117,0.452818
10.416527,0.452818
10.416937,0.452818
10.417347,0.452817
10.417757,0.452817
10.418167,0.452817
10.418577,0.452817
10.418987,0.452817
10.419397,0.452817
10.419807,0.452817
10.420217,0.452816
10.420627,0.452816
10.421037,0.452816
10.421447,0.452816
10.421857,0.452816
10.422267,0.452816
10.422677,0.452816
10.423087,0.452816
10.423497,0.452815
10.423907,0.452815
10.424317,0.452815
10.424727,0.452815
10.425138,0.452815
10.425548,0.452815
10.425958,0.452814
10.426368,0.452814
10.426778,0.452814
10.427188,0.452814
10.427598,0.452814
10.428008,0.452814
10.428418,0.452814
10.428828,0.452814
10.429238,0.452813
10.429648,0.452813
10.430058,0.452813
10.430468,0.452813
10.430878,0.452813
10.431288,0.452812
10.431698,0.452812
10.432108,0.452812
10.432518,0.452812
10.432928,0.452812
10.433338,0.452812
10.433748,0.452812
10.434158,0.452812
10.434568,0.452811
10.434978,0.452811
10.435388,0.452811
10.435798,0.452811
10.436208,0.452811
10.436618,0.452811
10.437028,0.452811
10.437438,0.452811
10.437848,0.452810
10.438258,0.452810
10.438668,0.452810
10.439078,0.452810
10.439488,0.452810
10.439898,0.452810
10.440308,0.452809
10.440718,0.452809
10.441128,0.452809
10.441538,0.452809
10.441948,0.452809
10.442358,0.452809
10.442768,0.452809
10.443178,0.452808
10.443588,0.452808
10.443998,0.452808
10.444408,0.452808
10.444818,0.452808
10.445228,0.452808
10.445638,0.452808
10.446048,0.452808
10.446458,0.452807
10.446868,0.452807
10.447278,0.452807
10.447688,0.452807
10.448098,0.452807
10.448508,0.452807
10.448918,0.452806
10.449328,0.452806
10.449738,0.452806
10.450148,0.452806
10.450558,0.452806
10.450968,0.452806
10.451378,0.452806
10.451788,0.452806
10.452198,0.452805
10.452608,0.452805
10.453018,0.452805
10.453428,0.452805
10.453838,0.452805
10.454248,0.452805
10.454658,0.452805
10.455069,0.452804
10.455479,0.452804
10.455889,0.452804
10.456299,0.452804
10.456709,0.452804
10.457119,0.452804
10.457529,0.452804
10.457939,0.452804
10.458349,0.452803
10.458759,0.452803
10.459169,0.452803
10.459579,0.452803
10.459989,0.452803
10.460399,0.452803
10.460809,0.452803
10.461219,0.452802
10.461629,0.452802
10.462039,0.452802
10.462449,0.452802
10.462859,0.452802
10.463269,0.452802
10.463679,0.452802
10.464089,0.452802
10.464499,0.452801
10.464909,0.452801
10.465319,0.452801
10.465729,0.452801
10.466139,0.452801
10.466549,0.452801
10.466959,0.452800
10.467369,0.452800
10.467779,0.452800
10.468189,0.452800
10.468599,0.452800
10.469009,0.452800
10.469419,0.452800
10.469829,0.452799
10.470239,0.452799
10.470649,0.452799
10.471059,0.452799
10.471469,0.452799
10.471879,0.452799
10.472289,0.452799
10.472699,0.452798
10.473109,0.452798
10.473519,0.452798
10.473929,0.452798
10.474339,0.452798
10.474749,0.452798
10.475159,0.452798
10.475569,0.452798
10.475979,0.452797
10.476389,0.452797
10.476799,0.452797
10.477209,0.452797
10.477619,0.452797
10.478029,0.452797
10.478439,0.452797
10.478849,0.452797
10.479259,0.452797
10.479669,0.452796
10.480079,0.452796
10.480489,0.452796
10.480899,0.452796
10.481309,0.452796
10.481719,0.452796
10.482129,0.452796
10.482539,0.452795
10.482949,0.452795
10.483359,0.452795
10.483769,0.452795
10.484179,0.452795
10.484589,0.452795
10.484999,0.452795
10.485410,0.452795
10.485820,0.452794
10.486230,0.452794
10.486640,0.452794
10.487050,0.452794
10.487460,0.452794
10.487870,0.452794
10.488280,0.452793
10.488690,0.452793
10.489100,0.452793
10.489510,0.452793
10.489920,0.452793
10.490330,0.452793
10.490740,0.452793
10.491150,0.452793
10.491560,0.452792
10.491970,0.452792
10.492380,0.452792
10.492790,0.452792
10.493200,0.452792
10.493610,0.452792
10.494020,0.452792
10.494430,0.452791
10.494840,0.452791
10.495250,0.452791
10.495660,0.452791
10.496070,0.452791
10.496480,0.452791
10.496890,0.452791
10.497300,0.452791
10.497710,0.452791
10.498120,0.452790
10.498530,0.452790
10.498940,0.452790
10.499350,0.452790
10.499760,0.452790
10.500170,0.452790
10.500580,0.452790
10.500990,0.452789
10.501400,0.452789
10.501810,0.452789
10.502220,0.452789
10.502630,0.452789
10.503040,0.452789
10.503450,0.452789
10.503860,0.452789
10.504270,0.452788
10.504680,0.452788
10.505090,0.452788
10.505500,0.452788
10.505910,0.452788
10.506320,0.452788
10.506730,0.452788
10.507140,0.452788
10.507550,0.452787
10.507960,0.452787
10.508370,0.452787
10.508780,0.452787
10.509190,0.452787
10.509600,0.452786
10.510010,0.452786
10.510420,0.452786
10.510830,0.452786
10.511240,0.452786
10.511650,0.452786
10.512060,0.452786
10.512470,0.452786
10.512880,0.452785
10.513290,0.452785
10.513700,0.452785
10.514110,0.452785
10.514520,0.452785
10.514930,0.452785
10.515341,0.452785
10.515751,0.452785
10.516161,0.452785
10.516571,0.452784
10.516981,0.452784
10.517391,0.452784
10.517801,0.452784
10.518211,0.452784
10.518621,0.452784
10.519031,0.452784
10.519441,0.452784
10.519851,0.452784
10.520261,0.452783
10.520671,0.452783
10.521081,0.452783
10.521491,0.452783
10.521901,0.452783
10.522311,0.452783
10.522721,0.452783
10.523131,0.452783
10.523541,0.452782
10.523951,0.452782
10.524361,0.452782
10.524771,0.452782
10.525181,0.452782
10.525591,0.452782
10.526001,0.452782
10.526411,0.452781
10.526821,0.452781
10.527231,0.452781
10.527641,0.452781
10.528051,0.452781
10.528461,0.452781
10.528871,0.452781
10.529281,0.452781
10.529691,0.452780
10.530101,0.452780
10.530511,0.452780
10.530921,0.452780
10.531331,0.452780
10.531741,0.452780
10.532151,0.452780
10.532561,0.452780
10.532971,0.452779
10.533381,0.452779
10.533791,0.452779
10.534201,0.452779
10.534611,0.452779
10.535021,0.452779
10.535431,0.452779
10.535841,0.452779
10.536251,0.452778
10.536661,0.452778
10.537071,0.452778
10.537481,0.452778
10.537891,0.452778
10.538301,0.452778
10.538711,0.452778
10.539121,0.452778
10.539531,0.452777
10.539941,0.452777
10.540351,0.452777
10.540761,0.452777
10.541171,0.452777
10.541581,0.452777
10.541991,0.452777
10.542401,0.452777
10.542811,0.452776
10.543221,0.452776
10.543631,0.452776
10.544041,0.452776
10.544451,0.452776
10.544861,0.452776
10.545272,0.452776
10.545682,0.452776
10.546092,0.452775
10.546502,0.452775
10.546912,0.452775
10.547322,0.452775
10.547732,0.452775
10.548142,0.452775
10.548552,0.452775
10.548962,0.452775
10.549372,0.452774
10.549782,0.452774
10.550192,0.452774
10.550602,0.452774
10.551012,0.452774
10.551422,0.452774
10.551832,0.452774
10.552242,0.452774
10.552652,0.452773
10.553062,0.452773
10.553472,0.452773
10.553882,0.452773
10.554292,0.452773
10.554702,0.452773
10.555112,0.452773
10.555522,0.452772
10.555932,0.452772
10.556342,0.452772
10.556752,0.452772
10.557162,0.452772
10.557572,0.452772
10.557982,0.452772
10.558392,0.452772
10.558802,0.452772
10.559212,0.452772
10.559622,0.452771
10.560032,0.452771
10.560442,0.452771
10.560852,0.452771
10.561262,0.452771
10.561672,0.452771
10.562082,0.452771
10.562492,0.452771
10.562902,0.452770
10.563312,0.452770
10.563722,0.452770
10.564132,0.452770
10.564542,0.452770
10.564952,0.452770
10.565362,0.452770
10.565772,0.452769
10.566182,0.452769
10.566592,0.452769
10.567002,0.452769
10.567412,0.452769
10.567822,0.452769
10.568232,0.452769
10.568642,0.452769
10.569052,0.452769
10.569462,0.452768
10.569872,0.452768
10.570282,0.452768
10.570692,0.452768
10.571102,0.452768
10.571512,0.452768
10.571922,0.452768
10.572332,0.452768
10.572742,0.452768
10.573152,0.452767
10.573562,0.452767
10.573972,0.452767
10.574382,0.452767
10.574792,0.452767
10.575203,0.452767
10.575613,0.452767
10.576023,0.452766
10.576433,0.452766
10.576843,0.452766
10.577253,0.452766
10.577663,0.452766
10.578073,0.452766
10.578483,0.452766
10.578893,0.452766
10.579303,0.452765
10.579713,0.452765
10.580123,0.452765
10.580533,0.452765
10.580943,0.452765
10.581353,0.452765
10.581763,0.452765
10.582173,0.452765
10.582583,0.452765
10.582993,0.452764
10.583403,0.452764
10.583813,0.452764
10.584223,0.452764
10.584633,0.452764
10.585043,0.452764
10.585453,0.452764
10.585863,0.452764
10.586273,0.452763
10.586683,0.452763
10.587093,0.452763
10.587503,0.452763
10.587913,0.452763
10.588323,0.452763
10.588733,0.452763
10.589143,0.452763
10.589553,0.452763
10.589963,0.452762
10.590373,0.452762
10.590783,0.452762
10.591193,0.452762
10.591603,0.452762
10.592013,0.452762
10.592423,0.452762
10.592833,0.452762
10.593243,0.452762
10.593653,0.452761
10.594063,0.452761
10.594473,0.452761
10.594883,0.452761
10.595293,0.452761
10.595703,0.452761
10.596113,0.452761
10.596523,0.452761
10.596933,0.452761
10.597343,0.452760
10.597753,0.452760
10.598163,0.452760
10.598573,0.452760
10.598983,0.452760
10.599393,0.452760
10.599803,0.452760
10.600213,0.452760
10.600623,0.452760
10.601033,0.452759
10.601443,0.452759
10.601853,0.452759
10.602263,0.452759
10.602673,0.452759
10.603083,0.452759
10.603493,0.452759
10.603903,0.452759
10.604313,0.452758
10.604723,0.452758
10.605134,0.452758
10.605544,0.452758
10.605954,0.452758
10.606364,0.452758
10.606774,0.452758
10.607184,0.452758
10.607594,0.452757
10.608004,0.452757
10.608414,0.452757
10.608824,0.452757
10.609234,0.452757
10.609644,0.452757
10.610054,0.452757
10.610464,0.452757
10.610874,0.452756
10.611284,0.452756
10.611694,0.452756
10.612104,0.452756
10.612514,0.452756
10.612924,0.452756
10.613334,0.452756
10.613744,0.452756
10.614154,0.452756
10.614564,0.452755
10.614974,0.452755
10.615384,0.452755
10.615794,0.452755
10.616204,0.452755
10.616614,0.452755
10.617024,0.452755
10.617434,0.452755
10.617844,0.452754
10.618254,0.452754
10.618664,0.452754
10.619074,0.452754
10.619484,0.452754
10.619894,0.452754
10.620304,0.452754
10.620714,0.452754
10.621124,0.452754
10.621534,0.452754
10.621944,0.452753
10.622354,0.452753
10.622764,0.452753
10.623174,0.452753
10.623584,0.452753
10.623994,0.452753
10.624404,0.452753
10.624814,0.452753
10.625224,0.452752
10.625634,0.452752
10.626044,0.452752
10.626454,0.452752
10.626864,0.452752
10.627274,0.452752
10.627684,0.452752
10.628094,0.452752
10.628504,0.452752
10.628914,0.452752
10.629324,0.452751
10.629734,0.452751
10.630144,0.452751
10.630554,0.452751
10.630964,0.452751
10.631374,0.452751
10.631784,0.452751
10.632194,0.452750
10.632604,0.452750
10.633014,0.452750
10.633424,0.452750
10.633834,0.452750
10.634244,0.452750
10.634654,0.452750
10.635065,0.452750
10.635475,0.452750
10.635885,0.452750
10.636295,0.452750
10.636705,0.452749
10.637115,0.452749
10.637525,0.452749
10.637935,0.452749
10.638345,0.452749
10.638755,0.452749
10.639165,0.452749
10.639575,0.452749
10.639985,0.452749
10.640395,0.452748
10.640805,0.452748
10.641215,0.452748
10.641625,0.452748
10.642035,0.452748
10.642445,0.452748
10.642855,0.452748
10.643265,0.452748
10.643675,0.452747
10.644085,0.452747
10.644495,0.452747
10.644905,0.452747
10.645315,0.452747
10.645725,0.452747
10.646135,0.452747
10.646545,0.452747
10.646955,0.452747
10.647365,0.452746
10.647775,0.452746
10.648185,0.452746
10.648595,0.452746
10.649005,0.452746
10.649415,0.452746
10.649825,0.452746
10.650235,0.452746
10.650645,0.452746
10.651055,0.452745
10.651465,0.452745
10.651875,0.452745
10.652285,0.452745
10.652695,0.452745
10.653105,0.452745
10.653515,0.452745
10.653925,0.452745
10.654335,0.452745
10.654745,0.452744
10.655155,0.452744
10.655565,0.452744
10.655975,0.452744
10.656385,0.452744
10.656795,0.452744
10.657205,0.452744
10.657615,0.452744
10.658025,0.452744
10.658435,0.452744
10.658845,0.452744
10.659255,0.452744
10.659665,0.452743
10.660075,0.452743
10.660485,0.452743
10.660895,0.452743
10.661305,0.452743
10.661715,0.452743
10.662125,0.452743
10.662535,0.452742
10.662945,0.452742
10.663355,0.452742
10.663765,0.452742
10.664175,0.452742
10.664585,0.452742
10.664995,0.452742
10.665406,0.452742
10.665816,0.452742
10.666226,0.452741
10.666636,0.452741
10.667046,0.452741
10.667456,0.452741
10.667866,0.452741
10.668276,0.452741
10.668686,0.452741
10.669096,0.452741
10.669506,0.452741
10.669916,0.452741
10.670326,0.452741
10.670736,0.452740
10.671146,0.452740
10.671556,0.452740
10.671966,0.452740
10.672376,0.452740
10.672786,0.452740
10.673196,0.452740
10.673606,0.452740
10.674016,0.452739
10.674426,0.452739
10.674836,0.452739
10.675246,0.452739
10.675656,0.452739
10.676066,0.452739
10.676476,0.452739
10.676886,0.452739
10.677296,0.452739
10.677706,0.452739
10.678116,0.452738
10.678526,0.452738
10.678936,0.452738
10.679346,0.452738
10.679756,0.452738
10.680166,0.452738
10.680576,0.452738
10.680986,0.452738
10.681396,0.452738
10.681806,0.452737
10.682216,0.452737
10.682626,0.452737
10.683036,0.452737
10.683446,0.452737
10.683856,0.452737
10.684266,0.452737
10.684676,0.452737
10.685086,0.452736
10.685496,0.452736
10.685906,0.452736
10.686316,0.452736
10.686726,0.452736
10.687136,0.452736
10.687546,0.452736
10.687956,0.452736
10.688366,0.452736
10.688776,0.452736
10.689186,0.452736
10.689596,0.452735
10.690006,0.452735
10.690416,0.452735
10.690826,0.452735
10.691236,0.452735
10.691646,0.452735
10.692056,0.452735
10.692466,0.452735
10.692876,0.452735
10.693286,0.452735
10.693696,0.452734
10.694106,0.452734
10.694516,0.452734
10.694926,0.452734
10.695337,0.452734
10.695747,0.452734
10.696157,0.452734
10.696567,0.452734
10.696977,0.452734
10.697387,0.452733
10.697797,0.452733
10.698207,0.452733
10.698617,0.452733
10.699027,0.452733
10.699437,0.452733
10.699847,0.452733
10.700257,0.452733
10.700667,0.452733
10.701077,0.452733
10.701487,0.452732
10.701897,0.452732
10.702307,0.452732
10.702717,0.452732
10.703127,0.452732
10.703537,0.452732
10.703947,0.452732
10.704357,0.452732
10.704767,0.452732
10.705177,0.452732
10.705587,0.452731
10.705997,0.452731
10.706407,0.452731
10.706817,0.452731
10.707227,0.452731
10.707637,0.452731
10.708047,0.452731
10.708457,0.452731
10.708867,0.452731
10.709277,0.452731
10.709687,0.452730
10.710097,0.452730
10.710507,0.452730
10.710917,0.452730
10.711327,0.452730
10.711737,0.452730
10.712147,0.452730
10.712557,0.452730
10.712967,0.452730
10.713377,0.452729
10.713787,0.452729
10.714197,0.452729
10.714607,0.452729
10.715017,0.452729
10.715427,0.452729
10.715837,0.452729
10.716247,0.452729
10.716657,0.452729
10.717067,0.452729
10.717477,0.452728
10.717887,0.452728
10.718297,0.452728
10.718707,0.452728
10.719117,0.452728
10.719527,0.452728
10.719937,0.452728
10.720347,0.452728
10.720757,0.452728
10.721167,0.452727
10.721577,0.452727
10.721987,0.452727
10.722397,0.452727
10.722807,0.452727
10.723217,0.452727
10.723627,0.452727
10.724037,0.452727
10.724447,0.452727
10.724857,0.452727
10.725268,0.452726
10.725678,0.452726
10.726088,0.452726
10.726498,0.452726
10.726908,0.452726
10.727318,0.452726
10.727728,0.452726
10.728138,0.452726
10.728548,0.452726
10.728958,0.452726
10.729368,0.452726
10.729778,0.452725
10.730188,0.452725
10.730598,0.452725
10.731008,0.452725
10.731418,0.452725
10.731828,0.452725
10.732238,0.452725
10.732648,0.452725
10.733058,0.452725
10.733468,0.452724
10.733878,0.452724
10.734288,0.452724
10.734698,0.452724
10.735108,0.452724
10.735518,0.452724
10.735928,0.452724
10.736338,0.452724
10.736748,0.452724
10.737158,0.452724
10.737568,0.452723
10.737978,0.452723
10.738388,0.452723
10.738798,0.452723
10.739208,0.452723
10.739618,0.452723
10.740028,0.452723
10.740438,0.452723
10.740848,0.452723
10.741258,0.452723
10.741668,0.452723
10.742078,0.452723
10.742488,0.452722
10.742898,0.452722
10.743308,0.452722
10.743718,0.452722
10.744128,0.452722
10.744538,0.452722
10.744948,0.452722
10.745358,0.452722
10.745768,0.452721
10.746178,0.452722
10.746588,0.452721
10.746998,0.452721
10.747408,0.452721
10.747818,0.452721
10.748228,0.452721
10.748638,0.452721
10.749048,0.452721
10.749458,0.452721
10.749868,0.452721
10.750278,0.452721
10.750688,0.452721
10.751098,0.452720
10.751508,0.452720
10.751918,0.452720
10.752328,0.452720
10.752738,0.452720
10.753148,0.452720
10.753558,0.452720
10.753968,0.452720
10.754378,0.452719
10.754788,0.452719
10.755199,0.452719
10.755609,0.452719
10.756019,0.452719
10.756429,0.452719
10.756839,0.452719
10.757249,0.452719
10.757659,0.452719
10.758069,0.452719
10.758479,0.452718
10.758889,0.452718
10.759299,0.452718
10.759709,0.452718
10.760119,0.452718
10.760529,0.452718
10.760939,0.452718
10.761349,0.452718
10.761759,0.452718
10.762169,0.452718
10.762579,0.452718
10.762989,0.452717
10.763399,0.452717
10.763809,0.452717
10.764219,0.452717
10.764629,0.452717
10.765039,0.452717
10.765449,0.452717
10.765859,0.452717
10.766269,0.452717
10.766679,0.452717
10.767089,0.452716
10.767499,0.452716
10.767909,0.452716
10.768319,0.452716
10.768729,0.452716
10.769139,0.452716
10.769549,0.452716
10.769959,0.452716
10.770369,0.452716
10.770779,0.452716
10.771189,0.452716
10.771599,0.452715
10.772009,0.452715
10.772419,0.452715
10.772829,0.452715
10.773239,0.452715
10.773649,0.452715
10.774059,0.452715
10.774469,0.452715
10.774879,0.452715
10.775289,0.452715
10.775699,0.452714
10.776109,0.452714
10.776519,0.452714
10.776929,0.452714
10.777339,0.452714
10.777749,0.452714
10.778159,0.452714
10.778569,0.452714
10.778979,0.452714
10.779389,0.452713
10.779799,0.452713
10.780209,0.452713
10.780619,0.452713
10.781029,0.452713
10.781439,0.452713
10.781849,0.452713
10.782259,0.452713
10.782669,0.452713
10.783079,0.452713
10.783489,0.452713
10.783899,0.452713
10.784309,0.452712
10.784719,0.452712
10.785130,0.452712
10.785540,0.452712
10.785950,0.452712
10.786360,0.452712
10.786770,0.452712
10.787180,0.452712
10.787590,0.452712
10.788000,0.452712
10.788410,0.452712
10.788820,0.452711
10.789230,0.452711
10.789640,0.452711
10.790050,0.452711
10.790460,0.452711
10.790870,0.452711
10.791280,0.452711
10.791690,0.452711
10.792100,0.452711
10.792510,0.452711
10.792920,0.452711
10.793330,0.452711
10.793740,0.452710
10.794150,0.452710
10.794560,0.452710
10.794970,0.452710
10.795380,0.452710
10.795790,0.452710
10.796200,0.452710
10.796610,0.452710
10.797020,0.452710
10.797430,0.452710
10.797840,0.452710
10.798250,0.452709
10.798660,0.452709
10.799070,0.452709
10.799480,0.452709
10.799890,0.452709
10.800300,0.452709
10.800710,0.452709
10.801120,0.452709
10.801530,0.452709
10.801940,0.452709
10.802350,0.452709
10.802760,0.452708
10.803170,0.452708
10.803580,0.452708
10.803990,0.452708
10.804400,0.452708
10.804810,0.452708
10.805220,0.452708
10.805630,0.452708
10.806040,0.452708
10.806450,0.452708
10.806860,0.452708
10.807270,0.452707
10.807680,0.452707
10.808090,0.452707
10.808500,0.452707
10.808910,0.452707
10.809320,0.452707
10.809730,0.452707
10.810140,0.452707
10.810550,0.452707
10.810960,0.452707
10.811370,0.452706
10.811780,0.452706
10.812190,0.452706
10.812600,0.452706
10.813010,0.452706
10.813420,0.452706
10.813830,0.452706
10.814240,0.452706
10.814650,0.452706
10.815061,0.452706
10.815471,0.452706
10.815881,0.452705
10.816291,0.452705
10.816701,0.452705
10.817111,0.452705
10.817521,0.452705
10.817931,0.452705
10.818341,0.452705
10.818751,0.452705
10.819161,0.452705
10.819571,0.452705
10.819981,0.452705
10.820391,0.452704
10.820801,0.452704
10.821211,0.452704
10.821621,0.452704
10.822031,0.452704
10.822441,0.452704
10.822851,0.452704
10.823261,0.452704
10.823671,0.452704
10.824081,0.452704
10.824491,0.452703
10.824901,0.452703
10.825311,0.452703
10.825721,0.452703
10.826131,0.452703
10.826541,0.452703
10.826951,0.452703
10.827361,0.452703
10.827771,0.452703
10.828181,0.452703
10.828591,0.452703
10.829001,0.452703
10.829411,0.452702
10.829821,0.452702
10.830231,0.452702
10.830641,0.452702
10.831051,0.452702
10.831461,0.452702
10.831871,0.452702
10.832281,0.452702
10.832691,0.452702
10.833101,0.452702
10.833511,0.452702
10.833921,0.452702
10.834331,0.452701
10.834741,0.452701
10.835151,0.452701
10.835561,0.452701
10.835971,0.452701
10.836381,0.452701
10.836791,0.452701
10.837201,0.452701
10.837611,0.452701
10.838021,0.452701
10.838431,0.452700
10.838841,0.452700
10.839251,0.452700
10.839661,0.452700
10.840071,0.452700
10.840481,0.452700
10.840891,0.452700
10.841301,0.452700
10.841711,0.452700
10.842121,0.452700
10.842531,0.452700
10.842941,0.452700
10.843351,0.452699
10.843761,0.452699
10.844171,0.452699
10.844581,0.452699
10.844991,0.452699
10.845402,0.452699
10.845812,0.452699
10.846222,0.452699
10.846632,0.452699
10.847042,0.452699
10.847452,0.452698
10.847862,0.452698
10.848272,0.452698
10.848682,0.452698
10.849092,0.452698
10.849502,0.452698
10.849912,0.452698
10.850322,0.452698
10.850732,0.452698
10.851142,0.452698
10.851552,0.452698
10.851962,0.452698
10.852372,0.452698
10.852782,0.452698
10.853192,0.452698
10.853602,0.452697
10.854012,0.452697
10.854422,0.452697
10.854832,0.452697
10.855242,0.452697
10.855652,0.452697
10.856062,0.452697
10.856472,0.452697
10.856882,0.452697
10.857292,0.452697
10.857702,0.452697
10.858112,0.452696
10.858522,0.452696
10.858932,0.452696
10.859342,0.452696
10.859752,0.452696
10.860162,0.452696
10.860572,0.452696
10.860982,0.452696
10.861392,0.452696
10.861802,0.452696
10.862212,0.452696
10.862622,0.452695
10.863032,0.452695
10.863442,0.452695
10.863852,0.452695
10.864262,0.452695
10.864672,0.452695
10.865082,0.452695
10.865492,0.452695
10.865902,0.452695
10.866312,0.452695
10.866722,0.452695
10.867132,0.452694
10.867542,0.452694
10.867952,0.452694
10.868362,0.452694
10.868772,0.452694
10.869182,0.452694
10.869592,0.452694
10.870002,0.452694
10.870412,0.452694
10.870822,0.452694
10.871232,0.452694
10.871642,0.452694
10.872052,0.452694
10.872462,0.452693
10.872872,0.452693
10.873282,0.452693
10.873692,0.452693
10.874102,0.452693
10.874512,0.452693
10.874922,0.452693
10.875333,0.452693
10.875743,0.452693
10.876153,0.452693
10.876563,0.452692
10.876973,0.452692
10.877383,0.452692
10.877793,0.452692
10.878203,0.452692
10.878613,0.452692
10.879023,0.452692
10.879433,0.452692
10.879843,0.452692
10.880253,0.452692
10.880663,0.452692
10.881073,0.452692
10.881483,0.452691
10.881893,0.452691
10.882303,0.452691
10.882713,0.452691
10.883123,0.452691
10.883533,0.452691
10.883943,0.452691
10.884353,0.452691
10.884763,0.452691
10.885173,0.452691
10.885583,0.452691
10.885993,0.452691
10.886403,0.452690
10.886813,0.452690
10.887223,0.452690
10.887633,0.452690
10.888043,0.452690
10.888453,0.452690
10.888863,0.452690
10.889273,0.452690
10.889683,0.452690
10.890093,0.452690
10.890503,0.452690
10.890913,0.452690
10.891323,0.452689
10.891733,0.452689
10.892143,0.452689
10.892553,0.452689
10.892963,0.452689
10.893373,0.452689
10.893783,0.452689
10.894193,0.452689
10.894603,0.452689
10.895013,0.452689
10.895423,0.452689
10.895833,0.452689
10.896243,0.452689
10.896653,0.452688
10.897063,0.452688
10.897473,0.452688
10.897883,0.452688
10.898293,0.452688
10.898703,0.452688
10.899113,0.452688
10.899523,0.452688
10.899933,0.452688
10.900343,0.452688
10.900753,0.452688
10.901163,0.452687
10.901573,0.452687
10.901983,0.452687
10.902393,0.452687
10.902803,0.452687
10.903213,0.452687
10.903623,0.452687
10.904033,0.452687
10.904443,0.452687
10.904853,0.452687
10.905264,0.452687
10.905674,0.452687
10.906084,0.452687
10.906494,0.452687
10.906904,0.452686
10.907314,0.452686
10.907724,0.452686
10.908134,0.452686
10.908544,0.452686
10.908954,0.452686
10.909364,0.452686
10.909774,0.452686
10.910184,0.452686
10.910594,0.452686
10.911004,0.452686
10.911414,0.452686
10.911824,0.452685
10.912234,0.452685
10.912644,0.452685
10.913054,0.452685
10.913464,0.452685
10.913874,0.452685
10.914284,0.452685
10.914694,0.452685
10.915104,0.452685
10.915514,0.452685
10.915924,0.452685
10.916334,0.452684
10.916744,0.452684
10.917154,0.452684
10.917564,0.452684
10.917974,0.452684
10.918384,0.452684
10.918794,0.452684
10.919204,0.452684
10.919614,0.452684
10.920024,0.452684
10.920434,0.452684
10.920844,0.452684
10.921254,0.452684
10.921664,0.452683
10.922074,0.452683
10.922484,0.452683
10.922894,0.452683
10.923304,0.452683
10.923714,0.452683
10.924124,0.452683
10.924534,0.452683
10.924944,0.452683
10.925354,0.452683
10.925764,0.452683
10.926174,0.452683
10.926584,0.452682
10.926994,0.452682
10.927404,0.452682
10.927814,0.452682
10.928224,0.452682
10.928634,0.452682
10.929044,0.452682
10.929454,0.452682
10.929864,0.452682
10.930274,0.452682
10.930684,0.452682
10.931094,0.452682
10.931504,0.452682
10.931914,0.452682
10.932324,0.452681
10.932734,0.452681
10.933144,0.452681
10.933554,0.452681
10.933964,0.452681
10.934374,0.452681
10.934784,0.452681
10.935195,0.452681
10.935605,0.452681
10.936015,0.452681
10.936425,0.452681
10.936835,0.452681
10.937245,0.452681
10.937655,0.452680
10.938065,0.452680
10.938475,0.452680
10.938885,0.452680
10.939295,0.452680
10.939705,0.452680
10.940115,0.452680
10.940525,0.452680
10.940935,0.452680
10.941345,0.452680
10.941755,0.452680
10.942165,0.452680
10.942575,0.452680
10.942985,0.452680
10.943395,0.452679
10.943805,0.452679
10.944215,0.452679
10.944625,0.452679
10.945035,0.452679
10.945445,0.452679
10.945855,0.452679
10.946265,0.452679
10.946675,0.452679
10.947085,0.452679
10.947495,0.452679
10.947905,0.452678
10.948315,0.452678
10.948725,0.452678
10.949135,0.452678
10.949545,0.452678
10.949955,0.452678
10.950365,0.452678
10.950775,0.452678
10.951185,0.452678
10.951595,0.452678
10.952005,0.452678
10.952415,0.452678
10.952825,0.452678
10.953235,0.452677
10.953645,0.452677
10.954055,0.452677
10.954465,0.452677
10.954875,0.452677
10.955285,0.452677
10.955695,0.452677
10.956105,0.452677
10.956515,0.452677
10.956925,0.452677
10.957335,0.452677
10.957745,0.452677
10.958155,0.452677
10.958565,0.452676
10.958975,0.452676
10.959385,0.452676
10.959795,0.452676
10.960205,0.452676
10.960615,0.452676
10.961025,0.452676
10.961435,0.452676
10.961845,0.452676
10.962255,0.452676
10.962665,0.452676
10.963075,0.452676
10.963485,0.452676
10.963895,0.452676
10.964305,0.452675
10.964715,0.452675
10.965126,0.452675
10.965536,0.452675
10.965946,0.452675
10.966356,0.452675
10.966766,0.452675
10.967176,0.452675
10.967586,0.452675
10.967996,0.452675
10.968406,0.452675
10.968816,0.452675
10.969226,0.452674
10.969636,0.452674
10.970046,0.452674
10.970456,0.452674
10.970866,0.452674
10.971276,0.452674
10.971686,0.452674
10.972096,0.452674
10.972506,0.452674
10.972916,0.452674
10.973326,0.452674
10.973736,0.452674
10.974146,0.452674
10.974556,0.452674
10.974966,0.452674
10.975376,0.452674
10.975786,0.452673
10.976196,0.452673
10.976606,0.452673
10.977016,0.452673
10.977426,0.452673
10.977836,0.452673
10.978246,0.452673
10.978656,0.452673
10.979066,0.452673
10.979476,0.452673
10.979886,0.452673
10.980296,0.452672
10.980706,0.452672
10.981116,0.452672
10.981526,0.452672
10.981936,0.452672
10.982346,0.452672
10.982756,0.452672
10.983166,0.452672
10.983576,0.452672
10.983986,0.452672
10.984396,0.452672
10.984806,0.452672
10.985216,0.452672
10.985626,0.452671
10.986036,0.452671
10.986446,0.452671
10.986856,0.452671
10.987266,0.452671
10.987676,0.452671
10.988086,0.452671
10.988496,0.452671
10.988906,0.452671
10.989316,0.452671
10.989726,0.452671
10.990136,0.452671
10.990546,0.452671
10.990956,0.452671
10.991366,0.452671
10.991776,0.452670
10.992186,0.452670
10.992596,0.452670
10.993006,0.452670
10.993416,0.452670
10.993826,0.452670
10.994236,0.452670
10.994646,0.452670
10.995057,0.452670
10.995467,0.452670
10.995877,0.452670
10.996287,0.452670
10.996697,0.452670
10.997107,0.452669
10.997517,0.452669
10.997927,0.452669
10.998337,0.452669
10.998747,0.452669
10.999157,0.452669
10.999567,0.452669
10.999977,0.452669
11.000387,0.452669
11.000797,0.452669
11.001207,0.452669
11.001617,0.452668
11.002027,0.452668
11.002437,0.452668
11.002847,0.452668
11.003257,0.452668
11.003667,0.452668
11.004077,0.452668
11.004487,0.452668
11.004897,0.452668
11.005307,0.452668
11.005717,0.452668
11.006127,0.452668
11.006537,0.452668
11.006947,0.452668
11.007357,0.452668
11.007767,0.452668
11.008177,0.452667
11.008587,0.452667
11.008997,0.452667
11.009407,0.452667
11.009817,0.452667
11.010227,0.452667
11.010637,0.452667
11.011047,0.452667
11.011457,0.452667
11.011867,0.452667
11.012277,0.452667
11.012687,0.452667
11.013097,0.452667
11.013507,0.452667
11.013917,0.452667
11.014327,0.452667
11.014737,0.452666
11.015147,0.452666
11.015557,0.452666
11.015967,0.452666
11.016377,0.452666
11.016787,0.452666
11.017197,0.452666
11.017607,0.452666
11.018017,0.452666
11.018427,0.452666
11.018837,0.452666
11.019247,0.452666
11.019657,0.452666
11.020067,0.452665
11.020477,0.452665
11.020887,0.452665
11.021297,0.452665
11.021707,0.452665
11.022117,0.452665
11.022527,0.452665
11.022937,0.452665
11.023347,0.452665
11.023757,0.452665
11.024167,0.452665
11.024577,0.452665
11.024987,0.452665
11.025398,0.452665
11.025808,0.452665
11.026218,0.452664
11.026628,0.452664
11.027038,0.452664
11.027448,0.452664
11.027858,0.452664
11.028268,0.452664
11.028678,0.452664
11.029088,0.452664
11.029498,0.452664
11.029908,0.452664
11.030318,0.452664
11.030728,0.452664
11.031138,0.452664
11.031548,0.452664
11.031958,0.452663
11.032368,0.452663
11.032778,0.452663
11.033188,0.452663
11.033598,0.452663
11.034008,0.452663
11.034418,0.452663
11.034828,0.452663
11.035238,0.452663
11.035648,0.452663
11.036058,0.452663
11.036468,0.452663
11.036878,0.452663
11.037288,0.452663
11.037698,0.452662
11.038108,0.452662
11.038518,0.452662
11.038928,0.452662
11.039338,0.452662
11.039748,0.452662
11.040158,0.452662
11.040568,0.452662
11.040978,0.452662
11.041388,0.452662
11.041798,0.452662
11.042208,0.452662
11.042618,0.452662
11.043028,0.452661
11.043438,0.452661
11.043848,0.452661
11.044258,0.452661
11.044668,0.452661
11.045078,0.452661
11.045488,0.452661
11.045898,0.452661
11.046308,0.452661
11.046718,0.452661
11.047128,0.452661
11.047538,0.452661
11.047948,0.452661
11.048358,0.452661
11.048768,0.452660
11.049178,0.452660
11.049588,0.452660
11.049998,0.452660
11.050408,0.452660
11.050818,0.452660
11.051228,0.452660
11.051638,0.452660
11.052048,0.452660
11.052458,0.452660
11.052868,0.452660
11.053278,0.452660
11.053688,0.452660
11.054098,0.452660
11.054508,0.452660
11.054918,0.452659
11.055329,0.452659
11.055739,0.452659
11.056149,0.452659
11.056559,0.452659
11.056969,0.452659
11.057379,0.452659
11.057789,0.452659
11.058199,0.452659
11.058609,0.452659
11.059019,0.452659
11.059429,0.452659
11.059839,0.452659
11.060249,0.452659
11.060659,0.452659
11.061069,0.452659
11.061479,0.452659
11.061889,0.452658
11.062299,0.452658
11.062709,0.452658
11.063119,0.452658
11.063529,0.452658
11.063939,0.452658
11.064349,0.452658
11.064759,0.452658
11.065169,0.452658
11.065579,0.452658
11.065989,0.452658
11.066399,0.452658
11.066809,0.452658
11.067219,0.452658
11.067629,0.452658
11.068039,0.452657
11.068449,0.452657
11.068859,0.452657
11.069269,0.452657
11.069679,0.452657
11.070089,0.452657
11.070499,0.452657
11.070909,0.452657
11.071319,0.452657
11.071729,0.452657
11.072139,0.452657
11.072549,0.452657
11.072959,0.452657
11.073369,0.452657
11.073779,0.452657
11.074189,0.452656
11.074599,0.452656
11.075009,0.452656
11.075419,0.452656
11.075829,0.452656
11.076239,0.452656
11.076649,0.452656
11.077059,0.452656
11.077469,0.452656
11.077879,0.452656
11.078289,0.452656
11.078699,0.452656
11.079109,0.452655
11.079519,0.452655
11.079929,0.452655
11.080339,0.452655
11.080749,0.452655
11.081159,0.452655
11.081569,0.452655
11.081979,0.452655
11.082389,0.452655
11.082799,0.452655
11.083209,0.452655
11.083619,0.452655
11.084029,0.452655
11.084439,0.452655
11.084849,0.452655
11.085260,0.452655
11.085670,0.452655
11.086080,0.452655
11.086490,0.452655
11.086900,0.452654
11.087310,0.452654
11.087720,0.452654
11.088130,0.452654
11.088540,0.452654
11.088950,0.452654
11.089360,0.452654
11.089770,0.452654
11.090180,0.452654
11.090590,0.452654
11.091000,0.452654
11.091410,0.452654
11.091820,0.452654
11.092230,0.452654
11.092640,0.452653
11.093050,0.452653
11.093460,0.452653
11.093870,0.452653
11.094280,0.452653
11.094690,0.452653
11.095100,0.452653
11.095510,0.452653
11.095920,0.452653
11.096330,0.452653
11.096740,0.452653
11.097150,0.452653
11.097560,0.452653
11.097970,0.452653
11.098380,0.452653
11.098790,0.452652
11.099200,0.452652
11.099610,0.452652
11.100020,0.452652
11.100430,0.452652
11.100840,0.452652
11.101250,0.452652
11.101660,0.452652
11.102070,0.452652
11.102480,0.452652
11.102890,0.452652
11.103300,0.452652
11.103710,0.452652
11.104120,0.452652
11.104530,0.452652
11.104940,0.452651
11.105350,0.452652
11.105760,0.452651
11.106170,0.452651
11.106580,0.452651
11.106990,0.452651
11.107400,0.452651
11.107810,0.452651
11.108220,0.452651
11.108630,0.452651
11.109040,0.452651
11.109450,0.452651
11.109860,0.452651
11.110270,0.452651
11.110680,0.452650
11.111090,0.452650
11.111500,0.452650
11.111910,0.452650
11.112320,0.452650
11.112730,0.452650
11.113140,0.452650
11.113550,0.452650
11.113960,0.452650
11.114370,0.452650
11.114780,0.452650
11.115191,0.452650
11.115601,0.452650
11.116011,0.452650
11.116421,0.452650
11.116831,0.452650
11.117241,0.452650
11.117651,0.452650
11.118061,0.452649
11.118471,0.452649
11.118881,0.452649
11.119291,0.452649
11.119701,0.452649
11.120111,0.452649
11.120521,0.452649
11.120931,0.452649
11.121341,0.452649
11.121751,0.452649
11.122161,0.452649
11.122571,0.452649
11.122981,0.452649
11.123391,0.452649
11.123801,0.452649
11.124211,0.452648
11.124621,0.452648
11.125031,0.452648
11.125441,0.452648
11.125851,0.452648
11.126261,0.452648
11.126671,0.452648
11.127081,0.452648
11.127491,0.452648
11.127901,0.452648
11.128311,0.452648
11.128721,0.452648
11.129131,0.452648
11.129541,0.452648
11.129951,0.452648
11.130361,0.452648
11.130771,0.452647
11.131181,0.452647
11.131591,0.452647
11.132001,0.452647
11.132411,0.452647
11.132821,0.452647
11.133231,0.452647
11.133641,0.452647
11.134051,0.452647
11.134461,0.452647
11.134871,0.452647
11.135281,0.452647
11.135691,0.452647
11.136101,0.452647
11.136511,0.452647
11.136921,0.452647
11.137331,0.452646
11.137741,0.452646
11.138151,0.452646
11.138561,0.452646
11.138971,0.452646
11.139381,0.452646
11.139791,0.452646
11.140201,0.452646
11.140611,0.452646
11.141021,0.452646
11.141431,0.452646
11.141841,0.452646
11.142251,0.452646
11.142661,0.452646
11.143071,0.452646
11.143481,0.452646
11.143891,0.452645
11.144301,0.452646
11.144711,0.452645
11.145122,0.452645
11.145532,0.452645
11.145942,0.452645
11.146352,0.452645
11.146762,0.452645
11.147172,0.452645
11.147582,0.452645
11.147992,0.452645
11.148402,0.452645
11.148812,0.452645
11.149222,0.452645
11.149632,0.452645
11.150042,0.452645
11.150452,0.452644
11.150862,0.452644
11.151272,0.452645
11.151682,0.452645
11.152092,0.452644
11.152502,0.452644
11.152912,0.452644
11.153322,0.452644
11.153732,0.452644
11.154142,0.452644
11.154552,0.452644
11.154962,0.452644
11.155372,0.452644
11.155782,0.452644
11.156192,0.452644
11.156602,0.452644
11.157012,0.452644
11.157422,0.452643
11.157832,0.452643
11.158242,0.452643
11.158652,0.452643
11.159062,0.452643
11.159472,0.452643
11.159882,0.452643
11.160292,0.452643
11.160702,0.452643
11.161112,0.452643
11.161522,0.452643
11.161932,0.452643
11.162342,0.452643
11.162752,0.452643
11.163162,0.452643
11.163572,0.452643
11.163982,0.452642
11.164392,0.452642
11.164802,0.452642
11.165212,0.452642
11.165622,0.452642
11.166032,0.452642
11.166442,0.452642
11.166852,0.452642
11.167262,0.452642
11.167672,0.452642
11.168082,0.452642
11.168492,0.452642
11.168902,0.452642
11.169312,0.452642
11.169722,0.452642
11.170132,0.452642
11.170542,0.452642
11.170952,0.452641
11.171362,0.452641
11.171772,0.452641
11.172182,0.452641
11.172592,0.452641
11.173002,0.452641
11.173412,0.452641
11.173822,0.452641
11.174232,0.452641
11.174642,0.452641
11.175053,0.452641
11.175463,0.452641
11.175873,0.452641
11.176283,0.452641
11.176693,0.452641
11.177103,0.452641
11.177513,0.452641
11.177923,0.452641
11.178333,0.452640
11.178743,0.452640
11.179153,0.452640
11.179563,0.452640
11.179973,0.452640
11.180383,0.452640
11.180793,0.452640
11.181203,0.452640
11.181613,0.452640
11.182023,0.452640
11.182433,0.452640
11.182843,0.452640
11.183253,0.452640
11.183663,0.452640
11.184073,0.452640
11.184483,0.452640
11.184893,0.452640
11.185303,0.452639
11.185713,0.452639
11.186123,0.452639
11.186533,0.452639
11.186943,0.452639
11.187353,0.452639
11.187763,0.452639
11.188173,0.452639
11.188583,0.452639
11.188993,0.452639
11.189403,0.452639
11.189813,0.452639
11.190223,0.452639
11.190633,0.452639
11.191043,0.452639
11.191453,0.452639
11.191863,0.452638
11.192273,0.452638
11.192683,0.452638
11.193093,0.452638
11.193503,0.452638
11.193913,0.452638
11.194323,0.452638
11.194733,0.452638
11.195143,0.452638
11.195553,0.452638
11.195963,0.452638
11.196373,0.452638
11.196783,0.452638
11.197193,0.452638
11.197603,0.452638
11.198013,0.452638
11.198423,0.452638
11.198833,0.452637
11.199243,0.452637
11.199653,0.452637
11.200063,0.452637
11.200473,0.452637
11.200883,0.452637
11.201293,0.452637
11.201703,0.452637
11.202113,0.452637
11.202523,0.452637
11.202933,0.452637
11.203343,0.452637
11.203753,0.452637
11.204163,0.452637
11.204573,0.452637
11.204983,0.452637
11.205394,0.452637
11.205804,0.452637
11.206214,0.452637
11.206624,0.452636
11.207034,0.452636
11.207444,0.452636
11.207854,0.452636
11.208264,0.452636
11.208674,0.452636
11.209084,0.452636
11.209494,0.452636
11.209904,0.452636
11.210314,0.452636
11.210724,0.452636
11.211134,0.452636
11.211544,0.452636
11.211954,0.452636
11.212364,0.452636
11.212774,0.452636
11.213184,0.452636
11.213594,0.452635
11.214004,0.452635
11.214414,0.452635
11.214824,0.452635
11.215234,0.452635
11.215644,0.452635
11.216054,0.452635
11.216464,0.452635
11.216874,0.452635
11.217284,0.452635
11.217694,0.452635
11.218104,0.452635
11.218514,0.452635
11.218924,0.452635
11.219334,0.452635
11.219744,0.452634
11.220154,0.452634
11.220564,0.452634
11.220974,0.452634
11.221384,0.452634
11.221794,0.452634
11.222204,0.452634
11.222614,0.452634
11.223024,0.452634
11.223434,0.452634
11.223844,0.452634
11.224254,0.452634
11.224664,0.452634
11.225074,0.452634
11.225484,0.452634
11.225894,0.452634
11.226304,0.452634
11.226714,0.452634
11.227124,0.452633
11.227534,0.452633
11.227944,0.452633
11.228354,0.452633
11.228764,0.452633
11.229174,0.452633
11.229584,0.452633
11.229994,0.452633
11.230404,0.452633
11.230814,0.452633
11.231224,0.452633
11.231634,0.452633
11.232044,0.452633
11.232454,0.452633
11.232864,0.452633
11.233274,0.452632
11.233684,0.452632
11.234094,0.452633
11.234504,0.452633
11.234914,0.452632
11.235325,0.452632
11.235735,0.452632
11.236145,0.452632
11.236555,0.452632
11.236965,0.452632
11.237375,0.452632
11.237785,0.452632
11.238195,0.452632
11.238605,0.452632
11.239015,0.452632
11.239425,0.452632
11.239835,0.452632
11.240245,0.452632
11.240655,0.452632
11.241065,0.452632
11.241475,0.452632
11.241885,0.452632
11.242295,0.452632
11.242705,0.452632
11.243115,0.452631
11.243525,0.452631
11.243935,0.452631
11.244345,0.452631
11.244755,0.452631
11.245165,0.452631
11.245575,0.452631
11.245985,0.452631
11.246395,0.452631
11.246805,0.452631
11.247215,0.452631
11.247625,0.452631
11.248035,0.452631
11.248445,0.452631
11.248855,0.452631
11.249265,0.452631
11.249675,0.452631
11.250085,0.452631
11.250495,0.452631
11.250905,0.452630
11.251315,0.452630
11.251725,0.452630
11.252135,0.452630
11.252545,0.452630
11.252955,0.452630
11.253365,0.452630
11.253775,0.452630
11.254185,0.452630
11.254595,0.452630
11.255005,0.452630
11.255415,0.452630
11.255825,0.452630
11.256235,0.452630
11.256645,0.452630
11.257055,0.452630
11.257465,0.452630
11.257875,0.452630
11.258285,0.452629
11.258695,0.452629
11.259105,0.452629
11.259515,0.452629
11.259925,0.452629
11.260335,0.452629
11.260745,0.452629
11.261155,0.452629
11.261565,0.452629
11.261975,0.452629
11.262385,0.452629
11.262795,0.452629
11.263205,0.452629
11.263615,0.452629
11.264025,0.452628
11.264435,0.452628
11.264845,0.452629
11.265256,0.452629
11.265666,0.452628
11.266076,0.452628
11.266486,0.452628
11.266896,0.452628
11.267306,0.452628
11.267716,0.452628
11.268126,0.452628
11.268536,0.452628
11.268946,0.452628
11.269356,0.452628
11.269766,0.452628
11.270176,0.452628
11.270586,0.452628
11.270996,0.452628
11.271406,0.452628
11.271816,0.452628
11.272226,0.452628
11.272636,0.452628
11.273046,0.452627
11.273456,0.452627
11.273866,0.452627
11.274276,0.452627
11.274686,0.452627
11.275096,0.452627
11.275506,0.452627
11.275916,0.452627
11.276326,0.452627
11.276736,0.452627
11.277146,0.452627
11.277556,0.452627
11.277966,0.452627
11.278376,0.452627
11.278786,0.452627
11.279196,0.452627
11.279606,0.452627
11.280016,0.452627
11.280426,0.452627
11.280836,0.452627
11.281246,0.452626
11.281656,0.452626
11.282066,0.452626
11.282476,0.452626
11.282886,0.452626
11.283296,0.452626
11.283706,0.452626
11.284116,0.452626
11.284526,0.452626
11.284936,0.452626
11.285346,0.452626
11.285756,0.452626
11.286166,0.452626
11.286576,0.452626
11.286986,0.452626
11.287396,0.452626
11.287806,0.452626
11.288216,0.452625
11.288626,0.452625
11.289036,0.452625
11.289446,0.452625
11.289856,0.452625
11.290266,0.452625
11.290676,0.452625
11.291086,0.452625
11.291496,0.452625
11.291906,0.452625
11.292316,0.452625
11.292726,0.452625
11.293136,0.452625
11.293546,0.452625
11.293956,0.452625
11.294366,0.452625
11.294776,0.452625
11.295187,0.452624
11.295597,0.452624
11.296007,0.452624
11.296417,0.452624
11.296827,0.452624
11.297237,0.452624
11.297647,0.452624
11.298057,0.452624
11.298467,0.452624
11.298877,0.452624
11.299287,0.452624
11.299697,0.452624
11.300107,0.452624
11.300517,0.452624
11.300927,0.452624
11.301337,0.452624
11.301747,0.452624
11.302157,0.452624
11.302567,0.452624
11.302977,0.452624
11.303387,0.452624
11.303797,0.452624
11.304207,0.452624
11.304617,0.452624
11.305027,0.452623
11.305437,0.452623
11.305847,0.452623
11.306257,0.452623
11.306667,0.452623
11.307077,0.452623
11.307487,0.452623
11.307897,0.452623
11.308307,0.452623
11.308717,0.452623
11.309127,0.452623
11.309537,0.452623
11.309947,0.452623
11.310357,0.452623
11.310767,0.452623
11.311177,0.452623
11.311587,0.452623
11.311997,0.452623
11.312407,0.452623
11.312817,0.452623
11.313227,0.452623
11.313637,0.452622
11.314047,0.452622
11.314457,0.452622
11.314867,0.452622
11.315277,0.452622
11.315687,0.452622
11.316097,0.452622
11.316507,0.452622
11.316917,0.452622
11.317327,0.452622
11.317737,0.452622
11.318147,0.452622
11.318557,0.452622
11.318967,0.452622
11.319377,0.452622
11.319787,0.452622
11.320197,0.452622
11.320607,0.452622
11.321017,0.452622
11.321427,0.452621
11.321837,0.452622
11.322247,0.452622
11.322657,0.452621
11.323067,0.452621
11.323477,0.452621
11.323887,0.452621
11.324297,0.452621
11.324707,0.452621
11.325118,0.452621
11.325528,0.452621
11.325938,0.452621
11.326348,0.452621
11.326758,0.452621
11.327168,0.452621
11.327578,0.452621
11.327988,0.452621
11.328398,0.452621
11.328808,0.452621
11.329218,0.452621
11.329628,0.452621
11.330038,0.452621
11.330448,0.452620
11.330858,0.452620
11.331268,0.452620
11.331678,0.452620
11.332088,0.452620
11.332498,0.452620
11.332908,0.452620
11.333318,0.452620
11.333728,0.452620
11.334138,0.452620
11.334548,0.452620
11.334958,0.452620
11.335368,0.452620
11.335778,0.452620
11.336188,0.452620
11.336598,0.452620
11.337008,0.452620
11.337418,0.452620
11.337828,0.452619
11.338238,0.452619
11.338648,0.452619
11.339058,0.452619
11.339468,0.452619
11.339878,0.452619
11.340288,0.452619
11.340698,0.452619
11.341108,0.452619
11.341518,0.452619
11.341928,0.452619
11.342338,0.452619
11.342748,0.452619
11.343158,0.452619
11.343568,0.452619
11.343978,0.452619
11.344388,0.452619
11.344798,0.452619
11.345208,0.452619
11.345618,0.452618
11.346028,0.452618
11.346438,0.452618
11.346848,0.452618
11.347258,0.452618
11.347668,0.452618
11.348078,0.452618
11.348488,0.452618
11.348898,0.452618
11.349308,0.452618
11.349718,0.452618
11.350128,0.452618
11.350538,0.452618
11.350948,0.452618
11.351358,0.452618
11.351768,0.452618
11.352178,0.452618
11.352588,0.452618
11.352998,0.452618
11.353408,0.452618
11.353818,0.452618
11.354228,0.452618
11.354638,0.452618
11.355049,0.452618
11.355459,0.452618
11.355869,0.452617
11.356279,0.452617
11.356689,0.452617
11.357099,0.452617
11.357509,0.452617
11.357919,0.452617
11.358329,0.452617
11.358739,0.452617
11.359149,0.452617
11.359559,0.452617
11.359969,0.452617
11.360379,0.452617
11.360789,0.452617
11.361199,0.452617
11.361609,0.452617
11.362019,0.452617
11.362429,0.452617
11.362839,0.452617
11.363249,0.452616
11.363659,0.452616
11.364069,0.452616
11.364479,0.452616
11.364889,0.452616
11.365299,0.452616
11.365709,0.452616
11.366119,0.452616
11.366529,0.452616
11.366939,0.452616
11.367349,0.452616
11.367759,0.452616
11.368169,0.452616
11.368579,0.452616
11.368989,0.452616
11.369399,0.452616
11.369809,0.452616
11.370219,0.452616
11.370629,0.452616
11.371039,0.452616
11.371449,0.452615
11.371859,0.452615
11.372269,0.452615
11.372679,0.452615
11.373089,0.452615
11.373499,0.452615
11.373909,0.452615
11.374319,0.452615
11.374729,0.452615
11.375139,0.452615
11.375549,0.452615
11.375959,0.452615
11.376369,0.452615
11.376779,0.452615
11.377189,0.452615
11.377599,0.452615
11.378009,0.452615
11.378419,0.452615
11.378829,0.452615
11.379239,0.452615
11.379649,0.452615
11.380059,0.452615
11.380469,0.452614
11.380879,0.452614
11.381289,0.452614
11.381699,0.452614
11.382109,0.452614
11.382519,0.452614
11.382929,0.452614
11.383339,0.452614
11.383749,0.452614
11.384159,0.452614
11.384569,0.452614
11.384979,0.452614
11.385390,0.452614
11.385800,0.452614
11.386210,0.452614
11.386620,0.452614
11.387030,0.452614
11.387440,0.452614
11.387850,0.452614
11.388260,0.452614
11.388670,0.452614
11.389080,0.452614
11.389490,0.452613
11.389900,0.452613
11.390310,0.452613
11.390720,0.452613
11.391130,0.452613
11.391540,0.452613
11.391950,0.452613
11.392360,0.452613
11.392770,0.452613
11.393180,0.452613
11.393590,0.452613
11.394000,0.452613
11.394410,0.452613
11.394820,0.452613
11.395230,0.452613
11.395640,0.452613
11.396050,0.452613
11.396460,0.452613
11.396870,0.452613
11.397280,0.452612
11.397690,0.452612
11.398100,0.452612
11.398510,0.452612
11.398920,0.452612
11.399330,0.452612
11.399740,0.452612
11.400150,0.452612
11.400560,0.452612
11.400970,0.452612
11.401380,0.452612
11.401790,0.452612
11.402200,0.452612
11.402610,0.452612
11.403020,0.452612
11.403430,0.452612
11.403840,0.452612
11.404250,0.452612
11.404660,0.452612
11.405070,0.452612
11.405480,0.452612
11.405890,0.452612
11.406300,0.452611
11.406710,0.452611
11.407120,0.452612
11.407530,0.452612
11.407940,0.452611
11.408350,0.452611
11.408760,0.452611
11.409170,0.452611
11.409580,0.452611
11.409990,0.452611
11.410400,0.452611
11.410810,0.452611
11.411220,0.452611
11.411630,0.452611
11.412040,0.452611
11.412450,0.452611
11.412860,0.452611
11.413270,0.452611
11.413680,0.452611
11.414090,0.452611
11.414500,0.452611
11.414910,0.452611
11.415321,0.452611
11.415731,0.452611
11.416141,0.452611
11.416551,0.452611
11.416961,0.452610
11.417371,0.452610
11.417781,0.452610
11.418191,0.452610
11.418601,0.452610
11.419011,0.452610
11.419421,0.452610
11.419831,0.452610
11.420241,0.452610
11.420651,0.452610
11.421061,0.452610
11.421471,0.452610
11.421881,0.452610
11.422291,0.452610
11.422701,0.452610
11.423111,0.452610
11.423521,0.452610
11.423931,0.452610
11.424341,0.452610
11.424751,0.452610
11.425161,0.452610
11.425571,0.452609
11.425981,0.452609
11.426391,0.452609
11.426801,0.452609
11.427211,0.452609
11.427621,0.452609
11.428031,0.452609
11.428441,0.452609
11.428851,0.452609
11.429261,0.452609
11.429671,0.452609
11.430081,0.452609
11.430491,0.452609
11.430901,0.452609
11.431311,0.452609
11.431721,0.452609
11.432131,0.452609
11.432541,0.452609
11.432951,0.452609
11.433361,0.452609
11.433771,0.452609
11.434181,0.452609
11.434591,0.452609
11.435001,0.452609
11.435411,0.452609
11.435821,0.452608
11.436231,0.452608
11.436641,0.452608
11.437051,0.452608
11.437461,0.452608
11.437871,0.452608
11.438281,0.452608
11.438691,0.452608
11.439101,0.452608
11.439511,0.452608
11.439921,0.452608
11.440331,0.452608
11.440741,0.452608
11.441151,0.452608
11.441561,0.452608
11.441971,0.452608
11.442381,0.452608
11.442791,0.452608
11.443201,0.452608
11.443611,0.452608
11.444021,0.452608
11.444431,0.452608
11.444841,0.452608
11.445252,0.452607
11.445662,0.452607
11.446072,0.452607
11.446482,0.452607
11.446892,0.452607
11.447302,0.452607
11.447712,0.452607
11.448122,0.452607
11.448532,0.452607
11.448942,0.452607
11.449352,0.452607
11.449762,0.452607
11.450172,0.452607
11.450582,0.452607
11.450992,0.452607
11.451402,0.452607
11.451812,0.452607
11.452222,0.452607
11.452632,0.452607
11.453042,0.452606
11.453452,0.452606
11.453862,0.452606
11.454272,0.452606
11.454682,0.452606
11.455092,0.452606
11.455502,0.452606
11.455912,0.452606
11.456322,0.452606
11.456732,0.452606
11.457142,0.452606
11.457552,0.452606
11.457962,0.452606
11.458372,0.452606
11.458782,0.452606
11.459192,0.452606
11.459602,0.452606
11.460012,0.452606
11.460422,0.452606
11.460832,0.452606
11.461242,0.452606
11.461652,0.452606
11.462062,0.452606
11.462472,0.452606
11.462882,0.452605
11.463292,0.452605
11.463702,0.452605
11.464112,0.452605
11.464522,0.452605
11.464932,0.452605
11.465342,0.452605
11.465752,0.452605
11.466162,0.452605
11.466572,0.452605
11.466982,0.452605
11.467392,0.452605
11.467802,0.452605
11.468212,0.452605
11.468622,0.452605
11.469032,0.452605
11.469442,0.452605
11.469852,0.452605
11.470262,0.452605
11.470672,0.452605
11.471082,0.452605
11.471492,0.452605
11.471902,0.452605
11.472312,0.452605
11.472722,0.452605
11.473132,0.452605
11.473542,0.452605
11.473952,0.452605
11.474362,0.452605
11.474772,0.452605
11.475183,0.452605
11.475593,0.452604
11.476003,0.452604
11.476413,0.452604
11.476823,0.452604
11.477233,0.452604
11.477643,0.452604
11.478053,0.452604
11.478463,0.452604
11.478873,0.452604
11.479283,0.452604
11.479693,0.452604
11.480103,0.452604
11.480513,0.452604
11.480923,0.452604
11.481333,0.452604
11.481743,0.452604
11.482153,0.452604
11.482563,0.452604
11.482973,0.452604
11.483383,0.452604
11.483793,0.452604
11.484203,0.452604
11.484613,0.452603
11.485023,0.452603
11.485433,0.452603
11.485843,0.452603
11.486253,0.452603
11.486663,0.452603
11.487073,0.452603
11.487483,0.452603
11.487893,0.452603
11.488303,0.452603
11.488713,0.452603
11.489123,0.452603
11.489533,0.452603
11.489943,0.452603
11.490353,0.452603
11.490763,0.452603
11.491173,0.452603
11.491583,0.452603
11.491993,0.452603
11.492403,0.452603
11.492813,0.452603
11.493223,0.452603
11.493633,0.452602
11.494043,0.452602
11.494453,0.452602
11.494863,0.452602
11.495273,0.452602
11.495683,0.452602
11.496093,0.452602
11.496503,0.452602
11.496913,0.452602
11.497323,0.452602
11.497733,0.452602
11.498143,0.452602
11.498553,0.452602
11.498963,0.452602
11.499373,0.452602
11.499783,0.452602
11.500193,0.452602
11.500603,0.452602
11.501013,0.452602
11.501423,0.452602
11.501833,0.452602
11.502243,0.452602
11.502653,0.452601
11.503063,0.452601
11.503473,0.452601
11.503883,0.452602
11.504293,0.452601
11.504703,0.452601
11.505114,0.452601
11.505524,0.452601
11.505934,0.452601
11.506344,0.452601
11.506754,0.452601
11.507164,0.452601
11.507574,0.452601
11.507984,0.452601
11.508394,0.452601
11.508804,0.452601
11.509214,0.452601
11.509624,0.452601
11.510034,0.452601
11.510444,0.452601
11.510854,0.452601
11.511264,0.452601
11.511674,0.452601
11.512084,0.452600
11.512494,0.452600
11.512904,0.452601
11.513314,0.452600
11.513724,0.452600
11.514134,0.452600
11.514544,0.452600
11.514954,0.452600
11.515364,0.452600
11.515774,0.452600
11.516184,0.452600
11.516594,0.452600
11.517004,0.452600
11.517414,0.452600
11.517824,0.452600
11.518234,0.452600
11.518644,0.452600
11.519054,0.452600
11.519464,0.452600
11.519874,0.452600
11.520284,0.452600
11.520694,0.452600
11.521104,0.452600
11.521514,0.452600
11.521924,0.452600
11.522334,0.452600
11.522744,0.452600
11.523154,0.452600
11.523564,0.452599
11.523974,0.452599
11.524384,0.452599
11.524794,0.452599
11.525204,0.452599
11.525614,0.452599
11.526024,0.452599
11.526434,0.452599
11.526844,0.452599
11.527254,0.452599
11.527664,0.452599
11.528074,0.452599
11.528484,0.452599
11.528894,0.452599
11.529304,0.452599
11.529714,0.452599
11.530124,0.452599
11.530534,0.452599
11.530944,0.452599
11.531354,0.452599
11.531764,0.452599
11.532174,0.452599
11.532584,0.452599
11.532994,0.452599
11.533404,0.452599
11.533814,0.452599
11.534224,0.452599
11.534634,0.452599
11.535045,0.452598
11.535455,0.452598
11.535865,0.452598
11.536275,0.452598
11.536685,0.452598
11.537095,0.452598
11.537505,0.452598
11.537915,0.452598
11.538325,0.452598
11.538735,0.452598
11.539145,0.452598
11.539555,0.452598
11.539965,0.452598
11.540375,0.452598
11.540785,0.452598
11.541195,0.452598
11.541605,0.452598
11.542015,0.452598
11.542425,0.452598
11.542835,0.452598
11.543245,0.452598
11.543655,0.452598
11.544065,0.452598
11.544475,0.452598
11.544885,0.452598
11.545295,0.452597
11.545705,0.452597
11.546115,0.452597
11.546525,0.452597
11.546935,0.452597
11.547345,0.452597
11.547755,0.452597
11.548165,0.452597
11.548575,0.452597
11.548985,0.452597
11.549395,0.452597
11.549805,0.452597
11.550215,0.452597
11.550625,0.452597
11.551035,0.452597
11.551445,0.452597
11.551855,0.452597
11.552265,0.452597
11.552675,0.452597
11.553085,0.452597
11.553495,0.452597
11.553905,0.452597
11.554315,0.452597
11.554725,0.452597
11.555135,0.452597
11.555545,0.452597
11.555955,0.452597
11.556365,0.452597
11.556775,0.452596
11.557185,0.452596
11.557595,0.452596
11.558005,0.452596
11.558415,0.452596
11.558825,0.452596
11.559235,0.452596
11.559645,0.452596
11.560055,0.452596
11.560465,0.452596
11.560875,0.452596
11.561285,0.452596
11.561695,0.452596
11.562105,0.452596
11.562515,0.452596
11.562925,0.452596
11.563335,0.452596
11.563745,0.452596
11.564155,0.452596
11.564565,0.452596
11.564975,0.452596
11.565386,0.452596
11.565796,0.452596
11.566206,0.452596
11.566616,0.452596
11.567026,0.452595
11.567436,0.452595
11.567846,0.452595
11.568256,0.452595
11.568666,0.452595
11.569076,0.452595
11.569486,0.452595
11.569896,0.452595
11.570306,0.452595
11.570716,0.452595
11.571126,0.452595
11.571536,0.452595
11.571946,0.452595
11.572356,0.452595
11.572766,0.452595
11.573176,0.452595
11.573586,0.452595
11.573996,0.452595
11.574406,0.452595
11.574816,0.452595
11.575226,0.452595
11.575636,0.452595
11.576046,0.452595
11.576456,0.452595
11.576866,0.452595
11.577276,0.452595
11.577686,0.452595
11.578096,0.452595
11.578506,0.452595
11.578916,0.452594
11.579326,0.452594
11.579736,0.452594
11.580146,0.452594
11.580556,0.452594
11.580966,0.452594
11.581376,0.452594
11.581786,0.452594
11.582196,0.452594
11.582606,0.452594
11.583016,0.452594
11.583426,0.452594
11.583836,0.452594
11.584246,0.452594
11.584656,0.452594
11.585066,0.452594
11.585476,0.452594
11.585886,0.452594
11.586296,0.452594
11.586706,0.452594
11.587116,0.452594
11.587526,0.452594
11.587936,0.452594
11.588346,0.452594
11.588756,0.452594
11.589166,0.452594
11.589576,0.452593
11.589986,0.452593
11.590396,0.452593
11.590806,0.452593
11.591216,0.452593
11.591626,0.452593
11.592036,0.452593
11.592446,0.452593
11.592856,0.452593
11.593266,0.452593
11.593676,0.452593
11.594086,0.452593
11.594496,0.452593
11.594906,0.452593
11.595317,0.452593
11.595727,0.452593
11.596137,0.452593
11.596547,0.452593
11.596957,0.452593
11.597367,0.452593
11.597777,0.452593
11.598187,0.452593
11.598597,0.452593
11.599007,0.452593
11.599417,0.452593
11.599827,0.452593
11.600237,0.452592
11.600647,0.452593
11.601057,0.452592
11.601467,0.452592
11.601877,0.452592
11.602287,0.452592
11.602697,0.452592
11.603107,0.452592
11.603517,0.452592
11.603927,0.452592
11.604337,0.452592
11.604747,0.452592
11.605157,0.452592
11.605567,0.452592
11.605977,0.452592
11.606387,0.452592
11.606797,0.452592
11.607207,0.452592
11.607617,0.452592
11.608027,0.452592
11.608437,0.452592
11.608847,0.452592
11.609257,0.452592
11.609667,0.452592
11.610077,0.452592
11.610487,0.452592
11.610897,0.452592
11.611307,0.452592
11.611717,0.452592
11.612127,0.452592
11.612537,0.452592
11.612947,0.452592
11.613357,0.452592
11.613767,0.452591
11.614177,0.452591
11.614587,0.452591
11.614997,0.452591
11.615407,0.452591
11.615817,0.452591
11.616227,0.452591
11.616637,0.452591
11.617047,0.452591
11.617457,0.452591
11.617867,0.452591
11.618277,0.452591
11.618687,0.452591
11.619097,0.452591
11.619507,0.452591
11.619917,0.452591
11.620327,0.452591
11.620737,0.452591
11.621147,0.452591
11.621557,0.452591
11.621967,0.452591
11.622377,0.452591
11.622787,0.452591
11.623197,0.452591
11.623607,0.452590
11.624017,0.452590
11.624427,0.452590
11.624837,0.452590
11.625248,0.452590
11.625658,0.452590
11.626068,0.452590
11.626478,0.452590
11.626888,0.452590
11.627298,0.452590
11.627708,0.452590
11.628118,0.452590
11.628528,0.452590
11.628938,0.452590
11.629348,0.452590
11.629758,0.452590
11.630168,0.452590
11.630578,0.452590
11.630988,0.452590
11.631398,0.452590
11.631808,0.452590
11.632218,0.452590
11.632628,0.452590
11.633038,0.452590
11.633448,0.452590
11.633858,0.452590
11.634268,0.452590
11.634678,0.452590
11.635088,0.452590
11.635498,0.452590
11.635908,0.452590
11.636318,0.452590
11.636728,0.452590
11.637138,0.452589
11.637548,0.452589
11.637958,0.452589
11.638368,0.452589
11.638778,0.452589
11.639188,0.452589
11.639598,0.452589
11.640008,0.452589
11.640418,0.452589
11.640828,0.452589
11.641238,0.452589
11.641648,0.452589
11.642058,0.452589
11.642468,0.452589
11.642878,0.452589
11.643288,0.452589
11.643698,0.452589
11.644108,0.452589
11.644518,0.452589
11.644928,0.452589
11.645338,0.452589
11.645748,0.452589
11.646158,0.452589
11.646568,0.452589
11.646978,0.452589
11.647388,0.452589
11.647798,0.452588
11.648208,0.452588
11.648618,0.452588
11.649028,0.452588
11.649438,0.452588
11.649848,0.452588
11.650258,0.452588
11.650668,0.452588
11.651078,0.452588
11.651488,0.452588
11.651898,0.452588
11.652308,0.452588
11.652718,0.452588
11.653128,0.452588
11.653538,0.452588
11.653948,0.452588
11.654358,0.452588
11.654768,0.452588
11.655179,0.452588
11.655589,0.452588
11.655999,0.452588
11.656409,0.452588
11.656819,0.452588
11.657229,0.452588
11.657639,0.452588
11.658049,0.452588
11.658459,0.452588
11.658869,0.452588
11.659279,0.452588
11.659689,0.452588
11.660099,0.452588
11.660509,0.452588
11.660919,0.452588
11.661329,0.452588
11.661739,0.452587
11.662149,0.452587
11.662559,0.452587
11.662969,0.452587
11.663379,0.452587
11.663789,0.452587
11.664199,0.452587
11.664609,0.452587
11.665019,0.452587
11.665429,0.452587
11.665839,0.452587
11.666249,0.452587
11.666659,0.452587
11.667069,0.452587
11.667479,0.452587
11.667889,0.452587
11.668299,0.452587
11.668709,0.452587
11.669119,0.452587
11.669529,0.452587
11.669939,0.452587
11.670349,0.452587
11.670759,0.452587
11.671169,0.452587
11.671579,0.452586
11.671989,0.452586
11.672399,0.452586
11.672809,0.452586
11.673219,0.452586
11.673629,0.452586
11.674039,0.452586
11.674449,0.452586
11.674859,0.452586
11.675269,0.452586
11.675679,0.452586
11.676089,0.452586
11.676499,0.452586
11.676909,0.452586
11.677319,0.452586
11.677729,0.452586
11.678139,0.452586
11.678549,0.452586
11.678959,0.452586
11.679369,0.452586
11.679779,0.452586
11.680189,0.452586
11.680599,0.452586
11.681009,0.452586
11.681419,0.452586
11.681829,0.452586
11.682239,0.452586
11.682649,0.452586
11.683059,0.452586
11.683469,0.452586
11.683879,0.452586
11.684289,0.452586
11.684699,0.452586
11.685110,0.452585
11.685520,0.452585
11.685930,0.452585
11.686340,0.452586
11.686750,0.452585
11.687160,0.452585
11.687570,0.452585
11.687980,0.452585
11.688390,0.452585
11.688800,0.452585
11.689210,0.452585
11.689620,0.452585
11.690030,0.452585
11.690440,0.452585
11.690850,0.452585
11.691260,0.452585
11.691670,0.452585
11.692080,0.452585
11.692490,0.452585
11.692900,0.452585
11.693310,0.452585
11.693720,0.452585
11.694130,0.452585
11.694540,0.452585
11.694950,0.452585
11.695360,0.452585
11.695770,0.452585
11.696180,0.452585
11.696590,0.452585
11.697000,0.452585
11.697410,0.452585
11.697820,0.452585
11.698230,0.452585
11.698640,0.452585
11.699050,0.452585
11.699460,0.452584
11.699870,0.452584
11.700280,0.452584
11.700690,0.452584
11.701100,0.452584
11.701510,0.452584
11.701920,0.452584
11.702330,0.452584
11.702740,0.452584
11.703150,0.452584
11.703560,0.452584
11.703970,0.452584
11.704380,0.452584
11.704790,0.452584
11.705200,0.452584
11.705610,0.452584
11.706020,0.452584
11.706430,0.452584
11.706840,0.452584
11.707250,0.452584
11.707660,0.452584
11.708070,0.452584
11.708480,0.452584
11.708890,0.452584
11.709300,0.452584
11.709710,0.452584
11.710120,0.452584
11.710530,0.452584
11.710940,0.452583
11.711350,0.452583
11.711760,0.452583
11.712170,0.452583
11.712580,0.452583
11.712990,0.452583
11.713400,0.452583
11.713810,0.452583
11.714220,0.452583
11.714630,0.452583
11.715041,0.452583
11.715451,0.452583
11.715861,0.452583
11.716271,0.452583
11.716681,0.452583
11.717091,0.452583
11.717501,0.452583
11.717911,0.452583
11.718321,0.452583
11.718731,0.452583
11.719141,0.452583
11.719551,0.452583
11.719961,0.452583
11.720371,0.452583
11.720781,0.452583
11.721191,0.452583
11.721601,0.452583
11.722011,0.452583
11.722421,0.452583
11.722831,0.452583
11.723241,0.452582
11.723651,0.452582
11.724061,0.452582
11.724471,0.452582
11.724881,0.452582
11.725291,0.452582
11.725701,0.452582
11.726111,0.452582
11.726521,0.452582
11.726931,0.452582
11.727341,0.452582
11.727751,0.452582
11.728161,0.452582
11.728571,0.452582
11.728981,0.452582
11.729391,0.452582
11.729801,0.452582
11.730211,0.452582
11.730621,0.452582
11.731031,0.452582
11.731441,0.452582
11.731851,0.452582
11.732261,0.452582
11.732671,0.452582
11.733081,0.452582
11.733491,0.452582
11.733901,0.452582
11.734311,0.452582
11.734721,0.452582
11.735131,0.452582
11.735541,0.452582
11.735951,0.452582
11.736361,0.452582
11.736771,0.452582
11.737181,0.452582
11.737591,0.452582
11.738001,0.452581
11.738411,0.452581
11.738821,0.452581
11.739231,0.452581
11.739641,0.452581
11.740051,0.452581
11.740461,0.452581
11.740871,0.452581
11.741281,0.452581
11.741691,0.452581
11.742101,0.452581
11.742511,0.452581
11.742921,0.452581
11.743331,0.452581
11.743741,0.452581
11.744151,0.452581
11.744561,0.452581
11.744971,0.452581
11.745382,0.452581
11.745792,0.452581
11.746202,0.452581
11.746612,0.452581
11.747022,0.452581
11.747432,0.452581
11.747842,0.452581
11.748252,0.452581
11.748662,0.452581
11.749072,0.452581
11.749482,0.452581
11.749892,0.452581
11.750302,0.452581
11.750712,0.452581
11.751122,0.452580
11.751532,0.452581
11.751942,0.452581
11.752352,0.452580
11.752762,0.452580
11.753172,0.452580
11.753582,0.452580
11.753992,0.452580
11.754402,0.452580
11.754812,0.452580
11.755222,0.452580
11.755632,0.452580
11.756042,0.452580
11.756452,0.452580
11.756862,0.452580
11.757272,0.452580
11.757682,0.452580
11.758092,0.452580
11.758502,0.452580
11.758912,0.452580
11.759322,0.452580
11.759732,0.452580
11.760142,0.452580
11.760552,0.452580
11.760962,0.452580
11.761372,0.452580
11.761782,0.452580
11.762192,0.452580
11.762602,0.452580
11.763012,0.452580
11.763422,0.452580
11.763832,0.452580
11.764242,0.452579
11.764652,0.452579
11.765062,0.452579
11.765472,0.452579
11.765882,0.452579
11.766292,0.452579
11.766702,0.452579
11.767112,0.452579
11.767522,0.452579
11.767932,0.452579
11.768342,0.452579
11.768752,0.452579
11.769162,0.452579
11.769572,0.452579
11.769982,0.452579
11.770392,0.452579
11.770802,0.452579
11.771212,0.452579
11.771622,0.452579
11.772032,0.452579
11.772442,0.452579
11.772852,0.452579
11.773262,0.452579
11.773672,0.452579
11.774082,0.452579
11.774492,0.452579
11.774902,0.452579
11.775313,0.452579
11.775723,0.452579
11.776133,0.452579
11.776543,0.452579
11.776953,0.452578
11.777363,0.452579
11.777773,0.452579
11.778183,0.452579
11.778593,0.452579
11.779003,0.452578
11.779413,0.452578
11.779823,0.452578
11.780233,0.452578
11.780643,0.452578
11.781053,0.452578
11.781463,0.452578
11.781873,0.452578
11.782283,0.452578
11.782693,0.452578
11.783103,0.452578
11.783513,0.452578
11.783923,0.452578
11.784333,0.452578
11.784743,0.452578
11.785153,0.452578
11.785563,0.452578
11.785973,0.452578
11.786383,0.452578
11.786793,0.452578
11.787203,0.452578
11.787613,0.452578
11.788023,0.452578
11.788433,0.452578
11.788843,0.452578
11.789253,0.452578
11.789663,0.452578
11.790073,0.452578
11.790483,0.452578
11.790893,0.452578
11.791303,0.452578
11.791713,0.452578
11.792123,0.452577
11.792533,0.452577
11.792943,0.452577
11.793353,0.452577
11.793763,0.452578
11.794173,0.452577
11.794583,0.452577
11.794993,0.452577
11.795403,0.452577
11.795813,0.452577
11.796223,0.452577
11.796633,0.452577
11.797043,0.452577
11.797453,0.452577
11.797863,0.452577
11.798273,0.452577
11.798683,0.452577
11.799093,0.452577
11.799503,0.452577
11.799913,0.452577
11.800323,0.452577
11.800733,0.452577
11.801143,0.452577
11.801553,0.452577
11.801963,0.452577
11.802373,0.452577
11.802783,0.452577
11.803193,0.452577
11.803603,0.452577
11.804013,0.452577
11.804423,0.452577
11.804833,0.452577
11.805244,0.452577
11.805654,0.452577
11.806064,0.452577
11.806474,0.452577
11.806884,0.452577
11.807294,0.452577
11.807704,0.452576
11.808114,0.452576
11.808524,0.452576
11.808934,0.452576
11.809344,0.452576
11.809754,0.452576
11.810164,0.452576
11.810574,0.452576
11.810984,0.452576
11.811394,0.452576
11.811804,0.452576
11.812214,0.452576
11.812624,0.452576
11.813034,0.452576
11.813444,0.452576
11.813854,0.452576
11.814264,0.452576
11.814674,0.452576
11.815084,0.452576
11.815494,0.452576
11.815904,0.452576
11.816314,0.452576
11.816724,0.452576
11.817134,0.452576
11.817544,0.452576
11.817954,0.452576
11.818364,0.452576
11.818774,0.452576
11.819184,0.452576
11.819594,0.452576
11.820004,0.452576
11.820414,0.452576
11.820824,0.452576
11.821234,0.452575
11.821644,0.452575
11.822054,0.452575
11.822464,0.452575
11.822874,0.452575
11.823284,0.452575
11.823694,0.452575
11.824104,0.452575
11.824514,0.452575
11.824924,0.452575
11.825334,0.452575
11.825744,0.452575
11.826154,0.452575
11.826564,0.452575
11.826974,0.452575
11.827384,0.452575
11.827794,0.452575
11.828204,0.452575
11.828614,0.452575
11.829024,0.452575
11.829434,0.452575
11.829844,0.452575
11.830254,0.452575
11.830664,0.452575
11.831074,0.452575
11.831484,0.452575
11.831894,0.452575
11.832304,0.452575
11.832714,0.452575
11.833124,0.452575
11.833534,0.452575
11.833944,0.452575
11.834354,0.452575
11.834764,0.452575
11.835175,0.452575
11.835585,0.452575
11.835995,0.452574
11.836405,0.452574
11.836815,0.452574
11.837225,0.452574
11.837635,0.452574
11.838045,0.452574
11.838455,0.452574
11.838865,0.452574
11.839275,0.452574
11.839685,0.452574
11.840095,0.452574
11.840505,0.452574
11.840915,0.452574
11.841325,0.452574
11.841735,0.452574
11.842145,0.452574
11.842555,0.452574
11.842965,0.452574
11.843375,0.452574
11.843785,0.452574
11.844195,0.452574
11.844605,0.452574
11.845015,0.452574
11.845425,0.452574
11.845835,0.452574
11.846245,0.452574
11.846655,0.452574
11.847065,0.452574
11.847475,0.452574
11.847885,0.452574
11.848295,0.452574
11.848705,0.452574
11.849115,0.452574
11.849525,0.452574
11.849935,0.452574
11.850345,0.452574
11.850755,0.452574
11.851165,0.452574
11.851575,0.452574
11.851985,0.452573
11.852395,0.452573
11.852805,0.452573
11.853215,0.452573
11.853625,0.452573
11.854035,0.452573
11.854445,0.452573
11.854855,0.452573
11.855265,0.452573
11.855675,0.452573
11.856085,0.452573
11.856495,0.452573
11.856905,0.452573
11.857315,0.452573
11.857725,0.452573
11.858135,0.452573
11.858545,0.452573
11.858955,0.452573
11.859365,0.452573
11.859775,0.452573
11.860185,0.452573
11.860595,0.452573
11.861005,0.452573
11.861415,0.452573
11.861825,0.452573
11.862235,0.452573
11.862645,0.452573
11.863055,0.452573
11.863465,0.452573
11.863875,0.452573
11.864285,0.452573
11.864695,0.452573
11.865106,0.452573
11.865516,0.452573
11.865926,0.452573
11.866336,0.452572
11.866746,0.452572
11.867156,0.452572
11.867566,0.452572
11.867976,0.452572
11.868386,0.452572
11.868796,0.452572
11.869206,0.452572
11.869616,0.452572
11.870026,0.452572
11.870436,0.452572
11.870846,0.452572
11.871256,0.452572
11.871666,0.452572
11.872076,0.452572
11.872486,0.452572
11.872896,0.452572
11.873306,0.452572
11.873716,0.452572
11.874126,0.452572
11.874536,0.452572
11.874946,0.452572
11.875356,0.452572
11.875766,0.452572
11.876176,0.452572
11.876586,0.452572
11.876996,0.452572
11.877406,0.452572
11.877816,0.452572
11.878226,0.452572
11.878636,0.452572
11.879046,0.452572
11.879456,0.452572
11.879866,0.452572
11.880276,0.452572
11.880686,0.452572
11.881096,0.452572
11.881506,0.452572
11.881916,0.452572
11.882326,0.452572
11.882736,0.452571
11.883146,0.452571
11.883556,0.452571
11.883966,0.452571
11.884376,0.452571
11.884786,0.452571
11.885196,0.452571
11.885606,0.452571
11.886016,0.452571
11.886426,0.452571
11.886836,0.452571
11.887246,0.452571
11.887656,0.452571
11.888066,0.452571
11.888476,0.452571
11.888886,0.452571
11.889296,0.452571
11.889706,0.452571
11.890116,0.452571
11.890526,0.452571
11.890936,0.452571
11.891346,0.452571
11.891756,0.452571
11.892166,0.452571
11.892576,0.452571
11.892986,0.452571
11.893396,0.452571
11.893806,0.452571
11.894216,0.452571
11.894626,0.452571
11.895037,0.452571
11.895447,0.452571
11.895857,0.452571
11.896267,0.452570
11.896677,0.452570
11.897087,0.452571
11.897497,0.452570
11.897907,0.452570
11.898317,0.452570
11.898727,0.452570
11.899137,0.452570
11.899547,0.452570
11.899957,0.452570
11.900367,0.452570
11.900777,0.452570
11.901187,0.452570
11.901597,0.452570
11.902007,0.452570
11.902417,0.452570
11.902827,0.452570
11.903237,0.452570
11.903647,0.452570
11.904057,0.452570
11.904467,0.452570
11.904877,0.452570
11.905287,0.452570
11.905697,0.452570
11.906107,0.452570
11.906517,0.452570
11.906927,0.452570
11.907337,0.452570
11.907747,0.452570
11.908157,0.452570
11.908567,0.452570
11.908977,0.452570
11.909387,0.452570
11.909797,0.452570
11.910207,0.452570
11.910617,0.452570
11.911027,0.452570
11.911437,0.452569
11.911847,0.452569
11.912257,0.452569
11.912667,0.452569
11.913077,0.452569
11.913487,0.452569
11.913897,0.452569
11.914307,0.452569
11.914717,0.452569
11.915127,0.452569
11.915537,0.452569
11.915947,0.452569
11.916357,0.452569
11.916767,0.452569
11.917177,0.452569
11.917587,0.452569
11.917997,0.452569
11.918407,0.452569
11.918817,0.452569
11.919227,0.452569
11.919637,0.452569
11.920047,0.452569
11.920457,0.452569
11.920867,0.452569
11.921277,0.452569
11.921687,0.452569
11.922097,0.452569
11.922507,0.452569
11.922917,0.452569
11.923327,0.452569
11.923737,0.452569
11.924147,0.452569
11.924557,0.452569
11.924967,0.452569
11.925378,0.452569
11.925788,0.452569
11.926198,0.452569
11.926608,0.452569
11.927018,0.452569
11.927428,0.452569
11.927838,0.452569
11.928248,0.452569
11.928658,0.452569
11.929068,0.452569
11.929478,0.452569
11.929888,0.452569
11.930298,0.452569
11.930708,0.452569
11.931118,0.452569
11.931528,0.452569
11.931938,0.452568
11.932348,0.452568
11.932758,0.452568
11.933168,0.452568
11.933578,0.452568
11.933988,0.452568
11.934398,0.452568
11.934808,0.452569
11.935218,0.452568
11.935628,0.452568
11.936038,0.452568
11.936448,0.452568
11.936858,0.452568
11.937268,0.452568
11.937678,0.452568
11.938088,0.452568
11.938498,0.452568
11.938908,0.452568
11.939318,0.452568
11.939728,0.452568
11.940138,0.452568
11.940548,0.452568
11.940958,0.452568
11.941368,0.452568
11.941778,0.452568
11.942188,0.452568
11.942598,0.452568
11.943008,0.452568
11.943418,0.452568
11.943828,0.452568
11.944238,0.452568
11.944648,0.452568
11.945058,0.452568
11.945468,0.452568
11.945878,0.452568
11.946288,0.452568
11.946698,0.452568
11.947108,0.452568
11.947518,0.452568
11.947928,0.452568
11.948338,0.452568
11.948748,0.452568
11.949158,0.452568
11.949568,0.452568
11.949978,0.452568
11.950388,0.452568
11.950798,0.452568
11.951208,0.452568
11.951618,0.452568
11.952028,0.452568
11.952438,0.452567
11.952848,0.452567
11.953258,0.452567
11.953668,0.452567
11.954078,0.452567
11.954488,0.452567
11.954898,0.452567
11.955309,0.452567
11.955719,0.452567
11.956129,0.452567
11.956539,0.452567
11.956949,0.452567
11.957359,0.452567
11.957769,0.452567
11.958179,0.452567
11.958589,0.452567
11.958999,0.452567
11.959409,0.452567
11.959819,0.452567
11.960229,0.452567
11.960639,0.452567
11.961049,0.452567
11.961459,0.452567
11.961869,0.452567
11.962279,0.452567
11.962689,0.452567
11.963099,0.452567
11.963509,0.452567
11.963919,0.452566
11.964329,0.452567
11.964739,0.452567
11.965149,0.452567
11.965559,0.452566
11.965969,0.452567
11.966379,0.452566
11.966789,0.452566
11.967199,0.452566
11.967609,0.452566
11.968019,0.452566
11.968429,0.452566
11.968839,0.452566
11.969249,0.452566
11.969659,0.452566
11.970069,0.452566
11.970479,0.452566
11.970889,0.452566
11.971299,0.452566
11.971709,0.452566
11.972119,0.452566
11.972529,0.452566
11.972939,0.452566
11.973349,0.452566
11.973759,0.452566
11.974169,0.452566
11.974579,0.452566
11.974989,0.452566
11.975399,0.452566
11.975809,0.452566
11.976219,0.452566
11.976629,0.452566
11.977039,0.452566
11.977449,0.452566
11.977859,0.452566
11.978269,0.452566
11.978679,0.452566
11.979089,0.452566
11.979499,0.452566
11.979909,0.452566
11.980319,0.452566
11.980729,0.452566
11.981139,0.452566
11.981549,0.452566
11.981959,0.452566
11.982369,0.452566
11.982779,0.452566
11.983189,0.452565
11.983599,0.452565
11.984009,0.452565
11.984419,0.452565
11.984829,0.452565
11.985240,0.452565
11.985650,0.452565
11.986060,0.452565
11.986470,0.452565
11.986880,0.452565
11.987290,0.452565
11.987700,0.452565
11.988110,0.452565
11.988520,0.452565
11.988930,0.452565
11.989340,0.452565
11.989750,0.452565
11.990160,0.452565
11.990570,0.452565
11.990980,0.452565
11.991390,0.452565
11.991800,0.452565
11.992210,0.452565
11.992620,0.452565
11.993030,0.452565
11.993440,0.452565
11.993850,0.452565
11.994260,0.452565
11.994670,0.452565
11.995080,0.452565
11.995490,0.452565
11.995900,0.452565
11.996310,0.452565
11.996720,0.452565
11.997130,0.452565
11.997540,0.452565
11.997950,0.452565
11.998360,0.452565
11.998770,0.452565
11.999180,0.452565
11.999590,0.452565
12.000000,0.452565
